1 0.724 0.818 0.037 0.060 1
2 0.769 0.517 0.046 0.073 2
3 0.923 0.197 0.032 0.052 3
4 0.353 0.523 0.041 0.065 4
5 0.190 0.732 0.044 0.070 5
6 0.735 0.068 0.046 0.073 6
7 0.274 0.522 0.040 0.063 7
8 0.342 0.223 0.034 0.055 8
9 0.000 0.735 0.046 0.073 9
10 0.374 0.338 0.047 0.075 10
11 0.270 0.098 0.036 0.058 11
12 0.689 0.208 0.042 0.067 12
13 0.540 0.687 0.045 0.072 13
14 0.276 0.647 0.041 0.065 14
15 0.878 0.833 0.044 0.070 15
16 0.271 0.710 0.048 0.077 16
17 0.745 0.942 0.044 0.070 17
18 0.924 0.595 0.041 0.065 18
19 0.549 0.887 0.040 0.063 19
20 0.464 0.560 0.037 0.060 20
21 0.857 0.663 0.042 0.067 21
22 0.132 0.805 0.045 0.072 22
23 0.698 0.675 0.044 0.070 23
24 0.632 0.320 0.040 0.063 24
25 0.952 0.418 0.036 0.058 25
26 0.116 0.232 0.036 0.058 26
27 0.577 0.027 0.048 0.077 27
28 0.456 0.610 0.037 0.060 28
29 0.606 0.305 0.043 0.068 29
30 0.653 0.730 0.043 0.068 30
31 0.798 0.268 0.042 0.067 31
32 0.378 0.298 0.036 0.058 32
33 0.257 0.687 0.048 0.077 33
34 0.607 0.655 0.041 0.065 34
35 0.833 0.447 0.042 0.067 35
36 0.905 0.780 0.043 0.068 36
37 0.585 0.608 0.042 0.067 37
38 0.677 0.318 0.041 0.065 38
39 0.008 0.092 0.045 0.072 39
40 0.829 0.000 0.037 0.060 40
43 0.693 0.000 0.044 0.070 43
