1 0.726 0.818 0.037 0.060 1
2 0.770 0.520 0.046 0.073 2
3 0.924 0.192 0.035 0.057 3
4 0.351 0.518 0.044 0.070 4
5 0.189 0.732 0.043 0.068 5
6 0.735 0.067 0.048 0.077 6
7 0.270 0.518 0.036 0.058 7
8 0.346 0.218 0.035 0.057 8
9 0.000 0.733 0.048 0.077 9
10 0.375 0.338 0.042 0.067 10
11 0.271 0.090 0.036 0.058 11
12 0.692 0.212 0.044 0.070 12
13 0.542 0.688 0.045 0.072 13
14 0.280 0.642 0.042 0.067 14
15 0.876 0.832 0.044 0.070 15
16 0.273 0.710 0.048 0.077 16
17 0.744 0.938 0.044 0.070 17
18 0.925 0.593 0.037 0.060 18
19 0.553 0.885 0.042 0.067 19
20 0.463 0.562 0.042 0.067 20
21 0.856 0.663 0.041 0.065 21
22 0.132 0.808 0.041 0.065 22
23 0.699 0.673 0.042 0.067 23
24 0.635 0.313 0.037 0.060 24
25 0.948 0.417 0.037 0.060 25
26 0.118 0.235 0.044 0.070 26
27 0.580 0.027 0.043 0.068 27
28 0.460 0.608 0.037 0.060 28
29 0.608 0.303 0.044 0.070 29
30 0.655 0.732 0.044 0.070 30
31 0.799 0.267 0.042 0.067 31
32 0.376 0.298 0.033 0.053 32
33 0.253 0.687 0.048 0.077 33
34 0.606 0.652 0.044 0.070 34
35 0.833 0.448 0.036 0.058 35
36 0.903 0.782 0.043 0.068 36
37 0.590 0.610 0.046 0.073 37
38 0.678 0.317 0.042 0.067 38
39 0.009 0.080 0.035 0.057 39
40 0.830 0.000 0.037 0.060 40
43 0.671 0.008 0.042 0.067 43
