1 0.329 0.657 0.046 0.073 1
2 0.993 0.295 0.048 0.077 2
5 0.901 0.257 0.044 0.070 5
6 0.524 0.008 0.048 0.077 6
7 0.760 0.278 0.048 0.077 7
8 0.103 0.808 0.044 0.070 8
11 0.585 0.562 0.036 0.058 11
12 0.766 0.400 0.037 0.060 12
13 0.564 0.368 0.042 0.067 13
14 0.633 0.723 0.040 0.063 14
17 0.445 0.752 0.040 0.063 17
18 0.669 0.310 0.048 0.077 18
19 0.617 0.355 0.042 0.067 19
20 0.735 0.605 0.046 0.073 20
21 0.543 0.365 0.040 0.063 21
23 0.321 0.773 0.035 0.057 23
24 0.411 0.697 0.040 0.063 24
25 0.497 0.663 0.046 0.073 25
26 0.580 0.882 0.035 0.057 26
27 0.726 0.250 0.041 0.065 27
28 0.765 0.790 0.034 0.055 28
29 0.596 0.233 0.048 0.077 29
30 0.958 0.995 0.046 0.073 30
32 0.627 0.237 0.033 0.053 32
34 0.010 0.365 0.036 0.058 34
