1 0.330 0.657 0.048 0.077 1
2 0.993 0.297 0.048 0.077 2
5 0.900 0.255 0.044 0.070 5
6 0.527 0.005 0.048 0.077 6
7 0.760 0.277 0.048 0.077 7
8 0.104 0.808 0.044 0.070 8
11 0.586 0.563 0.037 0.060 11
12 0.767 0.402 0.041 0.065 12
13 0.562 0.370 0.042 0.067 13
14 0.632 0.723 0.040 0.063 14
17 0.445 0.755 0.041 0.065 17
18 0.671 0.310 0.048 0.077 18
19 0.618 0.350 0.035 0.057 19
20 0.735 0.605 0.046 0.073 20
21 0.545 0.362 0.037 0.060 21
23 0.319 0.773 0.033 0.053 23
24 0.410 0.702 0.041 0.065 24
25 0.497 0.668 0.041 0.065 25
26 0.578 0.885 0.036 0.058 26
27 0.725 0.248 0.040 0.063 27
28 0.767 0.790 0.031 0.050 28
29 0.596 0.232 0.048 0.077 29
30 0.959 0.993 0.046 0.073 30
32 0.627 0.235 0.033 0.053 32
34 0.011 0.363 0.033 0.053 34
