1 0.330 0.655 0.048 0.077 1
2 0.993 0.293 0.048 0.077 2
5 0.900 0.255 0.044 0.070 5
6 0.528 0.008 0.048 0.077 6
7 0.760 0.278 0.048 0.077 7
8 0.102 0.808 0.048 0.077 8
11 0.584 0.562 0.035 0.057 11
12 0.767 0.402 0.040 0.063 12
13 0.562 0.370 0.043 0.068 13
14 0.632 0.723 0.036 0.058 14
17 0.445 0.752 0.040 0.063 17
18 0.670 0.310 0.047 0.075 18
19 0.618 0.355 0.042 0.067 19
20 0.740 0.605 0.040 0.063 20
21 0.544 0.362 0.037 0.060 21
23 0.320 0.772 0.032 0.052 23
24 0.409 0.700 0.042 0.067 24
25 0.499 0.663 0.044 0.070 25
26 0.579 0.883 0.034 0.055 26
27 0.725 0.248 0.037 0.060 27
28 0.766 0.790 0.036 0.058 28
29 0.597 0.230 0.047 0.075 29
30 0.963 0.987 0.035 0.057 30
32 0.627 0.237 0.034 0.055 32
34 0.008 0.362 0.048 0.077 34
