1 0.330 0.652 0.048 0.077 1
2 0.993 0.295 0.046 0.073 2
5 0.898 0.253 0.044 0.070 5
6 0.532 0.007 0.047 0.075 6
7 0.755 0.293 0.044 0.070 7
8 0.092 0.822 0.048 0.077 8
11 0.575 0.572 0.036 0.058 11
12 0.760 0.408 0.040 0.063 12
13 0.568 0.350 0.044 0.070 13
14 0.640 0.730 0.045 0.072 14
17 0.449 0.755 0.037 0.060 17
18 0.662 0.308 0.048 0.077 18
19 0.621 0.350 0.042 0.067 19
20 0.736 0.607 0.047 0.075 20
21 0.532 0.360 0.042 0.067 21
23 0.328 0.773 0.032 0.052 23
24 0.405 0.697 0.040 0.063 24
25 0.497 0.662 0.042 0.067 25
26 0.579 0.885 0.035 0.057 26
27 0.726 0.250 0.040 0.063 27
28 0.766 0.790 0.035 0.057 28
29 0.591 0.235 0.047 0.075 29
30 0.955 0.982 0.047 0.075 30
32 0.626 0.255 0.032 0.052 32
34 0.011 0.358 0.048 0.077 34
