1 0.294 0.990 0.037 0.060 1
2 0.776 0.745 0.047 0.075 2
3 0.322 0.458 0.047 0.075 3
4 0.294 0.490 0.044 0.070 4
5 0.739 0.050 0.044 0.070 5
7 0.886 1.000 0.048 0.077 7
8 0.674 0.288 0.048 0.077 8
9 0.493 0.823 0.042 0.067 9
11 0.414 0.595 0.045 0.072 11
13 0.519 0.768 0.048 0.077 13
14 0.369 0.155 0.047 0.075 14
15 0.823 0.807 0.048 0.077 15
16 0.320 0.908 0.036 0.058 16
17 0.755 0.747 0.048 0.077 17
18 0.608 0.190 0.041 0.065 18
20 0.647 0.733 0.048 0.077 20
21 0.390 0.873 0.048 0.077 21
22 0.417 0.907 0.048 0.077 22
23 0.550 0.172 0.045 0.072 23
24 0.676 0.868 0.033 0.053 24
25 0.371 0.313 0.048 0.077 25
28 0.403 0.812 0.036 0.058 28
29 0.902 0.395 0.047 0.075 29
30 0.491 0.630 0.048 0.077 30
31 0.684 0.970 0.043 0.068 31
33 0.741 0.855 0.048 0.077 33
34 0.571 0.242 0.040 0.063 34
36 0.701 0.815 0.048 0.077 36
37 0.068 0.928 0.040 0.063 37
38 0.877 0.957 0.048 0.077 38
39 0.722 0.293 0.045 0.072 39
40 0.894 0.250 0.035 0.057 40
41 0.233 0.702 0.048 0.077 41
42 0.915 0.962 0.048 0.077 42
43 0.953 0.982 0.044 0.070 43
44 0.889 0.382 0.035 0.057 44
