1 0.293 0.982 0.035 0.057 1
2 0.775 0.745 0.047 0.075 2
3 0.322 0.460 0.048 0.077 3
4 0.292 0.487 0.046 0.073 4
5 0.736 0.040 0.048 0.077 5
7 0.887 0.998 0.046 0.073 7
8 0.673 0.288 0.048 0.077 8
9 0.493 0.823 0.035 0.057 9
11 0.409 0.590 0.048 0.077 11
13 0.519 0.770 0.045 0.072 13
14 0.368 0.158 0.048 0.077 14
15 0.825 0.817 0.048 0.077 15
16 0.312 0.905 0.046 0.073 16
17 0.758 0.745 0.048 0.077 17
18 0.608 0.193 0.042 0.067 18
20 0.643 0.740 0.042 0.067 20
21 0.385 0.880 0.035 0.057 21
22 0.419 0.905 0.048 0.077 22
23 0.556 0.175 0.045 0.072 23
24 0.675 0.872 0.034 0.055 24
25 0.370 0.320 0.035 0.057 25
28 0.410 0.805 0.037 0.060 28
29 0.905 0.393 0.044 0.070 29
30 0.489 0.620 0.040 0.063 30
31 0.685 0.973 0.048 0.077 31
33 0.741 0.862 0.037 0.060 33
34 0.573 0.243 0.041 0.065 34
36 0.701 0.813 0.044 0.070 36
37 0.069 0.935 0.042 0.067 37
38 0.878 0.960 0.044 0.070 38
39 0.719 0.292 0.048 0.077 39
40 0.893 0.260 0.048 0.077 40
41 0.243 0.697 0.048 0.077 41
42 0.914 0.965 0.042 0.067 42
43 0.959 0.985 0.036 0.058 43
44 0.891 0.382 0.034 0.055 44
