1 0.300 1.000 0.041 0.065 1
2 0.777 0.743 0.048 0.077 2
3 0.318 0.460 0.042 0.067 3
4 0.295 0.490 0.046 0.073 4
5 0.738 0.045 0.036 0.058 5
7 0.885 1.000 0.048 0.077 7
8 0.665 0.292 0.048 0.077 8
9 0.483 0.832 0.048 0.077 9
11 0.418 0.608 0.047 0.075 11
13 0.518 0.763 0.046 0.073 13
14 0.370 0.155 0.048 0.077 14
15 0.833 0.805 0.048 0.077 15
16 0.322 0.915 0.035 0.057 16
17 0.751 0.747 0.046 0.073 17
18 0.607 0.195 0.048 0.077 18
20 0.636 0.737 0.044 0.070 20
21 0.384 0.875 0.044 0.070 21
22 0.416 0.898 0.048 0.077 22
23 0.549 0.165 0.046 0.073 23
24 0.674 0.868 0.035 0.057 24
25 0.372 0.318 0.040 0.063 25
28 0.391 0.812 0.043 0.068 28
29 0.904 0.402 0.041 0.065 29
30 0.498 0.625 0.046 0.073 30
31 0.681 0.975 0.048 0.077 31
33 0.749 0.848 0.037 0.060 33
34 0.570 0.237 0.048 0.077 34
36 0.701 0.807 0.042 0.067 36
37 0.071 0.915 0.048 0.077 37
38 0.879 0.957 0.048 0.077 38
39 0.723 0.295 0.048 0.077 39
40 0.896 0.238 0.048 0.077 40
41 0.239 0.698 0.043 0.068 41
42 0.914 0.972 0.041 0.065 42
43 0.950 0.990 0.041 0.065 43
44 0.897 0.378 0.048 0.077 44
