1 0.309 1.000 0.036 0.058 1
2 0.779 0.743 0.048 0.077 2
3 0.323 0.455 0.047 0.075 3
4 0.295 0.483 0.048 0.077 4
5 0.733 0.053 0.041 0.065 5
7 0.883 0.998 0.048 0.077 7
8 0.669 0.287 0.048 0.077 8
9 0.483 0.842 0.046 0.073 9
11 0.416 0.595 0.041 0.065 11
13 0.514 0.757 0.048 0.077 13
14 0.368 0.157 0.048 0.077 14
15 0.836 0.798 0.048 0.077 15
16 0.320 0.927 0.037 0.060 16
17 0.748 0.752 0.043 0.068 17
18 0.609 0.185 0.043 0.068 18
20 0.637 0.730 0.042 0.067 20
21 0.380 0.873 0.047 0.075 21
22 0.414 0.902 0.048 0.077 22
23 0.551 0.153 0.044 0.070 23
24 0.670 0.863 0.048 0.077 24
25 0.373 0.318 0.042 0.067 25
28 0.386 0.817 0.037 0.060 28
29 0.902 0.405 0.041 0.065 29
30 0.496 0.633 0.041 0.065 30
31 0.680 0.978 0.046 0.073 31
33 0.754 0.845 0.042 0.067 33
34 0.568 0.243 0.040 0.063 34
36 0.694 0.813 0.035 0.057 36
37 0.066 0.915 0.046 0.073 37
38 0.876 0.958 0.046 0.073 38
39 0.720 0.297 0.046 0.073 39
40 0.898 0.235 0.044 0.070 40
41 0.243 0.702 0.048 0.077 41
42 0.914 0.962 0.042 0.067 42
43 0.944 1.000 0.030 0.048 43
44 0.887 0.382 0.037 0.060 44
