1 0.295 0.988 0.045 0.072 1
2 0.774 0.743 0.048 0.077 2
3 0.322 0.460 0.048 0.077 3
4 0.294 0.492 0.044 0.070 4
5 0.740 0.045 0.041 0.065 5
7 0.887 1.000 0.047 0.075 7
8 0.671 0.287 0.048 0.077 8
9 0.485 0.828 0.037 0.060 9
11 0.411 0.588 0.048 0.077 11
13 0.518 0.768 0.048 0.077 13
14 0.369 0.157 0.048 0.077 14
15 0.823 0.822 0.048 0.077 15
16 0.320 0.905 0.035 0.057 16
17 0.752 0.752 0.042 0.067 17
18 0.607 0.192 0.041 0.065 18
20 0.642 0.742 0.044 0.070 20
21 0.385 0.880 0.035 0.057 21
22 0.418 0.910 0.048 0.077 22
23 0.554 0.177 0.047 0.075 23
24 0.676 0.863 0.048 0.077 24
25 0.370 0.322 0.036 0.058 25
28 0.403 0.808 0.042 0.067 28
29 0.901 0.388 0.048 0.077 29
30 0.491 0.618 0.037 0.060 30
31 0.684 0.977 0.048 0.077 31
33 0.742 0.857 0.037 0.060 33
34 0.575 0.235 0.048 0.077 34
36 0.705 0.820 0.048 0.077 36
37 0.068 0.932 0.040 0.063 37
38 0.877 0.958 0.048 0.077 38
39 0.721 0.295 0.042 0.067 39
40 0.894 0.253 0.037 0.060 40
41 0.246 0.697 0.048 0.077 41
42 0.918 0.963 0.048 0.077 42
43 0.956 0.983 0.041 0.065 43
44 0.887 0.378 0.041 0.065 44
