1 0.301 0.998 0.041 0.065 1
2 0.778 0.743 0.048 0.077 2
3 0.322 0.453 0.048 0.077 3
4 0.294 0.483 0.048 0.077 4
5 0.736 0.057 0.048 0.077 5
7 0.886 0.997 0.048 0.077 7
8 0.672 0.293 0.048 0.077 8
9 0.484 0.837 0.044 0.070 9
11 0.417 0.593 0.037 0.060 11
13 0.516 0.755 0.048 0.077 13
14 0.368 0.150 0.048 0.077 14
15 0.829 0.802 0.046 0.073 15
16 0.316 0.920 0.048 0.077 16
17 0.750 0.750 0.040 0.063 17
18 0.609 0.190 0.048 0.077 18
20 0.637 0.733 0.042 0.067 20
21 0.385 0.873 0.045 0.072 21
22 0.416 0.902 0.048 0.077 22
23 0.551 0.162 0.048 0.077 23
24 0.670 0.858 0.047 0.075 24
25 0.370 0.318 0.043 0.068 25
28 0.393 0.820 0.042 0.067 28
29 0.903 0.400 0.048 0.077 29
30 0.491 0.632 0.048 0.077 30
31 0.681 0.977 0.046 0.073 31
33 0.750 0.848 0.041 0.065 33
34 0.572 0.252 0.048 0.077 34
36 0.701 0.812 0.044 0.070 36
37 0.067 0.918 0.040 0.063 37
38 0.878 0.955 0.044 0.070 38
39 0.724 0.295 0.048 0.077 39
40 0.895 0.242 0.037 0.060 40
41 0.237 0.698 0.044 0.070 41
42 0.914 0.967 0.044 0.070 42
43 0.949 0.992 0.040 0.063 43
44 0.887 0.378 0.041 0.065 44
