1 0.302 0.998 0.040 0.063 1
2 0.778 0.743 0.048 0.077 2
3 0.321 0.453 0.048 0.077 3
4 0.294 0.488 0.044 0.070 4
5 0.735 0.057 0.048 0.077 5
7 0.886 0.997 0.048 0.077 7
8 0.672 0.293 0.047 0.075 8
9 0.484 0.837 0.044 0.070 9
11 0.418 0.592 0.048 0.077 11
13 0.518 0.758 0.048 0.077 13
14 0.365 0.152 0.048 0.077 14
15 0.835 0.805 0.047 0.075 15
16 0.323 0.918 0.035 0.057 16
17 0.751 0.747 0.043 0.068 17
18 0.608 0.188 0.044 0.070 18
20 0.633 0.730 0.048 0.077 20
21 0.383 0.873 0.045 0.072 21
22 0.415 0.900 0.048 0.077 22
23 0.549 0.160 0.044 0.070 23
24 0.672 0.867 0.041 0.065 24
25 0.372 0.317 0.042 0.067 25
28 0.391 0.817 0.037 0.060 28
29 0.901 0.398 0.048 0.077 29
30 0.489 0.633 0.048 0.077 30
31 0.683 0.972 0.042 0.067 31
33 0.751 0.847 0.040 0.063 33
34 0.568 0.243 0.041 0.065 34
36 0.703 0.810 0.048 0.077 36
37 0.069 0.920 0.048 0.077 37
38 0.878 0.955 0.048 0.077 38
39 0.723 0.297 0.048 0.077 39
40 0.895 0.237 0.048 0.077 40
41 0.240 0.693 0.048 0.077 41
42 0.918 0.967 0.048 0.077 42
43 0.949 0.990 0.042 0.067 43
44 0.887 0.373 0.042 0.067 44
