1 0.295 1.000 0.041 0.065 1
2 0.776 0.743 0.048 0.077 2
3 0.322 0.460 0.044 0.070 3
4 0.294 0.490 0.044 0.070 4
5 0.739 0.047 0.041 0.065 5
7 0.890 1.000 0.046 0.073 7
8 0.673 0.288 0.048 0.077 8
9 0.484 0.830 0.044 0.070 9
11 0.415 0.593 0.042 0.067 11
13 0.520 0.762 0.042 0.067 13
14 0.370 0.155 0.048 0.077 14
15 0.825 0.808 0.041 0.065 15
16 0.320 0.910 0.036 0.058 16
17 0.757 0.747 0.048 0.077 17
18 0.608 0.188 0.041 0.065 18
20 0.637 0.742 0.044 0.070 20
21 0.391 0.875 0.048 0.077 21
22 0.416 0.903 0.048 0.077 22
23 0.550 0.170 0.044 0.070 23
24 0.675 0.870 0.035 0.057 24
25 0.371 0.313 0.048 0.077 25
28 0.395 0.812 0.048 0.077 28
29 0.903 0.397 0.041 0.065 29
30 0.492 0.623 0.042 0.067 30
31 0.681 0.975 0.047 0.075 31
33 0.746 0.853 0.040 0.063 33
34 0.571 0.243 0.041 0.065 34
36 0.704 0.813 0.048 0.077 36
37 0.072 0.923 0.043 0.068 37
38 0.877 0.957 0.048 0.077 38
39 0.723 0.297 0.046 0.073 39
40 0.891 0.243 0.048 0.077 40
41 0.239 0.695 0.044 0.070 41
42 0.917 0.963 0.044 0.070 42
43 0.954 0.988 0.048 0.077 43
44 0.887 0.373 0.043 0.068 44
