1 0.297 1.000 0.048 0.077 1
2 0.776 0.742 0.046 0.073 2
3 0.321 0.458 0.046 0.073 3
4 0.293 0.488 0.042 0.067 4
5 0.741 0.053 0.044 0.070 5
7 0.886 1.000 0.048 0.077 7
8 0.668 0.285 0.048 0.077 8
9 0.489 0.833 0.044 0.070 9
11 0.415 0.593 0.040 0.063 11
13 0.519 0.768 0.048 0.077 13
14 0.371 0.155 0.046 0.073 14
15 0.826 0.808 0.043 0.068 15
16 0.317 0.908 0.044 0.070 16
17 0.755 0.748 0.042 0.067 17
18 0.608 0.190 0.042 0.067 18
20 0.640 0.747 0.048 0.077 20
21 0.391 0.878 0.048 0.077 21
22 0.417 0.905 0.048 0.077 22
23 0.550 0.173 0.048 0.077 23
24 0.673 0.870 0.037 0.060 24
25 0.366 0.320 0.048 0.077 25
28 0.398 0.810 0.042 0.067 28
29 0.904 0.392 0.048 0.077 29
30 0.494 0.623 0.041 0.065 30
31 0.683 0.973 0.042 0.067 31
33 0.745 0.855 0.037 0.060 33
34 0.571 0.245 0.042 0.067 34
36 0.704 0.813 0.048 0.077 36
37 0.072 0.930 0.048 0.077 37
38 0.877 0.957 0.044 0.070 38
39 0.715 0.297 0.048 0.077 39
40 0.894 0.248 0.036 0.058 40
41 0.237 0.700 0.042 0.067 41
42 0.917 0.965 0.048 0.077 42
43 0.954 0.983 0.047 0.075 43
44 0.889 0.375 0.042 0.067 44
