1 0.305 1.000 0.039 0.062 1
2 0.777 0.742 0.048 0.077 2
3 0.322 0.455 0.046 0.073 3
4 0.293 0.492 0.048 0.077 4
5 0.735 0.052 0.042 0.067 5
7 0.886 0.990 0.048 0.077 7
8 0.675 0.290 0.048 0.077 8
9 0.491 0.842 0.048 0.077 9
11 0.412 0.592 0.030 0.048 11
13 0.515 0.760 0.044 0.070 13
14 0.372 0.145 0.035 0.057 14
15 0.838 0.808 0.046 0.073 15
16 0.322 0.923 0.035 0.057 16
17 0.749 0.750 0.042 0.067 17
18 0.609 0.187 0.041 0.065 18
20 0.636 0.730 0.042 0.067 20
21 0.381 0.875 0.047 0.075 21
22 0.412 0.900 0.048 0.077 22
23 0.549 0.158 0.046 0.073 23
24 0.671 0.870 0.044 0.070 24
25 0.367 0.317 0.042 0.067 25
28 0.394 0.818 0.048 0.077 28
29 0.903 0.405 0.041 0.065 29
30 0.491 0.632 0.048 0.077 30
31 0.681 0.978 0.046 0.073 31
33 0.755 0.842 0.033 0.053 33
34 0.572 0.250 0.048 0.077 34
36 0.697 0.813 0.036 0.058 36
37 0.066 0.913 0.040 0.063 37
38 0.877 0.965 0.036 0.058 38
39 0.723 0.295 0.048 0.077 39
40 0.889 0.240 0.042 0.067 40
41 0.242 0.698 0.047 0.075 41
42 0.916 0.967 0.048 0.077 42
43 0.948 1.000 0.032 0.052 43
44 0.886 0.378 0.036 0.058 44
