1 0.299 0.990 0.048 0.077 1
2 0.776 0.742 0.047 0.075 2
3 0.321 0.458 0.047 0.075 3
4 0.293 0.488 0.042 0.067 4
5 0.735 0.040 0.048 0.077 5
7 0.887 1.000 0.043 0.068 7
8 0.672 0.292 0.044 0.070 8
9 0.495 0.822 0.048 0.077 9
11 0.417 0.595 0.035 0.057 11
13 0.520 0.768 0.047 0.075 13
14 0.369 0.157 0.048 0.077 14
15 0.826 0.812 0.044 0.070 15
16 0.321 0.905 0.048 0.077 16
17 0.752 0.745 0.047 0.075 17
18 0.608 0.190 0.042 0.067 18
20 0.640 0.742 0.044 0.070 20
21 0.390 0.872 0.048 0.077 21
22 0.410 0.907 0.048 0.077 22
23 0.551 0.173 0.045 0.072 23
24 0.676 0.868 0.035 0.057 24
25 0.369 0.313 0.048 0.077 25
28 0.403 0.812 0.037 0.060 28
29 0.900 0.392 0.046 0.073 29
30 0.492 0.620 0.037 0.060 30
31 0.684 0.970 0.043 0.068 31
33 0.741 0.855 0.045 0.072 33
34 0.572 0.243 0.041 0.065 34
36 0.702 0.820 0.048 0.077 36
37 0.069 0.928 0.041 0.065 37
38 0.880 0.958 0.048 0.077 38
39 0.722 0.297 0.048 0.077 39
40 0.894 0.250 0.036 0.058 40
41 0.236 0.702 0.042 0.067 41
42 0.915 0.968 0.044 0.070 42
43 0.955 0.985 0.048 0.077 43
44 0.886 0.377 0.037 0.060 44
