1 0.381 0.155 0.035 0.057 1
2 0.121 0.972 0.042 0.067 2
3 0.323 0.833 0.048 0.077 3
4 0.783 0.470 0.041 0.065 4
5 0.806 0.278 0.040 0.063 5
6 0.780 0.395 0.042 0.067 6
7 0.355 0.373 0.041 0.065 7
8 0.749 0.278 0.042 0.067 8
9 0.493 0.650 0.036 0.058 9
10 0.303 0.822 0.037 0.060 10
11 0.207 0.753 0.037 0.060 11
12 0.655 0.108 0.035 0.057 12
13 0.838 0.098 0.037 0.060 13
14 0.059 0.618 0.040 0.063 14
15 0.690 0.653 0.037 0.060 15
16 0.925 0.733 0.036 0.058 16
17 0.869 0.145 0.042 0.067 17
18 0.118 0.772 0.042 0.067 18
19 0.232 0.643 0.041 0.065 19
20 0.291 0.000 0.046 0.073 20
21 0.153 0.062 0.035 0.057 21
22 0.007 0.365 0.044 0.070 22
24 0.000 0.548 0.041 0.065 24
25 0.523 0.103 0.045 0.072 25
26 0.803 0.088 0.033 0.053 26
27 0.991 0.573 0.041 0.065 27
28 0.541 0.460 0.046 0.073 28
29 0.823 0.063 0.033 0.053 29
