1 0.382 0.147 0.037 0.060 1
2 0.120 0.975 0.035 0.057 2
3 0.334 0.835 0.042 0.067 3
4 0.781 0.477 0.041 0.065 4
5 0.802 0.282 0.035 0.057 5
6 0.780 0.388 0.042 0.067 6
7 0.355 0.367 0.041 0.065 7
8 0.755 0.273 0.035 0.057 8
9 0.496 0.643 0.035 0.057 9
10 0.303 0.825 0.040 0.063 10
11 0.201 0.758 0.037 0.060 11
12 0.660 0.115 0.032 0.052 12
13 0.838 0.097 0.041 0.065 13
14 0.061 0.627 0.043 0.068 14
15 0.685 0.658 0.040 0.063 15
16 0.926 0.743 0.040 0.063 16
17 0.876 0.150 0.042 0.067 17
18 0.122 0.770 0.042 0.067 18
19 0.234 0.650 0.037 0.060 19
20 0.292 0.000 0.045 0.072 20
21 0.158 0.065 0.037 0.060 21
22 0.005 0.372 0.043 0.068 22
24 0.013 0.550 0.034 0.055 24
25 0.522 0.122 0.035 0.057 25
26 0.802 0.078 0.030 0.048 26
27 0.983 0.575 0.037 0.060 27
28 0.545 0.460 0.037 0.060 28
29 0.821 0.075 0.035 0.057 29
