1 0.381 0.153 0.036 0.058 1
2 0.121 0.967 0.042 0.067 2
3 0.333 0.833 0.048 0.077 3
4 0.782 0.473 0.040 0.063 4
5 0.805 0.277 0.041 0.065 5
6 0.781 0.393 0.042 0.067 6
7 0.354 0.372 0.041 0.065 7
8 0.751 0.277 0.042 0.067 8
9 0.494 0.647 0.037 0.060 9
10 0.303 0.823 0.043 0.068 10
11 0.205 0.758 0.041 0.065 11
12 0.656 0.112 0.034 0.055 12
13 0.839 0.098 0.040 0.063 13
14 0.059 0.622 0.041 0.065 14
15 0.689 0.652 0.042 0.067 15
16 0.926 0.738 0.040 0.063 16
17 0.873 0.148 0.035 0.057 17
18 0.119 0.772 0.040 0.063 18
19 0.231 0.647 0.041 0.065 19
20 0.291 0.000 0.044 0.070 20
21 0.155 0.060 0.036 0.058 21
22 0.005 0.368 0.044 0.070 22
24 0.008 0.548 0.036 0.058 24
25 0.523 0.118 0.035 0.057 25
26 0.804 0.083 0.033 0.053 26
27 0.989 0.573 0.040 0.063 27
28 0.541 0.455 0.044 0.070 28
29 0.822 0.068 0.035 0.057 29
