1 0.381 0.148 0.037 0.060 1
2 0.119 0.968 0.041 0.065 2
3 0.333 0.837 0.041 0.065 3
4 0.780 0.475 0.041 0.065 4
5 0.802 0.277 0.037 0.060 5
6 0.781 0.390 0.043 0.068 6
7 0.355 0.368 0.041 0.065 7
8 0.754 0.275 0.043 0.068 8
9 0.496 0.643 0.037 0.060 9
10 0.303 0.825 0.037 0.060 10
11 0.202 0.757 0.040 0.063 11
12 0.659 0.113 0.032 0.052 12
13 0.835 0.098 0.043 0.068 13
14 0.059 0.623 0.042 0.067 14
15 0.685 0.658 0.041 0.065 15
16 0.925 0.743 0.036 0.058 16
17 0.875 0.148 0.041 0.065 17
18 0.120 0.772 0.043 0.068 18
19 0.234 0.648 0.040 0.063 19
20 0.286 0.000 0.045 0.072 20
21 0.157 0.065 0.033 0.053 21
22 0.007 0.368 0.044 0.070 22
24 0.008 0.548 0.042 0.067 24
25 0.522 0.107 0.048 0.077 25
26 0.802 0.080 0.030 0.048 26
27 0.985 0.573 0.040 0.063 27
28 0.545 0.460 0.036 0.058 28
29 0.820 0.073 0.036 0.058 29
