1 0.380 0.162 0.035 0.057 1
2 0.125 0.973 0.043 0.068 2
3 0.320 0.843 0.042 0.067 3
4 0.782 0.467 0.041 0.065 4
5 0.808 0.283 0.042 0.067 5
6 0.782 0.402 0.043 0.068 6
7 0.356 0.380 0.042 0.067 7
8 0.746 0.275 0.036 0.058 8
9 0.494 0.657 0.037 0.060 9
10 0.306 0.820 0.041 0.065 10
11 0.212 0.753 0.037 0.060 11
12 0.650 0.103 0.034 0.055 12
13 0.838 0.097 0.040 0.063 13
14 0.060 0.615 0.042 0.067 14
15 0.695 0.655 0.040 0.063 15
16 0.925 0.730 0.037 0.060 16
17 0.866 0.140 0.040 0.063 17
18 0.116 0.775 0.042 0.067 18
19 0.229 0.642 0.041 0.065 19
20 0.289 0.000 0.042 0.067 20
21 0.147 0.062 0.035 0.057 21
22 0.010 0.365 0.042 0.067 22
24 0.000 0.553 0.035 0.057 24
25 0.526 0.107 0.035 0.057 25
26 0.806 0.098 0.041 0.065 26
27 0.993 0.570 0.041 0.065 27
28 0.541 0.462 0.048 0.077 28
29 0.827 0.055 0.032 0.052 29
