1 0.934 0.817 0.048 0.077 1
2 0.554 0.295 0.048 0.077 2
4 0.771 0.148 0.043 0.068 4
6 0.596 0.330 0.048 0.077 6
9 0.161 0.955 0.035 0.057 9
10 0.113 0.430 0.048 0.077 10
11 0.953 0.415 0.048 0.077 11
12 0.033 0.537 0.048 0.077 12
13 0.165 0.332 0.048 0.077 13
14 0.833 0.535 0.048 0.077 14
15 0.695 0.412 0.048 0.077 15
16 0.091 0.032 0.040 0.063 16
17 0.550 0.872 0.044 0.070 17
19 0.315 0.702 0.046 0.073 19
22 0.059 0.000 0.048 0.077 22
24 0.000 0.840 0.041 0.065 24
27 0.591 0.623 0.048 0.077 27
