1 0.934 0.825 0.048 0.077 1
2 0.561 0.272 0.044 0.070 2
4 0.762 0.145 0.048 0.077 4
6 0.592 0.328 0.048 0.077 6
9 0.167 0.955 0.048 0.077 9
10 0.126 0.418 0.045 0.072 10
11 0.956 0.437 0.048 0.077 11
12 0.027 0.562 0.048 0.077 12
13 0.165 0.333 0.044 0.070 13
14 0.834 0.513 0.047 0.075 14
15 0.694 0.415 0.048 0.077 15
16 0.100 0.020 0.041 0.065 16
17 0.555 0.872 0.048 0.077 17
19 0.324 0.718 0.048 0.077 19
22 0.068 0.000 0.030 0.048 22
24 0.011 0.842 0.048 0.077 24
27 0.592 0.648 0.044 0.070 27
