1 0.930 0.813 0.048 0.077 1
2 0.553 0.278 0.047 0.075 2
4 0.773 0.137 0.048 0.077 4
6 0.599 0.325 0.044 0.070 6
9 0.166 0.965 0.048 0.077 9
10 0.102 0.418 0.046 0.073 10
11 0.958 0.402 0.037 0.060 11
12 0.042 0.537 0.046 0.073 12
13 0.161 0.327 0.048 0.077 13
14 0.826 0.543 0.048 0.077 14
15 0.698 0.407 0.044 0.070 15
16 0.087 0.020 0.048 0.077 16
17 0.547 0.872 0.045 0.072 17
19 0.310 0.690 0.036 0.058 19
22 0.055 0.012 0.036 0.058 22
24 0.004 0.855 0.046 0.073 24
27 0.594 0.608 0.048 0.077 27
