1 0.928 0.833 0.044 0.070 1
2 0.560 0.268 0.048 0.077 2
4 0.761 0.148 0.048 0.077 4
6 0.593 0.328 0.047 0.075 6
9 0.167 0.958 0.048 0.077 9
10 0.124 0.422 0.046 0.073 10
11 0.958 0.427 0.037 0.060 11
12 0.024 0.558 0.048 0.077 12
13 0.166 0.337 0.048 0.077 13
14 0.835 0.518 0.048 0.077 14
15 0.691 0.413 0.044 0.070 15
16 0.096 0.023 0.048 0.077 16
17 0.552 0.870 0.048 0.077 17
19 0.323 0.713 0.048 0.077 19
22 0.053 0.000 0.047 0.075 22
24 0.013 0.842 0.048 0.077 24
27 0.593 0.640 0.048 0.077 27
