1 0.934 0.820 0.048 0.077 1
2 0.560 0.272 0.045 0.072 2
4 0.765 0.148 0.045 0.072 4
6 0.592 0.328 0.048 0.077 6
9 0.160 0.962 0.048 0.077 9
10 0.125 0.425 0.048 0.077 10
11 0.956 0.432 0.048 0.077 11
12 0.022 0.568 0.044 0.070 12
13 0.165 0.335 0.046 0.073 13
14 0.835 0.522 0.047 0.075 14
15 0.691 0.413 0.044 0.070 15
16 0.099 0.025 0.041 0.065 16
17 0.553 0.872 0.046 0.073 17
19 0.321 0.713 0.047 0.075 19
22 0.049 0.008 0.048 0.077 22
24 0.007 0.853 0.047 0.075 24
27 0.593 0.640 0.048 0.077 27
