1 0.934 0.827 0.046 0.073 1
2 0.560 0.270 0.046 0.073 2
4 0.762 0.150 0.048 0.077 4
6 0.593 0.330 0.048 0.077 6
9 0.166 0.962 0.048 0.077 9
10 0.121 0.425 0.047 0.075 10
11 0.955 0.428 0.045 0.072 11
12 0.025 0.557 0.048 0.077 12
13 0.163 0.332 0.048 0.077 13
14 0.836 0.523 0.048 0.077 14
15 0.694 0.415 0.048 0.077 15
16 0.098 0.027 0.040 0.063 16
17 0.552 0.870 0.048 0.077 17
19 0.321 0.712 0.048 0.077 19
22 0.050 0.007 0.048 0.077 22
24 0.006 0.852 0.046 0.073 24
27 0.593 0.638 0.048 0.077 27
