1 0.251 0.668 0.048 0.077 1
2 0.794 0.087 0.048 0.077 2
3 0.689 0.415 0.047 0.075 3
4 0.170 0.822 0.048 0.077 4
5 0.551 0.412 0.048 0.077 5
7 0.707 0.385 0.047 0.075 7
8 0.321 0.193 0.048 0.077 8
9 0.104 0.645 0.048 0.077 9
10 0.408 0.737 0.034 0.055 10
11 0.393 0.792 0.048 0.077 11
13 0.997 0.120 0.048 0.077 13
15 0.921 0.157 0.047 0.075 15
16 0.132 0.205 0.048 0.077 16
17 0.856 0.253 0.044 0.070 17
19 0.898 0.065 0.042 0.067 19
20 0.156 0.843 0.048 0.077 20
21 0.521 0.015 0.048 0.077 21
22 0.950 0.323 0.048 0.077 22
23 0.216 0.653 0.048 0.077 23
24 0.388 0.817 0.048 0.077 24
27 0.298 0.368 0.048 0.077 27
30 0.886 0.120 0.048 0.077 30
31 0.917 0.780 0.043 0.068 31
32 0.116 0.743 0.048 0.077 32
33 0.672 0.083 0.048 0.077 33
34 0.188 0.858 0.048 0.077 34
35 0.954 0.998 0.048 0.077 35
36 0.011 0.777 0.048 0.077 36
37 0.059 0.707 0.042 0.067 37
38 0.509 0.068 0.044 0.070 38
39 0.450 0.605 0.045 0.072 39
40 0.672 0.120 0.045 0.072 40
41 0.386 0.870 0.048 0.077 41
42 0.410 0.962 0.048 0.077 42
44 0.970 0.315 0.042 0.067 44
45 0.099 0.740 0.046 0.073 45
48 0.864 0.065 0.046 0.073 48
49 0.010 0.080 0.048 0.077 49
50 0.402 0.035 0.048 0.077 50
51 0.176 0.752 0.047 0.075 51
53 0.833 0.535 0.041 0.065 53
57 0.215 0.790 0.048 0.077 57
60 0.878 0.580 0.048 0.077 60
