1 0.248 0.672 0.048 0.077 1
2 0.798 0.090 0.048 0.077 2
3 0.688 0.415 0.048 0.077 3
4 0.170 0.818 0.046 0.073 4
5 0.550 0.413 0.048 0.077 5
7 0.706 0.382 0.048 0.077 7
8 0.321 0.193 0.048 0.077 8
9 0.102 0.648 0.048 0.077 9
10 0.405 0.740 0.046 0.073 10
11 0.396 0.795 0.046 0.073 11
13 0.994 0.112 0.048 0.077 13
15 0.921 0.153 0.047 0.075 15
16 0.142 0.225 0.048 0.077 16
17 0.857 0.257 0.042 0.067 17
19 0.895 0.058 0.035 0.057 19
20 0.155 0.843 0.040 0.063 20
21 0.520 0.018 0.048 0.077 21
22 0.950 0.327 0.048 0.077 22
23 0.211 0.657 0.048 0.077 23
24 0.381 0.820 0.044 0.070 24
27 0.298 0.368 0.048 0.077 27
30 0.890 0.122 0.048 0.077 30
31 0.915 0.780 0.044 0.070 31
32 0.116 0.743 0.048 0.077 32
33 0.671 0.082 0.048 0.077 33
34 0.185 0.862 0.048 0.077 34
35 0.945 0.995 0.048 0.077 35
36 0.019 0.777 0.044 0.070 36
37 0.058 0.715 0.048 0.077 37
38 0.509 0.063 0.048 0.077 38
39 0.446 0.603 0.044 0.070 39
40 0.667 0.130 0.048 0.077 40
41 0.386 0.870 0.048 0.077 41
42 0.406 0.973 0.044 0.070 42
44 0.967 0.313 0.047 0.075 44
45 0.098 0.743 0.048 0.077 45
48 0.865 0.068 0.048 0.077 48
49 0.010 0.085 0.048 0.077 49
50 0.400 0.037 0.042 0.067 50
51 0.174 0.753 0.046 0.073 51
53 0.833 0.537 0.037 0.060 53
57 0.212 0.795 0.048 0.077 57
60 0.879 0.580 0.047 0.075 60
