1 0.255 0.657 0.048 0.077 1
2 0.807 0.058 0.048 0.077 2
3 0.686 0.415 0.041 0.065 3
4 0.170 0.822 0.048 0.077 4
5 0.548 0.407 0.048 0.077 5
7 0.715 0.388 0.043 0.068 7
8 0.330 0.167 0.048 0.077 8
9 0.118 0.645 0.046 0.073 9
10 0.396 0.748 0.048 0.077 10
11 0.415 0.797 0.035 0.057 11
13 0.998 0.112 0.047 0.075 13
15 0.911 0.168 0.048 0.077 15
16 0.123 0.215 0.048 0.077 16
17 0.851 0.240 0.048 0.077 17
19 0.917 0.078 0.048 0.077 19
20 0.157 0.853 0.044 0.070 20
21 0.518 0.000 0.048 0.077 21
22 0.953 0.323 0.047 0.075 22
23 0.219 0.650 0.044 0.070 23
24 0.401 0.802 0.048 0.077 24
27 0.298 0.368 0.048 0.077 27
30 0.884 0.117 0.048 0.077 30
31 0.916 0.777 0.047 0.075 31
32 0.118 0.740 0.048 0.077 32
33 0.671 0.097 0.048 0.077 33
34 0.189 0.862 0.048 0.077 34
35 0.950 1.000 0.035 0.057 35
36 0.007 0.797 0.048 0.077 36
37 0.064 0.715 0.048 0.077 37
38 0.509 0.062 0.044 0.070 38
39 0.439 0.623 0.046 0.073 39
40 0.684 0.100 0.048 0.077 40
41 0.389 0.867 0.048 0.077 41
42 0.421 0.950 0.042 0.067 42
44 0.977 0.305 0.045 0.072 44
45 0.103 0.720 0.048 0.077 45
48 0.867 0.070 0.048 0.077 48
49 0.005 0.087 0.048 0.077 49
50 0.400 0.032 0.048 0.077 50
51 0.177 0.753 0.046 0.073 51
53 0.829 0.537 0.042 0.067 53
57 0.223 0.775 0.046 0.073 57
60 0.880 0.583 0.048 0.077 60
