1 0.249 0.677 0.048 0.077 1
2 0.796 0.092 0.048 0.077 2
3 0.686 0.422 0.041 0.065 3
4 0.170 0.817 0.048 0.077 4
5 0.551 0.410 0.048 0.077 5
7 0.704 0.377 0.042 0.067 7
8 0.321 0.193 0.048 0.077 8
9 0.100 0.648 0.048 0.077 9
10 0.416 0.740 0.044 0.070 10
11 0.396 0.795 0.045 0.072 11
13 0.991 0.113 0.048 0.077 13
15 0.924 0.153 0.044 0.070 15
16 0.140 0.225 0.048 0.077 16
17 0.858 0.253 0.048 0.077 17
19 0.898 0.053 0.045 0.072 19
20 0.155 0.843 0.042 0.067 20
21 0.521 0.010 0.048 0.077 21
22 0.948 0.327 0.048 0.077 22
23 0.212 0.652 0.048 0.077 23
24 0.386 0.813 0.048 0.077 24
27 0.298 0.367 0.046 0.073 27
30 0.890 0.120 0.048 0.077 30
31 0.917 0.778 0.042 0.067 31
32 0.117 0.738 0.048 0.077 32
33 0.673 0.085 0.044 0.070 33
34 0.186 0.860 0.048 0.077 34
35 0.954 0.967 0.035 0.057 35
36 0.017 0.782 0.042 0.067 36
37 0.058 0.718 0.048 0.077 37
38 0.511 0.067 0.048 0.077 38
39 0.448 0.605 0.040 0.063 39
40 0.667 0.127 0.044 0.070 40
41 0.385 0.870 0.048 0.077 41
42 0.411 0.978 0.045 0.072 42
44 0.964 0.315 0.048 0.077 44
45 0.098 0.743 0.048 0.077 45
48 0.861 0.075 0.048 0.077 48
49 0.008 0.083 0.046 0.073 49
50 0.402 0.035 0.047 0.075 50
51 0.176 0.752 0.047 0.075 51
53 0.832 0.533 0.044 0.070 53
57 0.211 0.792 0.048 0.077 57
60 0.875 0.582 0.048 0.077 60
