1 0.253 0.670 0.048 0.077 1
2 0.796 0.088 0.048 0.077 2
3 0.689 0.417 0.047 0.075 3
4 0.170 0.822 0.048 0.077 4
5 0.550 0.412 0.044 0.070 5
7 0.708 0.385 0.046 0.073 7
8 0.317 0.185 0.036 0.058 8
9 0.107 0.648 0.048 0.077 9
10 0.405 0.742 0.037 0.060 10
11 0.407 0.790 0.048 0.077 11
13 0.999 0.118 0.048 0.077 13
15 0.917 0.163 0.048 0.077 15
16 0.145 0.215 0.046 0.073 16
17 0.855 0.253 0.042 0.067 17
19 0.902 0.073 0.047 0.075 19
20 0.155 0.847 0.046 0.073 20
21 0.521 0.015 0.048 0.077 21
22 0.951 0.323 0.048 0.077 22
23 0.217 0.643 0.048 0.077 23
24 0.386 0.815 0.048 0.077 24
27 0.299 0.362 0.044 0.070 27
30 0.885 0.118 0.047 0.075 30
31 0.917 0.780 0.044 0.070 31
32 0.116 0.740 0.048 0.077 32
33 0.672 0.087 0.048 0.077 33
34 0.192 0.855 0.040 0.063 34
35 0.952 1.000 0.048 0.077 35
36 0.007 0.783 0.044 0.070 36
37 0.059 0.710 0.048 0.077 37
38 0.509 0.063 0.045 0.072 38
39 0.445 0.612 0.042 0.067 39
40 0.674 0.118 0.048 0.077 40
41 0.385 0.865 0.048 0.077 41
42 0.410 0.967 0.042 0.067 42
44 0.974 0.307 0.048 0.077 44
45 0.102 0.732 0.044 0.070 45
48 0.866 0.067 0.048 0.077 48
49 0.015 0.082 0.048 0.077 49
50 0.402 0.035 0.048 0.077 50
51 0.176 0.752 0.048 0.077 51
53 0.832 0.537 0.041 0.065 53
57 0.216 0.785 0.048 0.077 57
60 0.873 0.582 0.048 0.077 60
