1 0.247 0.672 0.048 0.077 1
2 0.797 0.088 0.048 0.077 2
3 0.686 0.412 0.048 0.077 3
4 0.168 0.818 0.048 0.077 4
5 0.549 0.412 0.048 0.077 5
7 0.703 0.373 0.048 0.077 7
8 0.320 0.207 0.044 0.070 8
9 0.098 0.650 0.047 0.075 9
10 0.411 0.737 0.040 0.063 10
11 0.398 0.793 0.045 0.072 11
13 0.993 0.112 0.047 0.075 13
15 0.922 0.148 0.045 0.072 15
16 0.143 0.228 0.048 0.077 16
17 0.857 0.260 0.048 0.077 17
19 0.898 0.053 0.042 0.067 19
20 0.155 0.843 0.041 0.065 20
21 0.526 0.023 0.048 0.077 21
22 0.948 0.325 0.048 0.077 22
23 0.214 0.657 0.048 0.077 23
24 0.384 0.818 0.037 0.060 24
27 0.297 0.367 0.048 0.077 27
30 0.891 0.117 0.046 0.073 30
31 0.918 0.778 0.041 0.065 31
32 0.118 0.740 0.048 0.077 32
33 0.670 0.082 0.048 0.077 33
34 0.188 0.858 0.048 0.077 34
35 0.943 0.987 0.046 0.073 35
36 0.008 0.775 0.048 0.077 36
37 0.058 0.720 0.047 0.075 37
38 0.506 0.073 0.048 0.077 38
39 0.451 0.598 0.043 0.068 39
40 0.665 0.125 0.048 0.077 40
41 0.386 0.868 0.046 0.073 41
42 0.406 0.972 0.042 0.067 42
44 0.966 0.313 0.044 0.070 44
45 0.096 0.748 0.048 0.077 45
48 0.863 0.067 0.046 0.073 48
49 0.005 0.083 0.044 0.070 49
50 0.402 0.035 0.047 0.075 50
51 0.175 0.753 0.045 0.072 51
53 0.833 0.533 0.044 0.070 53
57 0.214 0.795 0.048 0.077 57
60 0.877 0.578 0.048 0.077 60
