1 0.252 0.663 0.048 0.077 1
2 0.811 0.065 0.048 0.077 2
3 0.692 0.417 0.048 0.077 3
4 0.171 0.820 0.048 0.077 4
5 0.549 0.405 0.048 0.077 5
7 0.715 0.395 0.046 0.073 7
8 0.329 0.170 0.048 0.077 8
9 0.121 0.647 0.048 0.077 9
10 0.394 0.752 0.048 0.077 10
11 0.409 0.802 0.048 0.077 11
13 0.999 0.110 0.048 0.077 13
15 0.909 0.172 0.048 0.077 15
16 0.123 0.217 0.048 0.077 16
17 0.849 0.238 0.048 0.077 17
19 0.916 0.077 0.047 0.075 19
20 0.156 0.852 0.042 0.067 20
21 0.516 0.000 0.048 0.077 21
22 0.951 0.320 0.048 0.077 22
23 0.214 0.645 0.048 0.077 23
24 0.395 0.805 0.048 0.077 24
27 0.299 0.367 0.046 0.073 27
30 0.884 0.110 0.048 0.077 30
31 0.916 0.775 0.048 0.077 31
32 0.116 0.742 0.048 0.077 32
33 0.670 0.095 0.048 0.077 33
34 0.189 0.863 0.048 0.077 34
35 0.954 1.000 0.037 0.060 35
36 0.014 0.797 0.048 0.077 36
37 0.068 0.715 0.048 0.077 37
38 0.510 0.060 0.045 0.072 38
39 0.434 0.618 0.042 0.067 39
40 0.685 0.100 0.044 0.070 40
41 0.389 0.865 0.048 0.077 41
42 0.421 0.945 0.042 0.067 42
44 0.981 0.300 0.048 0.077 44
45 0.102 0.715 0.048 0.077 45
48 0.874 0.075 0.048 0.077 48
49 0.000 0.080 0.035 0.057 49
50 0.398 0.040 0.048 0.077 50
51 0.178 0.752 0.048 0.077 51
53 0.831 0.535 0.041 0.065 53
57 0.222 0.777 0.048 0.077 57
60 0.882 0.580 0.048 0.077 60
