1 0.374 0.935 0.041 0.065 1
3 0.629 0.943 0.048 0.077 3
6 0.269 0.093 0.042 0.067 6
7 0.707 0.960 0.048 0.077 7
9 0.204 0.037 0.042 0.067 9
10 0.579 0.028 0.030 0.048 10
13 0.918 0.843 0.044 0.070 13
14 0.129 0.793 0.048 0.077 14
15 0.777 0.570 0.047 0.075 15
16 0.401 0.077 0.048 0.077 16
17 0.969 0.975 0.048 0.077 17
18 0.041 0.242 0.045 0.072 18
19 0.713 0.207 0.048 0.077 19
20 0.521 0.253 0.048 0.077 20
22 0.838 0.947 0.048 0.077 22
23 0.156 0.172 0.043 0.068 23
24 0.479 0.172 0.044 0.070 24
25 0.757 0.547 0.042 0.067 25
26 0.647 0.635 0.041 0.065 26
27 0.607 0.538 0.043 0.068 27
29 0.574 0.290 0.048 0.077 29
30 0.053 0.028 0.048 0.077 30
31 0.135 0.583 0.042 0.067 31
32 0.452 0.382 0.048 0.077 32
33 0.536 0.445 0.048 0.077 33
34 0.359 0.435 0.048 0.077 34
35 0.468 0.095 0.048 0.077 35
36 0.730 0.343 0.044 0.070 36
37 0.935 0.013 0.048 0.077 37
38 0.822 0.578 0.036 0.058 38
39 0.436 0.040 0.048 0.077 39
40 0.033 0.137 0.040 0.063 40
41 0.742 0.693 0.036 0.058 41
42 0.114 0.772 0.035 0.057 42
43 0.682 0.347 0.037 0.060 43
45 0.832 0.243 0.034 0.055 45
48 0.708 0.900 0.048 0.077 48
49 0.487 0.397 0.048 0.077 49
50 0.980 0.050 0.044 0.070 50
51 0.457 0.730 0.036 0.058 51
52 0.635 0.413 0.035 0.057 52
