1 0.370 0.925 0.042 0.067 1
3 0.627 0.937 0.048 0.077 3
6 0.260 0.075 0.048 0.077 6
7 0.707 0.962 0.044 0.070 7
9 0.214 0.032 0.044 0.070 9
10 0.579 0.010 0.046 0.073 10
13 0.928 0.832 0.048 0.077 13
14 0.128 0.793 0.048 0.077 14
15 0.768 0.580 0.042 0.067 15
16 0.395 0.085 0.042 0.067 16
17 0.968 0.987 0.048 0.077 17
18 0.042 0.253 0.048 0.077 18
19 0.716 0.213 0.042 0.067 19
20 0.502 0.255 0.045 0.072 20
22 0.821 0.952 0.048 0.077 22
23 0.157 0.150 0.043 0.068 23
24 0.475 0.148 0.043 0.068 24
25 0.755 0.548 0.042 0.067 25
26 0.648 0.633 0.042 0.067 26
27 0.602 0.533 0.044 0.070 27
29 0.572 0.323 0.048 0.077 29
30 0.055 0.018 0.048 0.077 30
31 0.134 0.588 0.037 0.060 31
32 0.455 0.378 0.040 0.063 32
33 0.535 0.437 0.037 0.060 33
34 0.350 0.425 0.041 0.065 34
35 0.469 0.095 0.048 0.077 35
36 0.740 0.370 0.037 0.060 36
37 0.935 0.000 0.045 0.072 37
38 0.821 0.575 0.044 0.070 38
39 0.438 0.043 0.048 0.077 39
40 0.033 0.138 0.040 0.063 40
41 0.742 0.707 0.037 0.060 41
42 0.116 0.773 0.048 0.077 42
43 0.675 0.338 0.040 0.063 43
45 0.816 0.245 0.036 0.058 45
48 0.693 0.902 0.048 0.077 48
49 0.495 0.393 0.048 0.077 49
50 0.980 0.055 0.048 0.077 50
51 0.465 0.708 0.042 0.067 51
52 0.646 0.437 0.044 0.070 52
