1 0.374 0.940 0.037 0.060 1
3 0.630 0.940 0.047 0.075 3
6 0.268 0.092 0.041 0.065 6
7 0.709 0.960 0.048 0.077 7
9 0.203 0.037 0.043 0.068 9
10 0.579 0.028 0.048 0.077 10
13 0.919 0.840 0.048 0.077 13
14 0.126 0.802 0.048 0.077 14
15 0.774 0.573 0.041 0.065 15
16 0.397 0.083 0.048 0.077 16
17 0.969 0.965 0.044 0.070 17
18 0.043 0.242 0.046 0.073 18
19 0.709 0.207 0.042 0.067 19
20 0.516 0.253 0.037 0.060 20
22 0.834 0.945 0.048 0.077 22
23 0.157 0.170 0.042 0.067 23
24 0.479 0.172 0.044 0.070 24
25 0.756 0.548 0.041 0.065 25
26 0.649 0.630 0.048 0.077 26
27 0.606 0.538 0.043 0.068 27
29 0.572 0.300 0.035 0.057 29
30 0.056 0.020 0.048 0.077 30
31 0.133 0.580 0.042 0.067 31
32 0.454 0.370 0.048 0.077 32
33 0.535 0.432 0.048 0.077 33
34 0.361 0.425 0.042 0.067 34
35 0.468 0.097 0.048 0.077 35
36 0.733 0.347 0.041 0.065 36
37 0.928 0.000 0.048 0.077 37
38 0.824 0.582 0.036 0.058 38
39 0.431 0.045 0.036 0.058 39
40 0.031 0.130 0.048 0.077 40
41 0.743 0.698 0.037 0.060 41
42 0.119 0.768 0.048 0.077 42
43 0.682 0.348 0.042 0.067 43
45 0.826 0.243 0.048 0.077 45
48 0.698 0.902 0.041 0.065 48
49 0.487 0.392 0.042 0.067 49
50 0.980 0.053 0.047 0.075 50
51 0.451 0.730 0.048 0.077 51
52 0.636 0.415 0.036 0.058 52
