1 0.373 0.935 0.047 0.075 1
3 0.629 0.938 0.047 0.075 3
6 0.268 0.087 0.040 0.063 6
7 0.703 0.952 0.048 0.077 7
9 0.206 0.040 0.048 0.077 9
10 0.581 0.020 0.048 0.077 10
13 0.924 0.843 0.042 0.067 13
14 0.129 0.795 0.046 0.073 14
15 0.769 0.575 0.047 0.075 15
16 0.392 0.093 0.034 0.055 16
17 0.968 0.975 0.042 0.067 17
18 0.043 0.247 0.048 0.077 18
19 0.713 0.218 0.048 0.077 19
20 0.508 0.255 0.048 0.077 20
22 0.828 0.945 0.048 0.077 22
23 0.161 0.162 0.048 0.077 23
24 0.476 0.165 0.048 0.077 24
25 0.756 0.552 0.041 0.065 25
26 0.647 0.635 0.041 0.065 26
27 0.607 0.538 0.036 0.058 27
29 0.570 0.308 0.040 0.063 29
30 0.049 0.025 0.048 0.077 30
31 0.133 0.583 0.042 0.067 31
32 0.455 0.375 0.042 0.067 32
33 0.535 0.437 0.037 0.060 33
34 0.358 0.427 0.037 0.060 34
35 0.470 0.085 0.048 0.077 35
36 0.733 0.357 0.040 0.063 36
37 0.932 0.000 0.044 0.070 37
38 0.821 0.577 0.042 0.067 38
39 0.435 0.038 0.046 0.073 39
40 0.032 0.137 0.042 0.067 40
41 0.740 0.700 0.037 0.060 41
42 0.117 0.763 0.048 0.077 42
43 0.681 0.338 0.048 0.077 43
45 0.822 0.243 0.036 0.058 45
48 0.691 0.898 0.048 0.077 48
49 0.491 0.385 0.037 0.060 49
50 0.981 0.053 0.046 0.073 50
51 0.461 0.720 0.048 0.077 51
52 0.641 0.422 0.037 0.060 52
