1 0.374 0.172 0.036 0.058 1
2 0.127 0.980 0.042 0.067 2
3 0.310 0.855 0.040 0.063 3
4 0.782 0.463 0.040 0.063 4
5 0.804 0.298 0.042 0.067 5
6 0.787 0.405 0.041 0.065 6
7 0.360 0.383 0.040 0.063 7
8 0.747 0.265 0.040 0.063 8
9 0.486 0.667 0.035 0.057 9
10 0.310 0.825 0.043 0.068 10
11 0.223 0.753 0.037 0.060 11
12 0.650 0.092 0.032 0.052 12
13 0.841 0.087 0.042 0.067 13
14 0.056 0.610 0.041 0.065 14
15 0.699 0.660 0.037 0.060 15
16 0.928 0.718 0.036 0.058 16
17 0.858 0.137 0.040 0.063 17
18 0.108 0.782 0.041 0.065 18
19 0.224 0.635 0.037 0.060 19
20 0.295 0.000 0.044 0.070 20
21 0.133 0.070 0.037 0.060 21
22 0.013 0.362 0.042 0.067 22
24 0.002 0.552 0.035 0.057 24
25 0.528 0.098 0.033 0.053 25
26 0.795 0.103 0.035 0.057 26
27 1.000 0.565 0.045 0.072 27
28 0.535 0.473 0.035 0.057 28
29 0.831 0.050 0.035 0.057 29
