1 0.382 0.147 0.036 0.058 1
2 0.119 0.967 0.042 0.067 2
3 0.338 0.840 0.035 0.057 3
4 0.780 0.477 0.041 0.065 4
5 0.801 0.273 0.040 0.063 5
6 0.781 0.387 0.042 0.067 6
7 0.356 0.367 0.040 0.063 7
8 0.755 0.275 0.041 0.065 8
9 0.497 0.642 0.036 0.058 9
10 0.302 0.827 0.042 0.067 10
11 0.201 0.758 0.037 0.060 11
12 0.661 0.115 0.033 0.053 12
13 0.836 0.097 0.040 0.063 13
14 0.060 0.627 0.040 0.063 14
15 0.683 0.660 0.040 0.063 15
16 0.925 0.740 0.036 0.058 16
17 0.876 0.153 0.035 0.057 17
18 0.121 0.770 0.044 0.070 18
19 0.235 0.650 0.040 0.063 19
20 0.292 0.000 0.045 0.072 20
21 0.161 0.065 0.034 0.055 21
22 0.007 0.372 0.042 0.067 22
24 0.011 0.550 0.037 0.060 24
25 0.521 0.112 0.044 0.070 25
26 0.799 0.078 0.043 0.068 26
27 0.985 0.575 0.040 0.063 27
28 0.545 0.458 0.035 0.057 28
29 0.820 0.077 0.034 0.055 29
