1 0.380 0.153 0.035 0.057 1
2 0.122 0.967 0.043 0.068 2
3 0.329 0.838 0.036 0.058 3
4 0.783 0.472 0.041 0.065 4
5 0.805 0.278 0.040 0.063 5
6 0.780 0.395 0.042 0.067 6
7 0.355 0.372 0.040 0.063 7
8 0.750 0.277 0.042 0.067 8
9 0.496 0.648 0.035 0.057 9
10 0.303 0.822 0.040 0.063 10
11 0.207 0.757 0.040 0.063 11
12 0.656 0.108 0.035 0.057 12
13 0.838 0.098 0.040 0.063 13
14 0.060 0.615 0.035 0.057 14
15 0.691 0.655 0.040 0.063 15
16 0.925 0.735 0.036 0.058 16
17 0.872 0.145 0.035 0.057 17
18 0.120 0.773 0.042 0.067 18
19 0.232 0.645 0.037 0.060 19
20 0.291 0.000 0.044 0.070 20
21 0.154 0.062 0.035 0.057 21
22 0.008 0.365 0.044 0.070 22
24 0.002 0.548 0.044 0.070 24
25 0.524 0.113 0.033 0.053 25
26 0.798 0.088 0.037 0.060 26
27 0.991 0.573 0.042 0.067 27
28 0.542 0.462 0.035 0.057 28
29 0.822 0.067 0.033 0.053 29
