1 0.381 0.143 0.037 0.060 1
2 0.117 0.967 0.041 0.065 2
3 0.336 0.838 0.042 0.067 3
4 0.779 0.477 0.040 0.063 4
5 0.801 0.275 0.042 0.067 5
6 0.781 0.383 0.042 0.067 6
7 0.355 0.365 0.042 0.067 7
8 0.756 0.272 0.035 0.057 8
9 0.497 0.635 0.035 0.057 9
10 0.300 0.828 0.036 0.058 10
11 0.199 0.758 0.040 0.063 11
12 0.664 0.117 0.036 0.058 12
13 0.835 0.100 0.041 0.065 13
14 0.061 0.628 0.042 0.067 14
15 0.685 0.662 0.040 0.063 15
16 0.925 0.745 0.037 0.060 16
17 0.877 0.153 0.041 0.065 17
18 0.124 0.768 0.042 0.067 18
19 0.234 0.652 0.041 0.065 19
20 0.295 0.000 0.047 0.075 20
21 0.164 0.067 0.033 0.053 21
22 0.010 0.367 0.035 0.057 22
24 0.014 0.547 0.040 0.063 24
25 0.518 0.118 0.037 0.060 25
26 0.798 0.082 0.035 0.057 26
27 0.982 0.575 0.037 0.060 27
28 0.548 0.460 0.035 0.057 28
29 0.820 0.080 0.034 0.055 29
