1 0.381 0.150 0.037 0.060 1
2 0.119 0.970 0.041 0.065 2
3 0.334 0.833 0.044 0.070 3
4 0.782 0.473 0.041 0.065 4
5 0.803 0.275 0.041 0.065 5
6 0.778 0.390 0.041 0.065 6
7 0.355 0.368 0.040 0.063 7
8 0.752 0.277 0.041 0.065 8
9 0.495 0.647 0.036 0.058 9
10 0.304 0.825 0.041 0.065 10
11 0.205 0.755 0.035 0.057 11
12 0.659 0.112 0.033 0.053 12
13 0.835 0.100 0.042 0.067 13
14 0.060 0.623 0.041 0.065 14
15 0.688 0.657 0.042 0.067 15
16 0.926 0.738 0.036 0.058 16
17 0.874 0.147 0.041 0.065 17
18 0.121 0.772 0.042 0.067 18
19 0.237 0.650 0.046 0.073 19
20 0.291 0.000 0.044 0.070 20
21 0.159 0.063 0.034 0.055 21
22 0.008 0.368 0.044 0.070 22
24 0.003 0.543 0.048 0.077 24
25 0.522 0.118 0.035 0.057 25
26 0.799 0.083 0.037 0.060 26
27 0.985 0.577 0.037 0.060 27
28 0.542 0.460 0.035 0.057 28
29 0.822 0.073 0.035 0.057 29
