1 0.381 0.142 0.040 0.063 1
2 0.117 0.967 0.042 0.067 2
3 0.340 0.840 0.043 0.068 3
4 0.778 0.477 0.041 0.065 4
5 0.800 0.275 0.037 0.060 5
6 0.783 0.385 0.044 0.070 6
7 0.355 0.363 0.041 0.065 7
8 0.756 0.272 0.042 0.067 8
9 0.497 0.635 0.036 0.058 9
10 0.302 0.830 0.042 0.067 10
11 0.198 0.758 0.040 0.063 11
12 0.664 0.118 0.035 0.057 12
13 0.835 0.102 0.042 0.067 13
14 0.061 0.628 0.041 0.065 14
15 0.688 0.660 0.040 0.063 15
16 0.925 0.745 0.036 0.058 16
17 0.877 0.157 0.035 0.057 17
18 0.122 0.772 0.042 0.067 18
19 0.237 0.655 0.046 0.073 19
20 0.296 0.008 0.042 0.067 20
21 0.165 0.067 0.034 0.055 21
22 0.009 0.372 0.042 0.067 22
24 0.011 0.545 0.036 0.058 24
25 0.522 0.120 0.047 0.075 25
26 0.795 0.073 0.042 0.067 26
27 0.984 0.575 0.042 0.067 27
28 0.549 0.458 0.033 0.053 28
29 0.821 0.083 0.034 0.055 29
