1 0.380 0.153 0.036 0.058 1
2 0.121 0.968 0.041 0.065 2
3 0.330 0.840 0.035 0.057 3
4 0.781 0.472 0.037 0.060 4
5 0.804 0.278 0.041 0.065 5
6 0.778 0.397 0.041 0.065 6
7 0.354 0.373 0.042 0.067 7
8 0.751 0.278 0.041 0.065 8
9 0.497 0.650 0.035 0.057 9
10 0.306 0.820 0.048 0.077 10
11 0.206 0.755 0.042 0.067 11
12 0.656 0.110 0.033 0.053 12
13 0.839 0.098 0.040 0.063 13
14 0.058 0.623 0.042 0.067 14
15 0.693 0.653 0.036 0.058 15
16 0.926 0.735 0.040 0.063 16
17 0.870 0.145 0.037 0.060 17
18 0.119 0.773 0.042 0.067 18
19 0.231 0.647 0.041 0.065 19
20 0.291 0.000 0.044 0.070 20
21 0.155 0.062 0.035 0.057 21
22 0.007 0.368 0.042 0.067 22
24 0.000 0.550 0.048 0.077 24
25 0.524 0.110 0.048 0.077 25
26 0.800 0.088 0.033 0.053 26
27 0.990 0.572 0.041 0.065 27
28 0.542 0.460 0.036 0.058 28
29 0.824 0.067 0.035 0.057 29
