1 0.378 0.163 0.035 0.057 1
2 0.125 0.977 0.044 0.070 2
3 0.318 0.842 0.047 0.075 3
4 0.782 0.465 0.040 0.063 4
5 0.806 0.288 0.041 0.065 5
6 0.783 0.403 0.042 0.067 6
7 0.356 0.383 0.037 0.060 7
8 0.747 0.270 0.040 0.063 8
9 0.491 0.658 0.036 0.058 9
10 0.308 0.820 0.041 0.065 10
11 0.216 0.753 0.036 0.058 11
12 0.650 0.098 0.034 0.055 12
13 0.838 0.093 0.041 0.065 13
14 0.058 0.613 0.040 0.063 14
15 0.695 0.655 0.040 0.063 15
16 0.926 0.723 0.036 0.058 16
17 0.865 0.137 0.041 0.065 17
18 0.111 0.777 0.041 0.065 18
19 0.228 0.640 0.040 0.063 19
20 0.290 0.000 0.041 0.065 20
21 0.144 0.058 0.037 0.060 21
22 0.011 0.363 0.042 0.067 22
24 0.000 0.550 0.035 0.057 24
25 0.526 0.103 0.036 0.058 25
26 0.803 0.095 0.044 0.070 26
27 0.994 0.570 0.037 0.060 27
28 0.537 0.467 0.035 0.057 28
29 0.826 0.053 0.032 0.052 29
