1 0.381 0.152 0.036 0.058 1
2 0.121 0.967 0.042 0.067 2
3 0.329 0.837 0.042 0.067 3
4 0.781 0.475 0.041 0.065 4
5 0.804 0.275 0.041 0.065 5
6 0.779 0.395 0.044 0.070 6
7 0.355 0.370 0.041 0.065 7
8 0.752 0.278 0.042 0.067 8
9 0.496 0.645 0.036 0.058 9
10 0.303 0.827 0.042 0.067 10
11 0.204 0.757 0.037 0.060 11
12 0.658 0.110 0.035 0.057 12
13 0.835 0.100 0.042 0.067 13
14 0.059 0.625 0.042 0.067 14
15 0.688 0.655 0.041 0.065 15
16 0.925 0.738 0.036 0.058 16
17 0.874 0.147 0.041 0.065 17
18 0.120 0.773 0.040 0.063 18
19 0.231 0.648 0.037 0.060 19
20 0.291 0.000 0.044 0.070 20
21 0.155 0.058 0.040 0.063 21
22 0.005 0.367 0.046 0.073 22
24 0.008 0.548 0.036 0.058 24
25 0.522 0.117 0.033 0.053 25
26 0.799 0.088 0.035 0.057 26
27 0.988 0.573 0.041 0.065 27
28 0.543 0.460 0.035 0.057 28
29 0.822 0.070 0.033 0.053 29
