1 0.379 0.165 0.040 0.063 1
2 0.126 0.973 0.042 0.067 2
3 0.319 0.845 0.042 0.067 3
4 0.782 0.467 0.041 0.065 4
5 0.807 0.285 0.040 0.063 5
6 0.782 0.405 0.041 0.065 6
7 0.356 0.378 0.040 0.063 7
8 0.746 0.273 0.037 0.060 8
9 0.494 0.658 0.035 0.057 9
10 0.307 0.822 0.043 0.068 10
11 0.212 0.758 0.037 0.060 11
12 0.651 0.103 0.032 0.052 12
13 0.841 0.095 0.040 0.063 13
14 0.058 0.615 0.041 0.065 14
15 0.695 0.653 0.042 0.067 15
16 0.926 0.727 0.035 0.057 16
17 0.865 0.143 0.041 0.065 17
18 0.114 0.777 0.042 0.067 18
19 0.229 0.642 0.041 0.065 19
20 0.290 0.000 0.040 0.063 20
21 0.147 0.062 0.035 0.057 21
22 0.010 0.365 0.042 0.067 22
24 0.000 0.552 0.040 0.063 24
25 0.526 0.108 0.032 0.052 25
26 0.802 0.092 0.044 0.070 26
27 0.992 0.568 0.040 0.063 27
28 0.537 0.467 0.036 0.058 28
29 0.827 0.057 0.035 0.057 29
