1 0.374 0.172 0.035 0.057 1
2 0.127 0.983 0.043 0.068 2
3 0.311 0.857 0.048 0.077 3
4 0.780 0.462 0.037 0.060 4
5 0.805 0.300 0.042 0.067 5
6 0.791 0.403 0.043 0.068 6
7 0.364 0.387 0.042 0.067 7
8 0.746 0.263 0.040 0.063 8
9 0.487 0.667 0.035 0.057 9
10 0.312 0.828 0.040 0.063 10
11 0.225 0.755 0.037 0.060 11
12 0.649 0.087 0.032 0.052 12
13 0.841 0.087 0.043 0.068 13
14 0.058 0.603 0.041 0.065 14
15 0.701 0.663 0.037 0.060 15
16 0.931 0.715 0.037 0.060 16
17 0.858 0.135 0.043 0.068 17
18 0.107 0.780 0.042 0.067 18
19 0.223 0.635 0.040 0.063 19
20 0.296 0.000 0.047 0.075 20
21 0.132 0.065 0.036 0.058 21
22 0.011 0.362 0.042 0.067 22
24 0.002 0.552 0.035 0.057 24
25 0.528 0.093 0.032 0.052 25
26 0.794 0.112 0.030 0.048 26
27 0.999 0.560 0.042 0.067 27
28 0.536 0.478 0.036 0.058 28
29 0.832 0.045 0.035 0.057 29
