1 0.379 0.157 0.040 0.063 1
2 0.122 0.968 0.041 0.065 2
3 0.329 0.838 0.035 0.057 3
4 0.782 0.472 0.041 0.065 4
5 0.805 0.278 0.040 0.063 5
6 0.780 0.395 0.042 0.067 6
7 0.355 0.375 0.040 0.063 7
8 0.749 0.277 0.042 0.067 8
9 0.495 0.650 0.036 0.058 9
10 0.304 0.822 0.037 0.060 10
11 0.207 0.755 0.041 0.065 11
12 0.655 0.108 0.032 0.052 12
13 0.838 0.100 0.040 0.063 13
14 0.059 0.620 0.041 0.065 14
15 0.691 0.653 0.041 0.065 15
16 0.925 0.732 0.036 0.058 16
17 0.869 0.145 0.037 0.060 17
18 0.118 0.773 0.041 0.065 18
19 0.231 0.643 0.037 0.060 19
20 0.291 0.000 0.046 0.073 20
21 0.154 0.062 0.035 0.057 21
22 0.008 0.367 0.044 0.070 22
24 0.000 0.548 0.041 0.065 24
25 0.523 0.112 0.036 0.058 25
26 0.803 0.090 0.032 0.052 26
27 0.991 0.572 0.041 0.065 27
28 0.540 0.462 0.035 0.057 28
29 0.825 0.063 0.035 0.057 29
