1 0.374 0.168 0.037 0.060 1
2 0.126 0.982 0.044 0.070 2
3 0.314 0.855 0.044 0.070 3
4 0.782 0.463 0.037 0.060 4
5 0.807 0.293 0.041 0.065 5
6 0.784 0.405 0.041 0.065 6
7 0.360 0.385 0.040 0.063 7
8 0.747 0.267 0.040 0.063 8
9 0.491 0.662 0.035 0.057 9
10 0.311 0.828 0.048 0.077 10
11 0.220 0.753 0.040 0.063 11
12 0.650 0.095 0.037 0.060 12
13 0.838 0.088 0.041 0.065 13
14 0.056 0.610 0.042 0.067 14
15 0.698 0.662 0.037 0.060 15
16 0.929 0.720 0.037 0.060 16
17 0.861 0.138 0.036 0.058 17
18 0.110 0.777 0.042 0.067 18
19 0.225 0.638 0.041 0.065 19
20 0.294 0.000 0.041 0.065 20
21 0.134 0.062 0.048 0.077 21
22 0.010 0.365 0.042 0.067 22
24 0.002 0.552 0.035 0.057 24
25 0.524 0.098 0.042 0.067 25
26 0.800 0.102 0.048 0.077 26
27 0.996 0.565 0.042 0.067 27
28 0.542 0.475 0.048 0.077 28
29 0.832 0.048 0.034 0.055 29
