1 0.378 0.162 0.035 0.057 1
2 0.126 0.972 0.042 0.067 2
3 0.320 0.842 0.041 0.065 3
4 0.783 0.467 0.040 0.063 4
5 0.806 0.287 0.041 0.065 5
6 0.781 0.402 0.042 0.067 6
7 0.357 0.380 0.041 0.065 7
8 0.747 0.273 0.041 0.065 8
9 0.494 0.657 0.040 0.063 9
10 0.310 0.827 0.042 0.067 10
11 0.212 0.752 0.040 0.063 11
12 0.652 0.103 0.035 0.057 12
13 0.839 0.095 0.040 0.063 13
14 0.057 0.618 0.041 0.065 14
15 0.693 0.653 0.041 0.065 15
16 0.928 0.727 0.037 0.060 16
17 0.865 0.143 0.041 0.065 17
18 0.115 0.775 0.042 0.067 18
19 0.229 0.640 0.037 0.060 19
20 0.289 0.000 0.042 0.067 20
21 0.148 0.062 0.035 0.057 21
22 0.010 0.363 0.042 0.067 22
24 0.000 0.552 0.040 0.063 24
25 0.528 0.102 0.044 0.070 25
26 0.804 0.098 0.033 0.053 26
27 0.992 0.568 0.040 0.063 27
28 0.537 0.465 0.035 0.057 28
29 0.825 0.057 0.032 0.052 29
