1 0.381 0.145 0.036 0.058 1
2 0.118 0.968 0.044 0.070 2
3 0.342 0.842 0.048 0.077 3
4 0.778 0.477 0.041 0.065 4
5 0.800 0.273 0.041 0.065 5
6 0.783 0.385 0.043 0.068 6
7 0.355 0.363 0.041 0.065 7
8 0.755 0.272 0.036 0.058 8
9 0.497 0.637 0.036 0.058 9
10 0.305 0.822 0.046 0.073 10
11 0.199 0.760 0.037 0.060 11
12 0.661 0.117 0.035 0.057 12
13 0.836 0.100 0.037 0.060 13
14 0.061 0.630 0.041 0.065 14
15 0.685 0.660 0.041 0.065 15
16 0.926 0.743 0.035 0.057 16
17 0.877 0.157 0.035 0.057 17
18 0.124 0.768 0.042 0.067 18
19 0.236 0.652 0.040 0.063 19
20 0.296 0.008 0.042 0.067 20
21 0.164 0.068 0.036 0.058 21
22 0.009 0.372 0.042 0.067 22
24 0.016 0.545 0.035 0.057 24
25 0.518 0.123 0.033 0.053 25
26 0.800 0.073 0.032 0.052 26
27 0.983 0.575 0.041 0.065 27
28 0.547 0.460 0.035 0.057 28
29 0.821 0.080 0.032 0.052 29
