1 0.381 0.145 0.041 0.065 1
2 0.117 0.968 0.043 0.068 2
3 0.341 0.838 0.048 0.077 3
4 0.780 0.475 0.040 0.063 4
5 0.801 0.273 0.042 0.067 5
6 0.781 0.387 0.042 0.067 6
7 0.355 0.365 0.040 0.063 7
8 0.754 0.275 0.041 0.065 8
9 0.496 0.638 0.039 0.062 9
10 0.301 0.828 0.037 0.060 10
11 0.200 0.758 0.042 0.067 11
12 0.660 0.113 0.034 0.055 12
13 0.838 0.100 0.041 0.065 13
14 0.060 0.627 0.042 0.067 14
15 0.685 0.657 0.044 0.070 15
16 0.926 0.742 0.036 0.058 16
17 0.875 0.152 0.037 0.060 17
18 0.123 0.770 0.042 0.067 18
19 0.234 0.648 0.037 0.060 19
20 0.287 0.000 0.048 0.077 20
21 0.160 0.065 0.035 0.057 21
22 0.007 0.368 0.042 0.067 22
24 0.011 0.548 0.037 0.060 24
25 0.521 0.108 0.048 0.077 25
26 0.797 0.078 0.040 0.063 26
27 0.984 0.575 0.040 0.063 27
28 0.545 0.458 0.036 0.058 28
29 0.821 0.078 0.036 0.058 29
