1 0.255 0.660 0.048 0.077 1
2 0.810 0.063 0.048 0.077 2
3 0.692 0.420 0.048 0.077 3
4 0.170 0.817 0.048 0.077 4
5 0.548 0.403 0.048 0.077 5
7 0.713 0.392 0.048 0.077 7
8 0.326 0.178 0.048 0.077 8
9 0.114 0.645 0.046 0.073 9
10 0.398 0.748 0.048 0.077 10
11 0.405 0.793 0.048 0.077 11
13 1.000 0.108 0.047 0.075 13
15 0.912 0.172 0.048 0.077 15
16 0.126 0.215 0.048 0.077 16
17 0.852 0.245 0.044 0.070 17
19 0.914 0.077 0.047 0.075 19
20 0.157 0.850 0.043 0.068 20
21 0.522 0.010 0.048 0.077 21
22 0.950 0.323 0.048 0.077 22
23 0.218 0.648 0.043 0.068 23
24 0.388 0.815 0.048 0.077 24
27 0.296 0.360 0.048 0.077 27
30 0.885 0.108 0.048 0.077 30
31 0.919 0.782 0.046 0.073 31
32 0.117 0.742 0.048 0.077 32
33 0.672 0.098 0.048 0.077 33
34 0.190 0.858 0.048 0.077 34
35 0.966 1.000 0.046 0.073 35
36 0.004 0.792 0.048 0.077 36
37 0.062 0.715 0.048 0.077 37
38 0.511 0.063 0.048 0.077 38
39 0.439 0.618 0.041 0.065 39
40 0.683 0.112 0.045 0.072 40
41 0.391 0.860 0.048 0.077 41
42 0.415 0.958 0.046 0.073 42
44 0.975 0.308 0.048 0.077 44
45 0.102 0.725 0.048 0.077 45
48 0.868 0.073 0.048 0.077 48
49 0.021 0.080 0.048 0.077 49
50 0.401 0.038 0.048 0.077 50
51 0.177 0.753 0.048 0.077 51
53 0.827 0.535 0.044 0.070 53
57 0.219 0.777 0.046 0.073 57
60 0.880 0.585 0.048 0.077 60
