1 0.255 0.663 0.048 0.077 1
2 0.806 0.080 0.034 0.055 2
3 0.685 0.418 0.042 0.067 3
4 0.171 0.820 0.048 0.077 4
5 0.549 0.407 0.048 0.077 5
7 0.711 0.382 0.041 0.065 7
8 0.324 0.183 0.048 0.077 8
9 0.113 0.648 0.048 0.077 9
10 0.393 0.748 0.044 0.070 10
11 0.405 0.790 0.048 0.077 11
13 0.997 0.113 0.048 0.077 13
15 0.917 0.167 0.047 0.075 15
16 0.140 0.203 0.037 0.060 16
17 0.853 0.245 0.044 0.070 17
19 0.906 0.077 0.048 0.077 19
20 0.155 0.847 0.048 0.077 20
21 0.521 0.007 0.048 0.077 21
22 0.950 0.325 0.048 0.077 22
23 0.218 0.642 0.048 0.077 23
24 0.386 0.817 0.048 0.077 24
27 0.298 0.367 0.047 0.075 27
30 0.890 0.120 0.048 0.077 30
31 0.921 0.778 0.047 0.075 31
32 0.119 0.737 0.045 0.072 32
33 0.658 0.082 0.042 0.067 33
34 0.189 0.860 0.047 0.075 34
35 0.953 0.998 0.048 0.077 35
36 0.008 0.790 0.048 0.077 36
37 0.064 0.712 0.047 0.075 37
38 0.504 0.068 0.048 0.077 38
39 0.442 0.617 0.044 0.070 39
40 0.681 0.115 0.044 0.070 40
41 0.386 0.860 0.048 0.077 41
42 0.417 0.960 0.040 0.063 42
44 0.975 0.308 0.044 0.070 44
45 0.104 0.730 0.048 0.077 45
48 0.868 0.067 0.048 0.077 48
49 0.021 0.078 0.046 0.073 49
50 0.400 0.033 0.045 0.072 50
51 0.174 0.755 0.042 0.067 51
53 0.832 0.535 0.040 0.063 53
57 0.217 0.780 0.048 0.077 57
60 0.879 0.582 0.047 0.075 60
