1 0.249 0.675 0.044 0.070 1
2 0.799 0.090 0.048 0.077 2
3 0.685 0.412 0.048 0.077 3
4 0.170 0.817 0.046 0.073 4
5 0.550 0.417 0.048 0.077 5
7 0.702 0.378 0.047 0.075 7
8 0.319 0.205 0.042 0.067 8
9 0.095 0.655 0.048 0.077 9
10 0.414 0.740 0.037 0.060 10
11 0.401 0.787 0.043 0.068 11
13 0.991 0.125 0.048 0.077 13
15 0.921 0.140 0.048 0.077 15
16 0.147 0.238 0.042 0.067 16
17 0.858 0.262 0.048 0.077 17
19 0.899 0.055 0.048 0.077 19
20 0.156 0.842 0.040 0.063 20
21 0.521 0.010 0.048 0.077 21
22 0.944 0.323 0.048 0.077 22
23 0.209 0.655 0.048 0.077 23
24 0.384 0.818 0.044 0.070 24
27 0.299 0.363 0.042 0.067 27
30 0.893 0.123 0.048 0.077 30
31 0.916 0.778 0.042 0.067 31
32 0.116 0.742 0.048 0.077 32
33 0.668 0.080 0.048 0.077 33
34 0.186 0.855 0.048 0.077 34
35 0.946 0.983 0.048 0.077 35
36 0.016 0.767 0.048 0.077 36
37 0.059 0.727 0.047 0.075 37
38 0.508 0.070 0.042 0.067 38
39 0.451 0.593 0.041 0.065 39
40 0.661 0.125 0.048 0.077 40
41 0.386 0.873 0.047 0.075 41
42 0.406 0.978 0.048 0.077 42
44 0.958 0.310 0.048 0.077 44
45 0.092 0.753 0.048 0.077 45
48 0.860 0.080 0.048 0.077 48
49 0.009 0.122 0.044 0.070 49
50 0.401 0.033 0.046 0.073 50
51 0.174 0.753 0.048 0.077 51
53 0.835 0.538 0.044 0.070 53
57 0.210 0.802 0.047 0.075 57
60 0.870 0.575 0.048 0.077 60
