1 0.102 0.517 0.048 0.077 1
2 0.025 0.785 0.047 0.075 2
3 0.858 0.297 0.040 0.063 3
4 0.762 0.907 0.036 0.058 4
5 0.059 0.270 0.042 0.067 5
6 0.033 0.375 0.042 0.067 6
7 0.696 0.553 0.041 0.065 7
9 0.662 0.565 0.042 0.067 9
10 0.064 0.828 0.037 0.060 10
11 0.806 0.150 0.044 0.070 11
12 0.622 0.573 0.048 0.077 12
13 0.078 0.640 0.041 0.065 13
14 0.121 0.423 0.035 0.057 14
15 0.649 1.000 0.033 0.053 15
16 0.018 0.422 0.048 0.077 16
17 0.099 0.448 0.036 0.058 17
18 0.639 0.522 0.042 0.067 18
19 0.065 0.527 0.037 0.060 19
21 0.160 0.050 0.041 0.065 21
22 0.829 0.762 0.041 0.065 22
23 0.598 0.025 0.037 0.060 23
24 1.000 0.190 0.035 0.057 24
25 0.536 0.248 0.043 0.068 25
26 0.414 0.375 0.042 0.067 26
27 0.403 0.117 0.037 0.060 27
28 0.855 0.878 0.042 0.067 28
29 0.211 0.517 0.042 0.067 29
30 0.512 0.827 0.037 0.060 30
31 0.082 0.585 0.035 0.057 31
32 0.727 0.208 0.036 0.058 32
33 0.000 0.662 0.040 0.063 33
