1 0.099 0.520 0.048 0.077 1
2 0.025 0.790 0.048 0.077 2
3 0.871 0.283 0.040 0.063 3
4 0.769 0.923 0.033 0.053 4
5 0.065 0.262 0.041 0.065 5
6 0.026 0.370 0.044 0.070 6
7 0.701 0.555 0.040 0.063 7
9 0.664 0.567 0.041 0.065 9
10 0.073 0.832 0.035 0.057 10
11 0.805 0.160 0.044 0.070 11
12 0.610 0.573 0.037 0.060 12
13 0.076 0.640 0.035 0.057 13
14 0.119 0.440 0.035 0.057 14
15 0.646 0.998 0.040 0.063 15
16 0.028 0.425 0.041 0.065 16
17 0.091 0.440 0.040 0.063 17
18 0.637 0.527 0.048 0.077 18
19 0.056 0.528 0.048 0.077 19
21 0.167 0.042 0.037 0.060 21
22 0.829 0.762 0.040 0.063 22
23 0.592 0.012 0.037 0.060 23
24 1.000 0.208 0.037 0.060 24
25 0.543 0.257 0.040 0.063 25
26 0.400 0.393 0.041 0.065 26
27 0.414 0.137 0.037 0.060 27
28 0.859 0.890 0.043 0.068 28
29 0.207 0.512 0.042 0.067 29
30 0.510 0.810 0.035 0.057 30
31 0.083 0.598 0.044 0.070 31
32 0.729 0.233 0.040 0.063 32
33 0.000 0.633 0.037 0.060 33
