1 0.096 0.523 0.048 0.077 1
2 0.025 0.795 0.047 0.075 2
3 0.874 0.283 0.037 0.060 3
4 0.774 0.933 0.035 0.057 4
5 0.065 0.265 0.048 0.077 5
6 0.022 0.372 0.042 0.067 6
7 0.703 0.553 0.041 0.065 7
9 0.664 0.567 0.040 0.063 9
10 0.080 0.838 0.040 0.063 10
11 0.806 0.162 0.044 0.070 11
12 0.608 0.570 0.037 0.060 12
13 0.076 0.645 0.037 0.060 13
14 0.121 0.445 0.042 0.067 14
15 0.647 1.000 0.033 0.053 15
16 0.033 0.423 0.040 0.063 16
17 0.089 0.442 0.040 0.063 17
18 0.635 0.528 0.048 0.077 18
19 0.055 0.537 0.046 0.073 19
21 0.166 0.038 0.037 0.060 21
22 0.830 0.763 0.036 0.058 22
23 0.588 0.012 0.036 0.058 23
24 1.000 0.213 0.035 0.057 24
25 0.548 0.255 0.042 0.067 25
26 0.393 0.393 0.044 0.070 26
27 0.416 0.148 0.040 0.063 27
28 0.860 0.895 0.044 0.070 28
29 0.204 0.510 0.042 0.067 29
30 0.508 0.802 0.041 0.065 30
31 0.087 0.592 0.040 0.063 31
32 0.727 0.242 0.036 0.058 32
33 0.005 0.628 0.044 0.070 33
