1 0.099 0.518 0.048 0.077 1
2 0.023 0.795 0.048 0.077 2
3 0.870 0.285 0.036 0.058 3
4 0.770 0.922 0.036 0.058 4
5 0.065 0.260 0.042 0.067 5
6 0.027 0.368 0.042 0.067 6
7 0.702 0.557 0.040 0.063 7
9 0.662 0.568 0.042 0.067 9
10 0.077 0.833 0.037 0.060 10
11 0.806 0.160 0.042 0.067 11
12 0.611 0.573 0.036 0.058 12
13 0.079 0.635 0.048 0.077 13
14 0.120 0.438 0.041 0.065 14
15 0.647 1.000 0.041 0.065 15
16 0.029 0.427 0.037 0.060 16
17 0.091 0.447 0.036 0.058 17
18 0.635 0.523 0.048 0.077 18
19 0.059 0.530 0.048 0.077 19
21 0.165 0.042 0.041 0.065 21
22 0.829 0.762 0.041 0.065 22
23 0.589 0.015 0.047 0.075 23
24 0.997 0.205 0.036 0.058 24
25 0.543 0.257 0.040 0.063 25
26 0.401 0.393 0.042 0.067 26
27 0.415 0.137 0.037 0.060 27
28 0.858 0.890 0.043 0.068 28
29 0.208 0.505 0.044 0.070 29
30 0.511 0.812 0.037 0.060 30
31 0.081 0.590 0.036 0.058 31
32 0.729 0.232 0.037 0.060 32
33 0.000 0.638 0.045 0.072 33
