1 0.105 0.515 0.048 0.077 1
2 0.024 0.787 0.048 0.077 2
3 0.859 0.298 0.035 0.057 3
4 0.760 0.907 0.036 0.058 4
5 0.059 0.268 0.042 0.067 5
6 0.034 0.377 0.040 0.063 6
7 0.695 0.553 0.040 0.063 7
9 0.662 0.563 0.042 0.067 9
10 0.059 0.828 0.037 0.060 10
11 0.803 0.152 0.044 0.070 11
12 0.620 0.582 0.040 0.063 12
13 0.077 0.637 0.037 0.060 13
14 0.120 0.422 0.036 0.058 14
15 0.651 0.998 0.044 0.070 15
16 0.023 0.422 0.040 0.063 16
17 0.098 0.452 0.037 0.060 17
18 0.641 0.525 0.046 0.073 18
19 0.070 0.523 0.048 0.077 19
21 0.163 0.050 0.040 0.063 21
22 0.829 0.762 0.040 0.063 22
23 0.597 0.027 0.037 0.060 23
24 0.998 0.188 0.035 0.057 24
25 0.537 0.248 0.041 0.065 25
26 0.414 0.373 0.042 0.067 26
27 0.403 0.115 0.036 0.058 27
28 0.857 0.877 0.044 0.070 28
29 0.210 0.515 0.044 0.070 29
30 0.512 0.827 0.040 0.063 30
31 0.085 0.587 0.035 0.057 31
32 0.727 0.213 0.042 0.067 32
33 0.000 0.662 0.042 0.067 33
