1 0.100 0.518 0.048 0.077 1
2 0.023 0.792 0.048 0.077 2
3 0.866 0.285 0.035 0.057 3
4 0.770 0.917 0.035 0.057 4
5 0.064 0.263 0.042 0.067 5
6 0.027 0.372 0.042 0.067 6
7 0.700 0.557 0.041 0.065 7
9 0.665 0.568 0.042 0.067 9
10 0.073 0.828 0.037 0.060 10
11 0.804 0.157 0.042 0.067 11
12 0.615 0.573 0.040 0.063 12
13 0.075 0.642 0.037 0.060 13
14 0.116 0.437 0.035 0.057 14
15 0.648 1.000 0.041 0.065 15
16 0.027 0.427 0.042 0.067 16
17 0.092 0.445 0.035 0.057 17
18 0.640 0.527 0.048 0.077 18
19 0.060 0.527 0.048 0.077 19
21 0.166 0.043 0.040 0.063 21
22 0.829 0.762 0.041 0.065 22
23 0.594 0.015 0.036 0.058 23
24 0.999 0.202 0.040 0.063 24
25 0.541 0.255 0.042 0.067 25
26 0.405 0.392 0.042 0.067 26
27 0.414 0.132 0.036 0.058 27
28 0.858 0.892 0.046 0.073 28
29 0.208 0.510 0.042 0.067 29
30 0.511 0.813 0.041 0.065 30
31 0.086 0.587 0.048 0.077 31
32 0.729 0.232 0.037 0.060 32
33 0.000 0.645 0.044 0.070 33
