1 0.100 0.522 0.046 0.073 1
2 0.025 0.792 0.048 0.077 2
3 0.871 0.282 0.037 0.060 3
4 0.770 0.920 0.033 0.053 4
5 0.065 0.262 0.042 0.067 5
6 0.025 0.373 0.042 0.067 6
7 0.701 0.558 0.042 0.067 7
9 0.666 0.572 0.044 0.070 9
10 0.075 0.833 0.036 0.058 10
11 0.804 0.158 0.042 0.067 11
12 0.609 0.575 0.037 0.060 12
13 0.076 0.642 0.036 0.058 13
14 0.122 0.442 0.037 0.060 14
15 0.647 1.000 0.035 0.057 15
16 0.032 0.427 0.048 0.077 16
17 0.092 0.442 0.037 0.060 17
18 0.636 0.527 0.048 0.077 18
19 0.058 0.530 0.048 0.077 19
21 0.167 0.042 0.037 0.060 21
22 0.829 0.762 0.041 0.065 22
23 0.589 0.010 0.045 0.072 23
24 1.000 0.207 0.036 0.058 24
25 0.542 0.257 0.041 0.065 25
26 0.400 0.398 0.046 0.073 26
27 0.416 0.137 0.041 0.065 27
28 0.859 0.892 0.045 0.072 28
29 0.207 0.507 0.042 0.067 29
30 0.510 0.808 0.041 0.065 30
31 0.079 0.588 0.048 0.077 31
32 0.728 0.232 0.036 0.058 32
33 0.000 0.633 0.044 0.070 33
