1 0.105 0.515 0.047 0.075 1
2 0.025 0.788 0.048 0.077 2
3 0.858 0.303 0.041 0.065 3
4 0.761 0.907 0.034 0.055 4
5 0.059 0.268 0.042 0.067 5
6 0.033 0.377 0.041 0.065 6
7 0.696 0.552 0.040 0.063 7
9 0.662 0.565 0.042 0.067 9
10 0.058 0.830 0.036 0.058 10
11 0.805 0.150 0.042 0.067 11
12 0.624 0.588 0.048 0.077 12
13 0.076 0.635 0.032 0.052 13
14 0.123 0.420 0.036 0.058 14
15 0.651 0.998 0.042 0.067 15
16 0.024 0.423 0.032 0.052 16
17 0.099 0.448 0.042 0.067 17
18 0.641 0.522 0.044 0.070 18
19 0.071 0.520 0.044 0.070 19
21 0.163 0.052 0.040 0.063 21
22 0.828 0.762 0.041 0.065 22
23 0.597 0.028 0.036 0.058 23
24 1.000 0.180 0.032 0.052 24
25 0.535 0.243 0.040 0.063 25
26 0.415 0.368 0.042 0.067 26
27 0.401 0.113 0.036 0.058 27
28 0.858 0.873 0.043 0.068 28
29 0.211 0.518 0.041 0.065 29
30 0.511 0.833 0.037 0.060 30
31 0.083 0.587 0.033 0.053 31
32 0.727 0.207 0.040 0.063 32
33 0.000 0.670 0.041 0.065 33
