1 0.106 0.517 0.048 0.077 1
2 0.028 0.785 0.048 0.077 2
3 0.855 0.305 0.037 0.060 3
4 0.758 0.903 0.037 0.060 4
5 0.057 0.273 0.042 0.067 5
6 0.033 0.382 0.042 0.067 6
7 0.693 0.553 0.042 0.067 7
9 0.661 0.563 0.043 0.068 9
10 0.057 0.827 0.036 0.058 10
11 0.806 0.148 0.042 0.067 11
12 0.622 0.583 0.037 0.060 12
13 0.076 0.635 0.035 0.057 13
14 0.122 0.417 0.042 0.067 14
15 0.654 1.000 0.042 0.067 15
16 0.022 0.418 0.040 0.063 16
17 0.104 0.458 0.048 0.077 17
18 0.637 0.525 0.046 0.073 18
19 0.071 0.523 0.044 0.070 19
21 0.161 0.053 0.042 0.067 21
22 0.829 0.762 0.041 0.065 22
23 0.598 0.032 0.040 0.063 23
24 1.000 0.178 0.032 0.052 24
25 0.535 0.243 0.041 0.065 25
26 0.416 0.362 0.041 0.065 26
27 0.399 0.113 0.036 0.058 27
28 0.859 0.883 0.041 0.065 28
29 0.211 0.522 0.042 0.067 29
30 0.510 0.838 0.037 0.060 30
31 0.081 0.587 0.034 0.055 31
32 0.726 0.205 0.037 0.060 32
33 0.007 0.670 0.033 0.053 33
