1 0.097 0.525 0.048 0.077 1
2 0.027 0.792 0.048 0.077 2
3 0.873 0.282 0.034 0.055 3
4 0.774 0.927 0.035 0.057 4
5 0.066 0.258 0.042 0.067 5
6 0.024 0.370 0.042 0.067 6
7 0.704 0.555 0.040 0.063 7
9 0.664 0.575 0.048 0.077 9
10 0.080 0.835 0.035 0.057 10
11 0.807 0.163 0.044 0.070 11
12 0.608 0.572 0.035 0.057 12
13 0.078 0.640 0.032 0.052 13
14 0.122 0.452 0.044 0.070 14
15 0.646 1.000 0.034 0.055 15
16 0.034 0.422 0.048 0.077 16
17 0.090 0.442 0.037 0.060 17
18 0.636 0.527 0.048 0.077 18
19 0.054 0.535 0.048 0.077 19
21 0.166 0.037 0.041 0.065 21
22 0.829 0.762 0.040 0.063 22
23 0.590 0.010 0.037 0.060 23
24 1.000 0.212 0.036 0.058 24
25 0.546 0.258 0.042 0.067 25
26 0.396 0.393 0.037 0.060 26
27 0.417 0.147 0.036 0.058 27
28 0.863 0.893 0.042 0.067 28
29 0.207 0.503 0.048 0.077 29
30 0.509 0.807 0.037 0.060 30
31 0.086 0.592 0.037 0.060 31
32 0.727 0.238 0.036 0.058 32
33 0.007 0.632 0.040 0.063 33
