1 0.102 0.517 0.048 0.077 1
2 0.023 0.788 0.046 0.073 2
3 0.864 0.288 0.037 0.060 3
4 0.766 0.913 0.036 0.058 4
5 0.061 0.265 0.042 0.067 5
6 0.034 0.377 0.048 0.077 6
7 0.698 0.555 0.040 0.063 7
9 0.662 0.567 0.044 0.070 9
10 0.067 0.827 0.040 0.063 10
11 0.805 0.153 0.042 0.067 11
12 0.617 0.575 0.037 0.060 12
13 0.076 0.638 0.036 0.058 13
14 0.122 0.428 0.045 0.072 14
15 0.648 1.000 0.041 0.065 15
16 0.023 0.427 0.042 0.067 16
17 0.096 0.445 0.037 0.060 17
18 0.639 0.522 0.044 0.070 18
19 0.065 0.525 0.048 0.077 19
21 0.168 0.053 0.048 0.077 21
22 0.829 0.762 0.040 0.063 22
23 0.592 0.018 0.048 0.077 23
24 1.000 0.193 0.040 0.063 24
25 0.539 0.252 0.041 0.065 25
26 0.410 0.383 0.042 0.067 26
27 0.411 0.122 0.037 0.060 27
28 0.856 0.882 0.042 0.067 28
29 0.211 0.508 0.048 0.077 29
30 0.512 0.820 0.040 0.063 30
31 0.082 0.588 0.035 0.057 31
32 0.730 0.220 0.040 0.063 32
33 0.000 0.650 0.035 0.057 33
