1 0.101 0.517 0.048 0.077 1
2 0.024 0.787 0.048 0.077 2
3 0.861 0.290 0.036 0.058 3
4 0.767 0.912 0.035 0.057 4
5 0.061 0.265 0.042 0.067 5
6 0.031 0.370 0.042 0.067 6
7 0.698 0.555 0.040 0.063 7
9 0.661 0.573 0.048 0.077 9
10 0.069 0.828 0.033 0.053 10
11 0.804 0.155 0.044 0.070 11
12 0.618 0.582 0.044 0.070 12
13 0.076 0.638 0.035 0.057 13
14 0.121 0.432 0.037 0.060 14
15 0.648 1.000 0.043 0.068 15
16 0.024 0.428 0.042 0.067 16
17 0.096 0.443 0.040 0.063 17
18 0.639 0.523 0.045 0.072 18
19 0.066 0.517 0.046 0.073 19
21 0.165 0.048 0.037 0.060 21
22 0.829 0.762 0.040 0.063 22
23 0.596 0.017 0.037 0.060 23
24 0.999 0.195 0.036 0.058 24
25 0.539 0.255 0.042 0.067 25
26 0.408 0.383 0.042 0.067 26
27 0.409 0.125 0.035 0.057 27
28 0.856 0.883 0.044 0.070 28
29 0.210 0.512 0.041 0.065 29
30 0.512 0.820 0.042 0.067 30
31 0.087 0.587 0.042 0.067 31
32 0.730 0.222 0.037 0.060 32
33 0.000 0.650 0.040 0.063 33
