1 0.105 0.518 0.048 0.077 1
2 0.025 0.785 0.048 0.077 2
3 0.856 0.305 0.041 0.065 3
4 0.758 0.903 0.037 0.060 4
5 0.058 0.270 0.042 0.067 5
6 0.033 0.382 0.042 0.067 6
7 0.695 0.553 0.037 0.060 7
9 0.664 0.563 0.043 0.068 9
10 0.057 0.830 0.035 0.057 10
11 0.804 0.148 0.043 0.068 11
12 0.623 0.580 0.044 0.070 12
13 0.076 0.635 0.035 0.057 13
14 0.123 0.418 0.037 0.060 14
15 0.651 0.997 0.037 0.060 15
16 0.022 0.420 0.041 0.065 16
17 0.100 0.453 0.037 0.060 17
18 0.637 0.523 0.037 0.060 18
19 0.069 0.523 0.042 0.067 19
21 0.164 0.047 0.032 0.052 21
22 0.829 0.762 0.040 0.063 22
23 0.597 0.028 0.037 0.060 23
24 1.000 0.180 0.033 0.053 24
25 0.536 0.242 0.040 0.063 25
26 0.417 0.362 0.036 0.058 26
27 0.399 0.113 0.037 0.060 27
28 0.857 0.872 0.042 0.067 28
29 0.211 0.518 0.041 0.065 29
30 0.510 0.835 0.040 0.063 30
31 0.083 0.587 0.035 0.057 31
32 0.726 0.203 0.037 0.060 32
33 0.000 0.667 0.042 0.067 33
