1 0.102 0.517 0.048 0.077 1
2 0.025 0.783 0.048 0.077 2
3 0.859 0.297 0.040 0.063 3
4 0.761 0.908 0.035 0.057 4
5 0.059 0.265 0.040 0.063 5
6 0.032 0.375 0.042 0.067 6
7 0.696 0.555 0.041 0.065 7
9 0.662 0.565 0.044 0.070 9
10 0.064 0.828 0.034 0.055 10
11 0.805 0.152 0.042 0.067 11
12 0.619 0.572 0.048 0.077 12
13 0.075 0.637 0.036 0.058 13
14 0.121 0.427 0.041 0.065 14
15 0.652 1.000 0.044 0.070 15
16 0.023 0.423 0.040 0.063 16
17 0.098 0.447 0.036 0.058 17
18 0.640 0.522 0.044 0.070 18
19 0.067 0.522 0.047 0.075 19
21 0.164 0.048 0.040 0.063 21
22 0.829 0.763 0.042 0.067 22
23 0.598 0.023 0.037 0.060 23
24 1.000 0.188 0.034 0.055 24
25 0.535 0.248 0.037 0.060 25
26 0.416 0.375 0.037 0.060 26
27 0.406 0.122 0.040 0.063 27
28 0.855 0.880 0.044 0.070 28
29 0.209 0.520 0.040 0.063 29
30 0.510 0.825 0.040 0.063 30
31 0.084 0.593 0.042 0.067 31
32 0.729 0.215 0.037 0.060 32
33 0.000 0.658 0.036 0.058 33
