1 0.103 0.513 0.048 0.077 1
2 0.026 0.787 0.047 0.075 2
3 0.858 0.297 0.040 0.063 3
4 0.762 0.908 0.037 0.060 4
5 0.058 0.275 0.048 0.077 5
6 0.032 0.373 0.037 0.060 6
7 0.696 0.553 0.040 0.063 7
9 0.664 0.563 0.043 0.068 9
10 0.065 0.827 0.041 0.065 10
11 0.806 0.152 0.044 0.070 11
12 0.621 0.578 0.035 0.057 12
13 0.079 0.632 0.048 0.077 13
14 0.120 0.425 0.035 0.057 14
15 0.649 1.000 0.033 0.053 15
16 0.021 0.423 0.037 0.060 16
17 0.098 0.448 0.036 0.058 17
18 0.642 0.525 0.046 0.073 18
19 0.067 0.522 0.048 0.077 19
21 0.164 0.050 0.037 0.060 21
22 0.829 0.762 0.041 0.065 22
23 0.594 0.025 0.048 0.077 23
24 1.000 0.188 0.037 0.060 24
25 0.537 0.250 0.041 0.065 25
26 0.412 0.377 0.042 0.067 26
27 0.405 0.118 0.035 0.057 27
28 0.855 0.878 0.043 0.068 28
29 0.207 0.518 0.042 0.067 29
30 0.511 0.825 0.037 0.060 30
31 0.084 0.587 0.044 0.070 31
32 0.729 0.213 0.037 0.060 32
33 0.000 0.657 0.040 0.063 33
