1 0.106 0.515 0.048 0.077 1
2 0.026 0.785 0.047 0.075 2
3 0.856 0.303 0.037 0.060 3
4 0.758 0.902 0.035 0.057 4
5 0.058 0.270 0.041 0.065 5
6 0.032 0.383 0.044 0.070 6
7 0.693 0.553 0.042 0.067 7
9 0.664 0.562 0.044 0.070 9
10 0.056 0.830 0.037 0.060 10
11 0.806 0.152 0.042 0.067 11
12 0.622 0.590 0.048 0.077 12
13 0.078 0.628 0.044 0.070 13
14 0.122 0.418 0.036 0.058 14
15 0.655 1.000 0.042 0.067 15
16 0.023 0.418 0.040 0.063 16
17 0.094 0.448 0.048 0.077 17
18 0.640 0.523 0.044 0.070 18
19 0.068 0.522 0.041 0.065 19
21 0.161 0.052 0.040 0.063 21
22 0.830 0.762 0.042 0.067 22
23 0.596 0.030 0.035 0.057 23
24 1.000 0.187 0.032 0.052 24
25 0.536 0.243 0.041 0.065 25
26 0.417 0.360 0.035 0.057 26
27 0.399 0.113 0.036 0.058 27
28 0.857 0.872 0.043 0.068 28
29 0.211 0.520 0.042 0.067 29
30 0.510 0.837 0.036 0.058 30
31 0.083 0.587 0.035 0.057 31
32 0.727 0.203 0.037 0.060 32
33 0.000 0.668 0.042 0.067 33
