1 0.095 0.527 0.048 0.077 1
2 0.027 0.793 0.048 0.077 2
3 0.875 0.283 0.036 0.058 3
4 0.774 0.928 0.035 0.057 4
5 0.067 0.260 0.042 0.067 5
6 0.022 0.372 0.042 0.067 6
7 0.704 0.557 0.042 0.067 7
9 0.661 0.570 0.045 0.072 9
10 0.079 0.835 0.035 0.057 10
11 0.807 0.160 0.042 0.067 11
12 0.607 0.572 0.035 0.057 12
13 0.077 0.640 0.042 0.067 13
14 0.122 0.447 0.036 0.058 14
15 0.648 1.000 0.034 0.055 15
16 0.033 0.422 0.042 0.067 16
17 0.089 0.442 0.040 0.063 17
18 0.635 0.528 0.048 0.077 18
19 0.055 0.535 0.046 0.073 19
21 0.167 0.038 0.040 0.063 21
22 0.830 0.762 0.042 0.067 22
23 0.588 0.012 0.036 0.058 23
24 1.000 0.210 0.037 0.060 24
25 0.544 0.258 0.042 0.067 25
26 0.396 0.397 0.035 0.057 26
27 0.418 0.145 0.041 0.065 27
28 0.860 0.895 0.044 0.070 28
29 0.206 0.510 0.042 0.067 29
30 0.509 0.803 0.040 0.063 30
31 0.081 0.590 0.036 0.058 31
32 0.727 0.242 0.037 0.060 32
33 0.006 0.625 0.036 0.058 33
