1 0.103 0.515 0.048 0.077 1
2 0.024 0.788 0.045 0.072 2
3 0.860 0.293 0.036 0.058 3
4 0.765 0.910 0.037 0.060 4
5 0.061 0.267 0.041 0.065 5
6 0.033 0.373 0.043 0.068 6
7 0.696 0.557 0.042 0.067 7
9 0.665 0.570 0.047 0.075 9
10 0.067 0.828 0.036 0.058 10
11 0.805 0.153 0.042 0.067 11
12 0.618 0.577 0.036 0.058 12
13 0.078 0.637 0.032 0.052 13
14 0.121 0.428 0.037 0.060 14
15 0.648 1.000 0.032 0.052 15
16 0.024 0.427 0.040 0.063 16
17 0.097 0.447 0.035 0.057 17
18 0.640 0.523 0.045 0.072 18
19 0.066 0.522 0.044 0.070 19
21 0.165 0.048 0.041 0.065 21
22 0.829 0.762 0.040 0.063 22
23 0.597 0.020 0.037 0.060 23
24 1.000 0.192 0.037 0.060 24
25 0.537 0.250 0.040 0.063 25
26 0.411 0.380 0.040 0.063 26
27 0.407 0.118 0.036 0.058 27
28 0.856 0.880 0.041 0.065 28
29 0.210 0.510 0.048 0.077 29
30 0.511 0.823 0.040 0.063 30
31 0.081 0.588 0.035 0.057 31
32 0.730 0.218 0.040 0.063 32
33 0.000 0.657 0.035 0.057 33
