1 0.104 0.515 0.048 0.077 1
2 0.026 0.785 0.046 0.073 2
3 0.856 0.302 0.043 0.068 3
4 0.758 0.902 0.035 0.057 4
5 0.059 0.270 0.042 0.067 5
6 0.033 0.378 0.042 0.067 6
7 0.696 0.553 0.037 0.060 7
9 0.662 0.565 0.044 0.070 9
10 0.058 0.832 0.034 0.055 10
11 0.805 0.155 0.037 0.060 11
12 0.621 0.583 0.040 0.063 12
13 0.074 0.638 0.034 0.055 13
14 0.121 0.420 0.040 0.063 14
15 0.652 1.000 0.040 0.063 15
16 0.021 0.418 0.041 0.065 16
17 0.099 0.453 0.040 0.063 17
18 0.640 0.520 0.042 0.067 18
19 0.070 0.523 0.044 0.070 19
21 0.161 0.053 0.036 0.058 21
22 0.830 0.762 0.042 0.067 22
23 0.597 0.030 0.035 0.057 23
24 1.000 0.183 0.033 0.053 24
25 0.536 0.245 0.041 0.065 25
26 0.415 0.367 0.041 0.065 26
27 0.398 0.118 0.044 0.070 27
28 0.857 0.877 0.044 0.070 28
29 0.211 0.517 0.042 0.067 29
30 0.510 0.837 0.035 0.057 30
31 0.083 0.587 0.035 0.057 31
32 0.727 0.210 0.041 0.065 32
33 0.000 0.670 0.041 0.065 33
