1 0.097 0.522 0.048 0.077 1
2 0.026 0.800 0.044 0.070 2
3 0.872 0.282 0.035 0.057 3
4 0.771 0.923 0.033 0.053 4
5 0.066 0.257 0.048 0.077 5
6 0.024 0.370 0.041 0.065 6
7 0.703 0.555 0.041 0.065 7
9 0.664 0.568 0.042 0.067 9
10 0.076 0.837 0.036 0.058 10
11 0.807 0.160 0.041 0.065 11
12 0.603 0.575 0.048 0.077 12
13 0.075 0.643 0.036 0.058 13
14 0.121 0.440 0.041 0.065 14
15 0.648 0.997 0.035 0.057 15
16 0.030 0.425 0.041 0.065 16
17 0.091 0.445 0.041 0.065 17
18 0.637 0.527 0.048 0.077 18
19 0.057 0.532 0.048 0.077 19
21 0.167 0.038 0.040 0.063 21
22 0.829 0.763 0.042 0.067 22
23 0.591 0.010 0.040 0.063 23
24 1.000 0.212 0.030 0.048 24
25 0.545 0.257 0.037 0.060 25
26 0.396 0.395 0.042 0.067 26
27 0.418 0.142 0.040 0.063 27
28 0.860 0.890 0.042 0.067 28
29 0.206 0.507 0.043 0.068 29
30 0.509 0.803 0.037 0.060 30
31 0.082 0.593 0.037 0.060 31
32 0.727 0.235 0.041 0.065 32
33 0.003 0.632 0.042 0.067 33
