1 0.099 0.522 0.047 0.075 1
2 0.023 0.793 0.048 0.077 2
3 0.872 0.283 0.036 0.058 3
4 0.772 0.925 0.036 0.058 4
5 0.062 0.262 0.042 0.067 5
6 0.025 0.368 0.042 0.067 6
7 0.702 0.557 0.041 0.065 7
9 0.661 0.568 0.044 0.070 9
10 0.075 0.833 0.035 0.057 10
11 0.806 0.160 0.042 0.067 11
12 0.609 0.575 0.040 0.063 12
13 0.076 0.640 0.035 0.057 13
14 0.121 0.445 0.037 0.060 14
15 0.648 1.000 0.040 0.063 15
16 0.029 0.425 0.041 0.065 16
17 0.094 0.443 0.048 0.077 17
18 0.637 0.527 0.048 0.077 18
19 0.056 0.530 0.048 0.077 19
21 0.166 0.042 0.037 0.060 21
22 0.829 0.762 0.041 0.065 22
23 0.589 0.013 0.037 0.060 23
24 1.000 0.208 0.040 0.063 24
25 0.544 0.258 0.041 0.065 25
26 0.398 0.392 0.042 0.067 26
27 0.415 0.142 0.037 0.060 27
28 0.859 0.892 0.043 0.068 28
29 0.208 0.505 0.048 0.077 29
30 0.511 0.810 0.037 0.060 30
31 0.082 0.592 0.035 0.057 31
32 0.728 0.233 0.036 0.058 32
33 0.000 0.633 0.048 0.077 33
