1 0.105 0.515 0.048 0.077 1
2 0.025 0.785 0.044 0.070 2
3 0.857 0.302 0.036 0.058 3
4 0.759 0.902 0.035 0.057 4
5 0.059 0.270 0.041 0.065 5
6 0.031 0.377 0.041 0.065 6
7 0.694 0.555 0.043 0.068 7
9 0.662 0.565 0.040 0.063 9
10 0.058 0.823 0.042 0.067 10
11 0.805 0.152 0.042 0.067 11
12 0.623 0.588 0.048 0.077 12
13 0.079 0.640 0.042 0.067 13
14 0.123 0.422 0.037 0.060 14
15 0.651 0.998 0.042 0.067 15
16 0.021 0.420 0.041 0.065 16
17 0.101 0.453 0.036 0.058 17
18 0.640 0.522 0.044 0.070 18
19 0.069 0.522 0.042 0.067 19
21 0.161 0.052 0.037 0.060 21
22 0.829 0.762 0.040 0.063 22
23 0.595 0.025 0.042 0.067 23
24 1.000 0.187 0.033 0.053 24
25 0.536 0.245 0.041 0.065 25
26 0.415 0.370 0.042 0.067 26
27 0.401 0.117 0.037 0.060 27
28 0.855 0.877 0.045 0.072 28
29 0.211 0.518 0.041 0.065 29
30 0.510 0.835 0.035 0.057 30
31 0.083 0.587 0.035 0.057 31
32 0.728 0.207 0.040 0.063 32
33 0.000 0.668 0.037 0.060 33
