1 0.105 0.518 0.048 0.077 1
2 0.025 0.785 0.046 0.073 2
3 0.859 0.297 0.041 0.065 3
4 0.761 0.908 0.037 0.060 4
5 0.059 0.267 0.042 0.067 5
6 0.033 0.373 0.040 0.063 6
7 0.696 0.553 0.040 0.063 7
9 0.662 0.563 0.044 0.070 9
10 0.061 0.828 0.036 0.058 10
11 0.805 0.153 0.042 0.067 11
12 0.615 0.578 0.048 0.077 12
13 0.079 0.632 0.048 0.077 13
14 0.120 0.423 0.036 0.058 14
15 0.649 1.000 0.033 0.053 15
16 0.022 0.425 0.041 0.065 16
17 0.099 0.448 0.037 0.060 17
18 0.640 0.522 0.043 0.068 18
19 0.066 0.527 0.042 0.067 19
21 0.163 0.052 0.036 0.058 21
22 0.830 0.763 0.037 0.060 22
23 0.596 0.025 0.037 0.060 23
24 1.000 0.187 0.033 0.053 24
25 0.537 0.250 0.042 0.067 25
26 0.412 0.375 0.042 0.067 26
27 0.405 0.115 0.035 0.057 27
28 0.854 0.878 0.044 0.070 28
29 0.211 0.520 0.042 0.067 29
30 0.511 0.828 0.041 0.065 30
31 0.083 0.587 0.035 0.057 31
32 0.728 0.210 0.037 0.060 32
33 0.000 0.660 0.040 0.063 33
