1 0.105 0.513 0.048 0.077 1
2 0.026 0.785 0.045 0.072 2
3 0.856 0.303 0.035 0.057 3
4 0.757 0.903 0.035 0.057 4
5 0.058 0.272 0.043 0.068 5
6 0.033 0.378 0.041 0.065 6
7 0.694 0.553 0.042 0.067 7
9 0.664 0.562 0.044 0.070 9
10 0.058 0.827 0.036 0.058 10
11 0.805 0.152 0.042 0.067 11
12 0.621 0.577 0.048 0.077 12
13 0.076 0.640 0.041 0.065 13
14 0.122 0.418 0.037 0.060 14
15 0.654 0.997 0.040 0.063 15
16 0.021 0.417 0.042 0.067 16
17 0.099 0.450 0.042 0.067 17
18 0.641 0.520 0.042 0.067 18
19 0.073 0.517 0.048 0.077 19
21 0.160 0.052 0.037 0.060 21
22 0.829 0.762 0.040 0.063 22
23 0.597 0.030 0.035 0.057 23
24 0.999 0.182 0.032 0.052 24
25 0.536 0.245 0.041 0.065 25
26 0.415 0.365 0.042 0.067 26
27 0.399 0.112 0.035 0.057 27
28 0.856 0.875 0.042 0.067 28
29 0.210 0.520 0.042 0.067 29
30 0.511 0.833 0.041 0.065 30
31 0.081 0.590 0.037 0.060 31
32 0.728 0.207 0.042 0.067 32
33 0.000 0.667 0.042 0.067 33
