1 0.199 0.470 0.037 0.060 1
2 0.239 0.873 0.048 0.077 2
3 0.796 0.415 0.046 0.073 3
4 0.595 0.787 0.035 0.057 4
5 0.132 0.417 0.041 0.065 5
6 0.892 0.038 0.035 0.057 6
7 0.954 0.382 0.037 0.060 7
8 0.058 0.205 0.037 0.060 8
9 0.333 0.330 0.036 0.058 9
10 0.322 0.372 0.048 0.077 10
11 0.421 0.558 0.037 0.060 11
12 0.611 0.507 0.035 0.057 12
13 0.166 0.513 0.042 0.067 13
14 0.110 0.748 0.040 0.063 14
15 0.075 0.655 0.036 0.058 15
16 0.643 0.888 0.036 0.058 16
17 0.956 0.470 0.034 0.055 17
18 0.579 0.375 0.035 0.057 18
19 0.449 0.980 0.036 0.058 19
