1 0.200 0.457 0.036 0.058 1
2 0.233 0.887 0.044 0.070 2
3 0.798 0.417 0.046 0.073 3
4 0.591 0.770 0.035 0.057 4
5 0.142 0.418 0.041 0.065 5
6 0.900 0.027 0.040 0.063 6
7 0.965 0.387 0.037 0.060 7
8 0.060 0.217 0.042 0.067 8
9 0.332 0.330 0.040 0.063 9
10 0.323 0.372 0.044 0.070 10
11 0.411 0.568 0.035 0.057 11
12 0.617 0.512 0.036 0.058 12
13 0.155 0.520 0.030 0.048 13
14 0.114 0.747 0.037 0.060 14
15 0.082 0.662 0.040 0.063 15
16 0.631 0.892 0.037 0.060 16
17 0.961 0.483 0.035 0.057 17
18 0.580 0.383 0.036 0.058 18
19 0.460 0.982 0.040 0.063 19
