1 0.197 0.448 0.036 0.058 1
2 0.230 0.900 0.047 0.075 2
3 0.799 0.417 0.044 0.070 3
4 0.593 0.760 0.035 0.057 4
5 0.149 0.415 0.040 0.063 5
6 0.906 0.025 0.037 0.060 6
7 0.969 0.402 0.037 0.060 7
8 0.069 0.227 0.035 0.057 8
9 0.334 0.337 0.032 0.052 9
10 0.322 0.373 0.042 0.067 10
11 0.407 0.562 0.043 0.068 11
12 0.627 0.510 0.034 0.055 12
13 0.148 0.535 0.032 0.052 13
14 0.114 0.743 0.037 0.060 14
15 0.092 0.665 0.037 0.060 15
16 0.626 0.902 0.036 0.058 16
17 0.961 0.488 0.032 0.052 17
18 0.583 0.387 0.035 0.057 18
19 0.470 0.975 0.048 0.077 19
