1 0.194 0.447 0.035 0.057 1
2 0.233 0.908 0.046 0.073 2
3 0.799 0.422 0.048 0.077 3
4 0.594 0.752 0.034 0.055 4
5 0.153 0.408 0.041 0.065 5
6 0.912 0.020 0.048 0.077 6
7 0.966 0.408 0.037 0.060 7
8 0.078 0.227 0.047 0.075 8
9 0.333 0.337 0.034 0.055 9
10 0.321 0.380 0.032 0.052 10
11 0.396 0.563 0.048 0.077 11
12 0.628 0.498 0.040 0.063 12
13 0.150 0.543 0.033 0.053 13
14 0.113 0.742 0.041 0.065 14
15 0.096 0.662 0.037 0.060 15
16 0.624 0.908 0.036 0.058 16
17 0.963 0.495 0.032 0.052 17
18 0.586 0.387 0.036 0.058 18
19 0.466 0.968 0.035 0.057 19
