1 0.200 0.468 0.036 0.058 1
2 0.237 0.875 0.047 0.075 2
3 0.798 0.417 0.048 0.077 3
4 0.595 0.785 0.034 0.055 4
5 0.131 0.417 0.040 0.063 5
6 0.893 0.037 0.035 0.057 6
7 0.953 0.378 0.045 0.072 7
8 0.061 0.200 0.043 0.068 8
9 0.334 0.335 0.033 0.053 9
10 0.320 0.378 0.034 0.055 10
11 0.418 0.557 0.042 0.067 11
12 0.611 0.507 0.035 0.057 12
13 0.159 0.512 0.033 0.053 13
14 0.110 0.748 0.040 0.063 14
15 0.075 0.657 0.036 0.058 15
16 0.643 0.888 0.035 0.057 16
17 0.954 0.472 0.032 0.052 17
18 0.579 0.373 0.035 0.057 18
19 0.448 0.982 0.036 0.058 19
