1 0.191 0.447 0.040 0.063 1
2 0.236 0.908 0.048 0.077 2
3 0.797 0.420 0.048 0.077 3
4 0.594 0.743 0.040 0.063 4
5 0.155 0.405 0.042 0.067 5
6 0.914 0.030 0.035 0.057 6
7 0.966 0.412 0.035 0.057 7
8 0.075 0.222 0.032 0.052 8
9 0.333 0.332 0.037 0.060 9
10 0.321 0.378 0.035 0.057 10
11 0.398 0.565 0.035 0.057 11
12 0.626 0.502 0.036 0.058 12
13 0.152 0.547 0.035 0.057 13
14 0.113 0.742 0.035 0.057 14
15 0.096 0.658 0.035 0.057 15
16 0.622 0.913 0.035 0.057 16
17 0.964 0.500 0.035 0.057 17
18 0.586 0.385 0.034 0.055 18
19 0.468 0.960 0.036 0.058 19
