1 0.200 0.455 0.037 0.060 1
2 0.232 0.888 0.048 0.077 2
3 0.799 0.417 0.046 0.073 3
4 0.591 0.767 0.036 0.058 4
5 0.143 0.415 0.036 0.058 5
6 0.902 0.025 0.037 0.060 6
7 0.966 0.390 0.040 0.063 7
8 0.065 0.223 0.035 0.057 8
9 0.332 0.332 0.037 0.060 9
10 0.322 0.377 0.030 0.048 10
11 0.412 0.567 0.035 0.057 11
12 0.623 0.517 0.034 0.055 12
13 0.154 0.522 0.030 0.048 13
14 0.113 0.747 0.042 0.067 14
15 0.086 0.660 0.044 0.070 15
16 0.631 0.893 0.035 0.057 16
17 0.964 0.485 0.035 0.057 17
18 0.580 0.385 0.036 0.058 18
19 0.457 0.980 0.035 0.057 19
