1 0.930 0.953 0.048 0.077 1
2 0.094 0.065 0.044 0.070 2
3 0.159 0.092 0.044 0.070 3
4 1.000 0.815 0.044 0.070 4
6 0.774 0.268 0.048 0.077 6
7 0.323 0.300 0.043 0.068 7
8 0.454 0.367 0.037 0.060 8
10 0.983 0.627 0.042 0.067 10
11 0.099 0.043 0.047 0.075 11
12 0.246 0.067 0.048 0.077 12
13 0.454 0.310 0.048 0.077 13
14 0.514 0.273 0.048 0.077 14
16 0.461 0.912 0.044 0.070 16
18 0.764 0.682 0.035 0.057 18
19 0.618 0.428 0.035 0.057 19
20 0.016 0.307 0.048 0.077 20
22 0.000 0.112 0.030 0.048 22
24 0.480 0.367 0.042 0.067 24
26 0.798 0.300 0.035 0.057 26
