1 0.930 0.952 0.047 0.075 1
2 0.097 0.067 0.048 0.077 2
3 0.153 0.078 0.037 0.060 3
4 0.993 0.810 0.042 0.067 4
6 0.777 0.260 0.048 0.077 6
7 0.331 0.302 0.044 0.070 7
8 0.452 0.357 0.048 0.077 8
10 0.968 0.633 0.043 0.068 10
11 0.096 0.042 0.041 0.065 11
12 0.248 0.065 0.046 0.073 12
13 0.455 0.332 0.046 0.073 13
14 0.511 0.265 0.048 0.077 14
16 0.466 0.908 0.045 0.072 16
18 0.752 0.673 0.040 0.063 18
19 0.604 0.442 0.035 0.057 19
20 0.016 0.300 0.048 0.077 20
22 0.000 0.105 0.044 0.070 22
24 0.476 0.375 0.042 0.067 24
26 0.799 0.298 0.032 0.052 26
