1 0.936 0.952 0.047 0.075 1
2 0.094 0.072 0.045 0.072 2
3 0.158 0.097 0.037 0.060 3
4 1.000 0.817 0.046 0.073 4
6 0.766 0.267 0.037 0.060 6
7 0.321 0.300 0.040 0.063 7
8 0.456 0.363 0.041 0.065 8
10 0.985 0.623 0.043 0.068 10
11 0.095 0.050 0.044 0.070 11
12 0.243 0.058 0.037 0.060 12
13 0.449 0.303 0.041 0.065 13
14 0.510 0.270 0.043 0.068 14
16 0.460 0.912 0.044 0.070 16
18 0.764 0.690 0.047 0.075 18
19 0.618 0.433 0.044 0.070 19
20 0.014 0.313 0.048 0.077 20
22 0.009 0.115 0.042 0.067 22
24 0.481 0.368 0.035 0.057 24
26 0.798 0.300 0.035 0.057 26
