1 0.930 0.960 0.048 0.077 1
2 0.093 0.067 0.046 0.073 2
3 0.155 0.083 0.042 0.067 3
4 0.997 0.812 0.048 0.077 4
6 0.773 0.272 0.048 0.077 6
7 0.325 0.308 0.048 0.077 7
8 0.453 0.365 0.042 0.067 8
10 0.976 0.635 0.045 0.072 10
11 0.097 0.045 0.041 0.065 11
12 0.247 0.067 0.048 0.077 12
13 0.453 0.318 0.044 0.070 13
14 0.516 0.265 0.048 0.077 14
16 0.464 0.910 0.046 0.073 16
18 0.758 0.670 0.035 0.057 18
19 0.608 0.438 0.037 0.060 19
20 0.019 0.297 0.042 0.067 20
22 0.000 0.112 0.045 0.072 22
24 0.473 0.372 0.048 0.077 24
26 0.800 0.298 0.035 0.057 26
