1 0.254 0.657 0.048 0.077 1
2 0.809 0.063 0.048 0.077 2
3 0.690 0.422 0.048 0.077 3
4 0.169 0.818 0.048 0.077 4
5 0.548 0.405 0.048 0.077 5
7 0.715 0.395 0.048 0.077 7
8 0.330 0.173 0.048 0.077 8
9 0.117 0.645 0.048 0.077 9
10 0.394 0.750 0.048 0.077 10
11 0.409 0.802 0.048 0.077 11
13 1.000 0.110 0.048 0.077 13
15 0.909 0.168 0.048 0.077 15
16 0.125 0.217 0.048 0.077 16
17 0.850 0.243 0.044 0.070 17
19 0.914 0.078 0.048 0.077 19
20 0.157 0.847 0.048 0.077 20
21 0.526 0.020 0.032 0.052 21
22 0.954 0.320 0.048 0.077 22
23 0.211 0.652 0.037 0.060 23
24 0.396 0.795 0.044 0.070 24
27 0.297 0.367 0.048 0.077 27
30 0.884 0.110 0.048 0.077 30
31 0.916 0.777 0.048 0.077 31
32 0.116 0.742 0.048 0.077 32
33 0.670 0.100 0.048 0.077 33
34 0.188 0.862 0.048 0.077 34
35 0.952 0.997 0.041 0.065 35
36 0.006 0.795 0.046 0.073 36
37 0.065 0.715 0.048 0.077 37
38 0.511 0.063 0.048 0.077 38
39 0.434 0.618 0.042 0.067 39
40 0.684 0.097 0.048 0.077 40
41 0.383 0.868 0.048 0.077 41
42 0.418 0.942 0.037 0.060 42
44 0.979 0.307 0.048 0.077 44
45 0.105 0.712 0.046 0.073 45
48 0.875 0.073 0.048 0.077 48
49 0.000 0.080 0.035 0.057 49
50 0.399 0.035 0.044 0.070 50
51 0.176 0.755 0.047 0.075 51
53 0.828 0.537 0.043 0.068 53
57 0.222 0.777 0.048 0.077 57
60 0.882 0.580 0.048 0.077 60
