1 0.255 0.655 0.048 0.077 1
2 0.810 0.067 0.048 0.077 2
3 0.692 0.418 0.048 0.077 3
4 0.171 0.820 0.048 0.077 4
5 0.549 0.407 0.048 0.077 5
7 0.716 0.397 0.048 0.077 7
8 0.332 0.168 0.048 0.077 8
9 0.122 0.647 0.048 0.077 9
10 0.396 0.748 0.048 0.077 10
11 0.408 0.805 0.048 0.077 11
13 1.000 0.107 0.048 0.077 13
15 0.908 0.170 0.048 0.077 15
16 0.119 0.217 0.048 0.077 16
17 0.849 0.242 0.043 0.068 17
19 0.915 0.077 0.048 0.077 19
20 0.157 0.855 0.044 0.070 20
21 0.517 0.000 0.045 0.072 21
22 0.954 0.323 0.048 0.077 22
23 0.216 0.643 0.048 0.077 23
24 0.381 0.827 0.048 0.077 24
27 0.296 0.363 0.048 0.077 27
30 0.883 0.100 0.048 0.077 30
31 0.916 0.777 0.048 0.077 31
32 0.118 0.742 0.048 0.077 32
33 0.667 0.103 0.046 0.073 33
34 0.188 0.860 0.044 0.070 34
35 0.969 0.990 0.046 0.073 35
36 0.000 0.775 0.048 0.077 36
37 0.066 0.718 0.048 0.077 37
38 0.509 0.062 0.044 0.070 38
39 0.433 0.623 0.048 0.077 39
40 0.686 0.098 0.048 0.077 40
41 0.388 0.865 0.046 0.073 41
42 0.422 0.938 0.041 0.065 42
44 0.982 0.297 0.048 0.077 44
45 0.105 0.705 0.045 0.072 45
48 0.875 0.068 0.048 0.077 48
49 0.005 0.082 0.048 0.077 49
50 0.400 0.037 0.047 0.075 50
51 0.178 0.757 0.042 0.067 51
53 0.826 0.535 0.042 0.067 53
57 0.228 0.773 0.046 0.073 57
60 0.882 0.583 0.040 0.063 60
