1 0.256 0.663 0.048 0.077 1
2 0.810 0.065 0.048 0.077 2
3 0.690 0.418 0.048 0.077 3
4 0.170 0.822 0.048 0.077 4
5 0.549 0.403 0.048 0.077 5
7 0.711 0.390 0.048 0.077 7
8 0.324 0.180 0.048 0.077 8
9 0.113 0.645 0.048 0.077 9
10 0.400 0.752 0.048 0.077 10
11 0.404 0.788 0.044 0.070 11
13 1.000 0.108 0.048 0.077 13
15 0.917 0.175 0.044 0.070 15
16 0.130 0.208 0.048 0.077 16
17 0.852 0.247 0.042 0.067 17
19 0.914 0.078 0.048 0.077 19
20 0.157 0.848 0.048 0.077 20
21 0.522 0.013 0.045 0.072 21
22 0.954 0.325 0.048 0.077 22
23 0.221 0.650 0.044 0.070 23
24 0.386 0.813 0.048 0.077 24
27 0.299 0.363 0.042 0.067 27
30 0.884 0.112 0.048 0.077 30
31 0.916 0.777 0.048 0.077 31
32 0.115 0.740 0.048 0.077 32
33 0.672 0.095 0.048 0.077 33
34 0.188 0.860 0.048 0.077 34
35 0.958 1.000 0.048 0.077 35
36 0.006 0.788 0.046 0.073 36
37 0.064 0.713 0.048 0.077 37
38 0.511 0.062 0.048 0.077 38
39 0.440 0.617 0.042 0.067 39
40 0.682 0.110 0.045 0.072 40
41 0.391 0.867 0.048 0.077 41
42 0.418 0.955 0.035 0.057 42
44 0.976 0.307 0.044 0.070 44
45 0.103 0.727 0.046 0.073 45
48 0.867 0.072 0.048 0.077 48
49 0.022 0.082 0.048 0.077 49
50 0.400 0.033 0.048 0.077 50
51 0.178 0.755 0.048 0.077 51
53 0.830 0.537 0.036 0.058 53
57 0.218 0.780 0.048 0.077 57
60 0.880 0.585 0.048 0.077 60
