1 0.246 0.675 0.048 0.077 1
2 0.796 0.090 0.048 0.077 2
3 0.685 0.413 0.048 0.077 3
4 0.167 0.817 0.042 0.067 4
5 0.548 0.413 0.048 0.077 5
7 0.705 0.380 0.045 0.072 7
8 0.321 0.193 0.048 0.077 8
9 0.100 0.648 0.048 0.077 9
10 0.408 0.742 0.042 0.067 10
11 0.395 0.793 0.048 0.077 11
13 0.994 0.120 0.048 0.077 13
15 0.922 0.153 0.048 0.077 15
16 0.142 0.225 0.047 0.075 16
17 0.857 0.253 0.048 0.077 17
19 0.900 0.062 0.044 0.070 19
20 0.155 0.837 0.048 0.077 20
21 0.520 0.013 0.048 0.077 21
22 0.949 0.323 0.048 0.077 22
23 0.211 0.650 0.048 0.077 23
24 0.383 0.818 0.036 0.058 24
27 0.298 0.368 0.048 0.077 27
30 0.890 0.120 0.048 0.077 30
31 0.920 0.778 0.048 0.077 31
32 0.118 0.740 0.048 0.077 32
33 0.666 0.082 0.048 0.077 33
34 0.185 0.853 0.048 0.077 34
35 0.954 0.967 0.035 0.057 35
36 0.010 0.775 0.044 0.070 36
37 0.058 0.717 0.048 0.077 37
38 0.509 0.073 0.048 0.077 38
39 0.447 0.603 0.042 0.067 39
40 0.668 0.125 0.048 0.077 40
41 0.388 0.858 0.048 0.077 41
42 0.408 0.972 0.041 0.065 42
44 0.966 0.312 0.044 0.070 44
45 0.100 0.745 0.047 0.075 45
48 0.865 0.068 0.048 0.077 48
49 0.007 0.083 0.047 0.075 49
50 0.401 0.035 0.044 0.070 50
51 0.175 0.752 0.047 0.075 51
53 0.834 0.535 0.041 0.065 53
57 0.208 0.790 0.048 0.077 57
60 0.871 0.578 0.048 0.077 60
