1 0.248 0.672 0.048 0.077 1
2 0.794 0.087 0.048 0.077 2
3 0.689 0.415 0.048 0.077 3
4 0.170 0.820 0.047 0.075 4
5 0.551 0.407 0.048 0.077 5
7 0.708 0.385 0.048 0.077 7
8 0.321 0.193 0.048 0.077 8
9 0.105 0.647 0.048 0.077 9
10 0.410 0.743 0.042 0.067 10
11 0.397 0.798 0.047 0.075 11
13 0.992 0.107 0.037 0.060 13
15 0.921 0.160 0.048 0.077 15
16 0.146 0.207 0.032 0.052 16
17 0.855 0.252 0.044 0.070 17
19 0.908 0.077 0.047 0.075 19
20 0.154 0.847 0.040 0.063 20
21 0.525 0.018 0.045 0.072 21
22 0.950 0.323 0.048 0.077 22
23 0.221 0.642 0.048 0.077 23
24 0.383 0.817 0.037 0.060 24
27 0.298 0.367 0.046 0.073 27
30 0.886 0.122 0.048 0.077 30
31 0.917 0.780 0.042 0.067 31
32 0.117 0.740 0.048 0.077 32
33 0.672 0.085 0.048 0.077 33
34 0.178 0.850 0.048 0.077 34
35 0.941 0.998 0.040 0.063 35
36 0.009 0.787 0.042 0.067 36
37 0.060 0.710 0.047 0.075 37
38 0.511 0.062 0.048 0.077 38
39 0.446 0.610 0.042 0.067 39
40 0.675 0.120 0.048 0.077 40
41 0.388 0.868 0.046 0.073 41
42 0.410 0.962 0.048 0.077 42
44 0.970 0.312 0.044 0.070 44
45 0.102 0.735 0.046 0.073 45
48 0.869 0.065 0.048 0.077 48
49 0.013 0.080 0.046 0.073 49
50 0.400 0.037 0.044 0.070 50
51 0.176 0.753 0.046 0.073 51
53 0.838 0.535 0.048 0.077 53
57 0.215 0.787 0.048 0.077 57
60 0.874 0.578 0.048 0.077 60
