1 0.257 0.667 0.048 0.077 1
2 0.795 0.087 0.048 0.077 2
3 0.690 0.417 0.048 0.077 3
4 0.170 0.820 0.047 0.075 4
5 0.551 0.408 0.048 0.077 5
7 0.709 0.385 0.047 0.075 7
8 0.321 0.192 0.048 0.077 8
9 0.108 0.642 0.046 0.073 9
10 0.406 0.742 0.037 0.060 10
11 0.407 0.790 0.048 0.077 11
13 0.999 0.122 0.048 0.077 13
15 0.919 0.162 0.048 0.077 15
16 0.145 0.203 0.031 0.050 16
17 0.854 0.243 0.048 0.077 17
19 0.903 0.073 0.048 0.077 19
20 0.158 0.847 0.048 0.077 20
21 0.527 0.017 0.047 0.075 21
22 0.950 0.327 0.048 0.077 22
23 0.221 0.642 0.048 0.077 23
24 0.383 0.818 0.048 0.077 24
27 0.297 0.368 0.048 0.077 27
30 0.885 0.120 0.048 0.077 30
31 0.914 0.778 0.048 0.077 31
32 0.117 0.740 0.048 0.077 32
33 0.673 0.088 0.048 0.077 33
34 0.185 0.862 0.048 0.077 34
35 0.954 0.998 0.048 0.077 35
36 0.007 0.787 0.044 0.070 36
37 0.061 0.712 0.048 0.077 37
38 0.509 0.067 0.044 0.070 38
39 0.446 0.612 0.042 0.067 39
40 0.678 0.122 0.044 0.070 40
41 0.386 0.870 0.048 0.077 41
42 0.418 0.965 0.042 0.067 42
44 0.973 0.312 0.046 0.073 44
45 0.102 0.735 0.048 0.077 45
48 0.863 0.070 0.048 0.077 48
49 0.016 0.080 0.048 0.077 49
50 0.401 0.033 0.048 0.077 50
51 0.174 0.755 0.045 0.072 51
53 0.829 0.533 0.043 0.068 53
57 0.214 0.788 0.048 0.077 57
60 0.872 0.578 0.048 0.077 60
