1 0.255 0.663 0.048 0.077 1
2 0.795 0.085 0.048 0.077 2
3 0.689 0.415 0.048 0.077 3
4 0.170 0.817 0.048 0.077 4
5 0.550 0.410 0.044 0.070 5
7 0.709 0.383 0.042 0.067 7
8 0.324 0.183 0.047 0.075 8
9 0.110 0.648 0.048 0.077 9
10 0.400 0.745 0.048 0.077 10
11 0.407 0.790 0.048 0.077 11
13 1.000 0.115 0.048 0.077 13
15 0.918 0.165 0.046 0.073 15
16 0.136 0.222 0.046 0.073 16
17 0.854 0.243 0.048 0.077 17
19 0.903 0.075 0.045 0.072 19
20 0.155 0.850 0.045 0.072 20
21 0.526 0.023 0.048 0.077 21
22 0.950 0.325 0.048 0.077 22
23 0.223 0.628 0.046 0.073 23
24 0.388 0.817 0.048 0.077 24
27 0.298 0.368 0.048 0.077 27
30 0.884 0.117 0.048 0.077 30
31 0.916 0.777 0.048 0.077 31
32 0.115 0.738 0.048 0.077 32
33 0.673 0.093 0.047 0.075 33
34 0.189 0.858 0.044 0.070 34
35 0.955 1.000 0.048 0.077 35
36 0.008 0.793 0.044 0.070 36
37 0.061 0.710 0.046 0.073 37
38 0.505 0.070 0.048 0.077 38
39 0.443 0.613 0.042 0.067 39
40 0.676 0.117 0.048 0.077 40
41 0.378 0.867 0.048 0.077 41
42 0.415 0.958 0.034 0.055 42
44 0.974 0.310 0.045 0.072 44
45 0.101 0.727 0.048 0.077 45
48 0.867 0.067 0.048 0.077 48
49 0.018 0.080 0.048 0.077 49
50 0.400 0.032 0.048 0.077 50
51 0.174 0.753 0.048 0.077 51
53 0.830 0.535 0.044 0.070 53
57 0.218 0.783 0.048 0.077 57
60 0.880 0.583 0.048 0.077 60
