1 0.255 0.662 0.048 0.077 1
2 0.808 0.057 0.048 0.077 2
3 0.691 0.420 0.048 0.077 3
4 0.171 0.817 0.047 0.075 4
5 0.549 0.405 0.048 0.077 5
7 0.711 0.392 0.047 0.075 7
8 0.326 0.175 0.047 0.075 8
9 0.115 0.645 0.048 0.077 9
10 0.399 0.755 0.048 0.077 10
11 0.412 0.810 0.034 0.055 11
13 1.000 0.108 0.047 0.075 13
15 0.912 0.168 0.048 0.077 15
16 0.120 0.217 0.044 0.070 16
17 0.852 0.252 0.046 0.073 17
19 0.915 0.078 0.048 0.077 19
20 0.156 0.852 0.041 0.065 20
21 0.516 0.000 0.048 0.077 21
22 0.954 0.323 0.048 0.077 22
23 0.220 0.645 0.048 0.077 23
24 0.392 0.802 0.042 0.067 24
27 0.296 0.372 0.048 0.077 27
30 0.884 0.107 0.048 0.077 30
31 0.917 0.778 0.042 0.067 31
32 0.115 0.742 0.048 0.077 32
33 0.671 0.097 0.047 0.075 33
34 0.188 0.860 0.048 0.077 34
35 0.948 0.997 0.036 0.058 35
36 0.005 0.795 0.046 0.073 36
37 0.064 0.713 0.047 0.075 37
38 0.510 0.062 0.044 0.070 38
39 0.438 0.620 0.041 0.065 39
40 0.683 0.105 0.046 0.073 40
41 0.396 0.855 0.041 0.065 41
42 0.419 0.950 0.042 0.067 42
44 0.975 0.305 0.048 0.077 44
45 0.104 0.718 0.046 0.073 45
48 0.867 0.072 0.048 0.077 48
49 0.023 0.080 0.046 0.073 49
50 0.400 0.037 0.044 0.070 50
51 0.176 0.755 0.048 0.077 51
53 0.828 0.533 0.042 0.067 53
57 0.220 0.778 0.048 0.077 57
60 0.872 0.583 0.047 0.075 60
