1 0.257 0.668 0.048 0.077 1
2 0.797 0.090 0.046 0.073 2
3 0.684 0.427 0.048 0.077 3
4 0.171 0.818 0.048 0.077 4
5 0.549 0.412 0.048 0.077 5
7 0.709 0.388 0.047 0.075 7
8 0.321 0.187 0.044 0.070 8
9 0.107 0.645 0.048 0.077 9
10 0.394 0.745 0.048 0.077 10
11 0.414 0.805 0.031 0.050 11
13 0.999 0.118 0.048 0.077 13
15 0.919 0.163 0.048 0.077 15
16 0.145 0.203 0.032 0.052 16
17 0.854 0.252 0.044 0.070 17
19 0.903 0.075 0.048 0.077 19
20 0.154 0.845 0.042 0.067 20
21 0.527 0.018 0.048 0.077 21
22 0.950 0.325 0.048 0.077 22
23 0.220 0.652 0.044 0.070 23
24 0.384 0.813 0.044 0.070 24
27 0.300 0.365 0.042 0.067 27
30 0.890 0.122 0.048 0.077 30
31 0.919 0.772 0.048 0.077 31
32 0.116 0.745 0.048 0.077 32
33 0.673 0.088 0.048 0.077 33
34 0.188 0.860 0.047 0.075 34
35 0.954 0.998 0.048 0.077 35
36 0.007 0.787 0.044 0.070 36
37 0.060 0.710 0.046 0.073 37
38 0.509 0.063 0.044 0.070 38
39 0.445 0.612 0.042 0.067 39
40 0.677 0.117 0.048 0.077 40
41 0.386 0.865 0.044 0.070 41
42 0.409 0.963 0.044 0.070 42
44 0.971 0.312 0.046 0.073 44
45 0.101 0.730 0.048 0.077 45
48 0.861 0.068 0.048 0.077 48
49 0.015 0.080 0.048 0.077 49
50 0.400 0.037 0.044 0.070 50
51 0.175 0.753 0.045 0.072 51
53 0.831 0.537 0.037 0.060 53
57 0.217 0.785 0.048 0.077 57
60 0.874 0.580 0.048 0.077 60
