1 0.253 0.670 0.048 0.077 1
2 0.793 0.090 0.048 0.077 2
3 0.689 0.415 0.048 0.077 3
4 0.169 0.818 0.045 0.072 4
5 0.548 0.413 0.046 0.073 5
7 0.707 0.383 0.047 0.075 7
8 0.321 0.193 0.048 0.077 8
9 0.103 0.647 0.048 0.077 9
10 0.403 0.742 0.047 0.075 10
11 0.392 0.790 0.048 0.077 11
13 0.995 0.112 0.048 0.077 13
15 0.922 0.157 0.048 0.077 15
16 0.132 0.210 0.048 0.077 16
17 0.856 0.255 0.045 0.072 17
19 0.897 0.060 0.048 0.077 19
20 0.154 0.843 0.042 0.067 20
21 0.520 0.018 0.048 0.077 21
22 0.950 0.327 0.048 0.077 22
23 0.209 0.653 0.041 0.065 23
24 0.378 0.830 0.046 0.073 24
27 0.298 0.363 0.042 0.067 27
30 0.892 0.118 0.048 0.077 30
31 0.922 0.780 0.044 0.070 31
32 0.114 0.742 0.048 0.077 32
33 0.672 0.083 0.048 0.077 33
34 0.186 0.855 0.048 0.077 34
35 0.953 0.998 0.048 0.077 35
36 0.007 0.778 0.048 0.077 36
37 0.058 0.713 0.048 0.077 37
38 0.508 0.067 0.041 0.065 38
39 0.444 0.605 0.048 0.077 39
40 0.671 0.122 0.045 0.072 40
41 0.389 0.865 0.048 0.077 41
42 0.409 0.968 0.041 0.065 42
44 0.966 0.313 0.048 0.077 44
45 0.100 0.742 0.048 0.077 45
48 0.868 0.067 0.048 0.077 48
49 0.010 0.082 0.048 0.077 49
50 0.400 0.033 0.047 0.075 50
51 0.176 0.752 0.048 0.077 51
53 0.833 0.535 0.041 0.065 53
57 0.211 0.787 0.047 0.075 57
60 0.879 0.580 0.048 0.077 60
