1 0.253 0.665 0.048 0.077 1
2 0.797 0.088 0.047 0.075 2
3 0.689 0.415 0.048 0.077 3
4 0.171 0.820 0.048 0.077 4
5 0.552 0.408 0.048 0.077 5
7 0.708 0.388 0.047 0.075 7
8 0.324 0.183 0.047 0.075 8
9 0.109 0.643 0.048 0.077 9
10 0.394 0.748 0.032 0.052 10
11 0.410 0.795 0.048 0.077 11
13 0.999 0.118 0.048 0.077 13
15 0.917 0.165 0.048 0.077 15
16 0.142 0.213 0.048 0.077 16
17 0.854 0.250 0.044 0.070 17
19 0.904 0.075 0.048 0.077 19
20 0.157 0.842 0.048 0.077 20
21 0.527 0.020 0.044 0.070 21
22 0.954 0.322 0.046 0.073 22
23 0.221 0.653 0.048 0.077 23
24 0.386 0.818 0.048 0.077 24
27 0.296 0.363 0.048 0.077 27
30 0.884 0.118 0.048 0.077 30
31 0.918 0.785 0.048 0.077 31
32 0.118 0.742 0.048 0.077 32
33 0.673 0.092 0.048 0.077 33
34 0.188 0.862 0.048 0.077 34
35 0.956 1.000 0.048 0.077 35
36 0.009 0.795 0.043 0.068 36
37 0.060 0.708 0.048 0.077 37
38 0.509 0.068 0.044 0.070 38
39 0.443 0.613 0.040 0.063 39
40 0.675 0.118 0.048 0.077 40
41 0.393 0.865 0.040 0.063 41
42 0.415 0.962 0.048 0.077 42
44 0.973 0.310 0.048 0.077 44
45 0.104 0.733 0.048 0.077 45
48 0.865 0.068 0.048 0.077 48
49 0.016 0.080 0.048 0.077 49
50 0.402 0.035 0.048 0.077 50
51 0.176 0.753 0.046 0.073 51
53 0.831 0.537 0.036 0.058 53
57 0.217 0.783 0.048 0.077 57
60 0.873 0.578 0.048 0.077 60
