1 0.250 0.670 0.048 0.077 1
2 0.795 0.087 0.048 0.077 2
3 0.688 0.417 0.048 0.077 3
4 0.169 0.817 0.048 0.077 4
5 0.551 0.410 0.048 0.077 5
7 0.708 0.377 0.048 0.077 7
8 0.321 0.193 0.048 0.077 8
9 0.106 0.643 0.043 0.068 9
10 0.405 0.743 0.041 0.065 10
11 0.399 0.798 0.048 0.077 11
13 1.000 0.123 0.044 0.070 13
15 0.919 0.162 0.048 0.077 15
16 0.147 0.210 0.036 0.058 16
17 0.854 0.250 0.042 0.067 17
19 0.896 0.070 0.040 0.063 19
20 0.157 0.840 0.048 0.077 20
21 0.520 0.015 0.048 0.077 21
22 0.950 0.327 0.048 0.077 22
23 0.222 0.640 0.048 0.077 23
24 0.381 0.817 0.048 0.077 24
27 0.295 0.368 0.048 0.077 27
30 0.884 0.118 0.048 0.077 30
31 0.915 0.785 0.048 0.077 31
32 0.117 0.738 0.048 0.077 32
33 0.672 0.087 0.048 0.077 33
34 0.189 0.860 0.048 0.077 34
35 0.945 1.000 0.046 0.073 35
36 0.008 0.782 0.048 0.077 36
37 0.060 0.710 0.047 0.075 37
38 0.511 0.065 0.048 0.077 38
39 0.446 0.610 0.042 0.067 39
40 0.672 0.123 0.048 0.077 40
41 0.384 0.872 0.048 0.077 41
42 0.410 0.967 0.042 0.067 42
44 0.972 0.312 0.046 0.073 44
45 0.102 0.733 0.046 0.073 45
48 0.869 0.065 0.048 0.077 48
49 0.015 0.082 0.047 0.075 49
50 0.401 0.035 0.045 0.072 50
51 0.174 0.753 0.048 0.077 51
53 0.833 0.535 0.041 0.065 53
57 0.216 0.787 0.048 0.077 57
60 0.880 0.582 0.047 0.075 60
