1 0.256 0.662 0.048 0.077 1
2 0.809 0.077 0.035 0.057 2
3 0.686 0.418 0.041 0.065 3
4 0.167 0.817 0.044 0.070 4
5 0.549 0.403 0.048 0.077 5
7 0.711 0.390 0.048 0.077 7
8 0.323 0.175 0.048 0.077 8
9 0.114 0.642 0.046 0.073 9
10 0.398 0.747 0.048 0.077 10
11 0.405 0.790 0.047 0.075 11
13 1.000 0.115 0.048 0.077 13
15 0.917 0.167 0.048 0.077 15
16 0.136 0.223 0.042 0.067 16
17 0.851 0.242 0.048 0.077 17
19 0.907 0.078 0.048 0.077 19
20 0.159 0.847 0.047 0.075 20
21 0.530 0.013 0.048 0.077 21
22 0.951 0.323 0.048 0.077 22
23 0.220 0.645 0.048 0.077 23
24 0.393 0.800 0.044 0.070 24
27 0.299 0.368 0.048 0.077 27
30 0.884 0.112 0.048 0.077 30
31 0.916 0.777 0.048 0.077 31
32 0.117 0.742 0.048 0.077 32
33 0.666 0.087 0.048 0.077 33
34 0.186 0.862 0.048 0.077 34
35 0.957 1.000 0.048 0.077 35
36 0.005 0.793 0.042 0.067 36
37 0.062 0.715 0.048 0.077 37
38 0.510 0.068 0.048 0.077 38
39 0.444 0.620 0.048 0.077 39
40 0.680 0.112 0.048 0.077 40
41 0.390 0.858 0.048 0.077 41
42 0.419 0.953 0.044 0.070 42
44 0.976 0.308 0.048 0.077 44
45 0.102 0.727 0.048 0.077 45
48 0.866 0.070 0.048 0.077 48
49 0.021 0.080 0.048 0.077 49
50 0.395 0.028 0.048 0.077 50
51 0.175 0.755 0.048 0.077 51
53 0.828 0.532 0.048 0.077 53
57 0.218 0.780 0.048 0.077 57
60 0.872 0.583 0.048 0.077 60
