1 0.248 0.678 0.048 0.077 1
2 0.799 0.095 0.048 0.077 2
3 0.688 0.418 0.044 0.070 3
4 0.167 0.813 0.048 0.077 4
5 0.551 0.415 0.048 0.077 5
7 0.701 0.370 0.035 0.057 7
8 0.319 0.205 0.042 0.067 8
9 0.096 0.653 0.048 0.077 9
10 0.411 0.743 0.048 0.077 10
11 0.399 0.790 0.044 0.070 11
13 0.992 0.105 0.044 0.070 13
15 0.921 0.145 0.048 0.077 15
16 0.144 0.230 0.048 0.077 16
17 0.857 0.262 0.043 0.068 17
19 0.903 0.058 0.048 0.077 19
20 0.155 0.842 0.042 0.067 20
21 0.520 0.010 0.048 0.077 21
22 0.947 0.330 0.048 0.077 22
23 0.214 0.655 0.048 0.077 23
24 0.382 0.827 0.048 0.077 24
27 0.298 0.367 0.046 0.073 27
30 0.887 0.128 0.048 0.077 30
31 0.917 0.778 0.042 0.067 31
32 0.115 0.740 0.048 0.077 32
33 0.670 0.078 0.046 0.073 33
34 0.181 0.850 0.044 0.070 34
35 0.945 0.983 0.048 0.077 35
36 0.010 0.772 0.046 0.073 36
37 0.054 0.718 0.034 0.055 37
38 0.508 0.068 0.041 0.065 38
39 0.452 0.593 0.044 0.070 39
40 0.658 0.128 0.048 0.077 40
41 0.388 0.870 0.048 0.077 41
42 0.404 0.973 0.044 0.070 42
44 0.963 0.315 0.044 0.070 44
45 0.096 0.748 0.044 0.070 45
48 0.861 0.070 0.048 0.077 48
49 0.002 0.083 0.048 0.077 49
50 0.398 0.040 0.048 0.077 50
51 0.174 0.753 0.046 0.073 51
53 0.834 0.535 0.042 0.067 53
57 0.209 0.800 0.048 0.077 57
60 0.874 0.577 0.048 0.077 60
