1 0.253 0.673 0.048 0.077 1
2 0.796 0.090 0.048 0.077 2
3 0.689 0.415 0.048 0.077 3
4 0.167 0.817 0.042 0.067 4
5 0.550 0.410 0.048 0.077 5
7 0.706 0.383 0.047 0.075 7
8 0.321 0.193 0.048 0.077 8
9 0.101 0.645 0.048 0.077 9
10 0.409 0.742 0.035 0.057 10
11 0.396 0.800 0.048 0.077 11
13 0.995 0.112 0.048 0.077 13
15 0.922 0.157 0.048 0.077 15
16 0.131 0.205 0.048 0.077 16
17 0.856 0.248 0.048 0.077 17
19 0.901 0.065 0.047 0.075 19
20 0.159 0.845 0.048 0.077 20
21 0.523 0.020 0.042 0.067 21
22 0.949 0.325 0.048 0.077 22
23 0.216 0.655 0.048 0.077 23
24 0.386 0.818 0.048 0.077 24
27 0.299 0.365 0.043 0.068 27
30 0.890 0.122 0.047 0.075 30
31 0.918 0.773 0.048 0.077 31
32 0.116 0.740 0.048 0.077 32
33 0.672 0.085 0.048 0.077 33
34 0.188 0.858 0.048 0.077 34
35 0.954 0.998 0.048 0.077 35
36 0.008 0.780 0.042 0.067 36
37 0.058 0.715 0.048 0.077 37
38 0.504 0.072 0.048 0.077 38
39 0.451 0.608 0.048 0.077 39
40 0.670 0.120 0.048 0.077 40
41 0.386 0.857 0.048 0.077 41
42 0.404 0.970 0.048 0.077 42
44 0.966 0.315 0.048 0.077 44
45 0.101 0.742 0.048 0.077 45
48 0.864 0.067 0.048 0.077 48
49 0.010 0.083 0.048 0.077 49
50 0.400 0.035 0.042 0.067 50
51 0.176 0.753 0.047 0.075 51
53 0.834 0.533 0.042 0.067 53
57 0.215 0.793 0.048 0.077 57
60 0.880 0.575 0.048 0.077 60
