1 0.251 0.670 0.048 0.077 1
2 0.800 0.092 0.046 0.073 2
3 0.686 0.410 0.046 0.073 3
4 0.169 0.822 0.048 0.077 4
5 0.551 0.415 0.048 0.077 5
7 0.701 0.378 0.044 0.070 7
8 0.319 0.205 0.042 0.067 8
9 0.095 0.653 0.046 0.073 9
10 0.417 0.737 0.042 0.067 10
11 0.399 0.790 0.044 0.070 11
13 0.993 0.112 0.048 0.077 13
15 0.920 0.143 0.048 0.077 15
16 0.141 0.235 0.048 0.077 16
17 0.859 0.257 0.048 0.077 17
19 0.899 0.058 0.048 0.077 19
20 0.155 0.842 0.042 0.067 20
21 0.518 0.007 0.048 0.077 21
22 0.948 0.327 0.048 0.077 22
23 0.210 0.658 0.048 0.077 23
24 0.381 0.823 0.048 0.077 24
27 0.299 0.365 0.044 0.070 27
30 0.892 0.122 0.048 0.077 30
31 0.916 0.773 0.048 0.077 31
32 0.117 0.738 0.048 0.077 32
33 0.669 0.080 0.048 0.077 33
34 0.188 0.858 0.048 0.077 34
35 0.944 0.987 0.048 0.077 35
36 0.011 0.775 0.044 0.070 36
37 0.058 0.723 0.048 0.077 37
38 0.507 0.067 0.041 0.065 38
39 0.448 0.597 0.044 0.070 39
40 0.664 0.125 0.047 0.075 40
41 0.386 0.872 0.048 0.077 41
42 0.402 0.973 0.048 0.077 42
44 0.961 0.312 0.048 0.077 44
45 0.095 0.750 0.047 0.075 45
48 0.861 0.070 0.048 0.077 48
49 0.005 0.083 0.044 0.070 49
50 0.399 0.030 0.041 0.065 50
51 0.174 0.753 0.048 0.077 51
53 0.834 0.535 0.042 0.067 53
57 0.211 0.798 0.048 0.077 57
60 0.872 0.577 0.048 0.077 60
