1 0.252 0.672 0.048 0.077 1
2 0.800 0.093 0.048 0.077 2
3 0.686 0.413 0.048 0.077 3
4 0.168 0.820 0.046 0.073 4
5 0.549 0.412 0.048 0.077 5
7 0.702 0.378 0.045 0.072 7
8 0.319 0.205 0.042 0.067 8
9 0.098 0.648 0.045 0.072 9
10 0.414 0.738 0.042 0.067 10
11 0.398 0.792 0.041 0.065 11
13 0.992 0.113 0.048 0.077 13
15 0.925 0.152 0.048 0.077 15
16 0.136 0.232 0.048 0.077 16
17 0.858 0.258 0.048 0.077 17
19 0.903 0.063 0.048 0.077 19
20 0.154 0.842 0.041 0.065 20
21 0.521 0.015 0.048 0.077 21
22 0.949 0.327 0.048 0.077 22
23 0.211 0.652 0.048 0.077 23
24 0.385 0.825 0.048 0.077 24
27 0.298 0.368 0.048 0.077 27
30 0.890 0.128 0.048 0.077 30
31 0.917 0.775 0.037 0.060 31
32 0.118 0.738 0.048 0.077 32
33 0.664 0.083 0.048 0.077 33
34 0.188 0.858 0.048 0.077 34
35 0.944 0.987 0.048 0.077 35
36 0.010 0.780 0.048 0.077 36
37 0.058 0.723 0.048 0.077 37
38 0.509 0.068 0.045 0.072 38
39 0.453 0.597 0.048 0.077 39
40 0.662 0.127 0.048 0.077 40
41 0.386 0.867 0.048 0.077 41
42 0.406 0.972 0.042 0.067 42
44 0.963 0.312 0.047 0.075 44
45 0.096 0.750 0.048 0.077 45
48 0.861 0.068 0.048 0.077 48
49 0.006 0.082 0.044 0.070 49
50 0.401 0.033 0.048 0.077 50
51 0.175 0.755 0.044 0.070 51
53 0.832 0.537 0.048 0.077 53
57 0.210 0.797 0.048 0.077 57
60 0.871 0.573 0.047 0.075 60
