1 0.244 0.672 0.030 0.048 1
2 0.795 0.087 0.048 0.077 2
3 0.689 0.418 0.046 0.073 3
4 0.171 0.820 0.048 0.077 4
5 0.551 0.408 0.048 0.077 5
7 0.709 0.385 0.048 0.077 7
8 0.321 0.193 0.048 0.077 8
9 0.103 0.638 0.048 0.077 9
10 0.411 0.740 0.044 0.070 10
11 0.393 0.797 0.045 0.072 11
13 0.990 0.105 0.047 0.075 13
15 0.920 0.160 0.048 0.077 15
16 0.147 0.203 0.031 0.050 16
17 0.855 0.252 0.043 0.068 17
19 0.902 0.072 0.048 0.077 19
20 0.157 0.842 0.048 0.077 20
21 0.524 0.018 0.048 0.077 21
22 0.949 0.325 0.048 0.077 22
23 0.220 0.638 0.048 0.077 23
24 0.382 0.813 0.048 0.077 24
27 0.298 0.368 0.046 0.073 27
30 0.890 0.117 0.048 0.077 30
31 0.920 0.775 0.048 0.077 31
32 0.116 0.740 0.048 0.077 32
33 0.673 0.088 0.048 0.077 33
34 0.183 0.862 0.048 0.077 34
35 0.947 1.000 0.048 0.077 35
36 0.009 0.787 0.041 0.065 36
37 0.059 0.710 0.046 0.073 37
38 0.507 0.067 0.048 0.077 38
39 0.447 0.610 0.044 0.070 39
40 0.672 0.125 0.048 0.077 40
41 0.389 0.860 0.048 0.077 41
42 0.408 0.963 0.047 0.075 42
44 0.971 0.312 0.042 0.067 44
45 0.102 0.733 0.046 0.073 45
48 0.870 0.065 0.047 0.075 48
49 0.015 0.080 0.047 0.075 49
50 0.396 0.037 0.032 0.052 50
51 0.176 0.753 0.046 0.073 51
53 0.835 0.540 0.048 0.077 53
57 0.215 0.783 0.045 0.072 57
60 0.874 0.580 0.048 0.077 60
