1 0.375 0.928 0.048 0.077 1
3 0.629 0.940 0.048 0.077 3
6 0.268 0.088 0.042 0.067 6
7 0.700 0.947 0.035 0.057 7
9 0.206 0.035 0.042 0.067 9
10 0.577 0.015 0.043 0.068 10
13 0.923 0.843 0.043 0.068 13
14 0.129 0.793 0.048 0.077 14
15 0.774 0.577 0.041 0.065 15
16 0.393 0.088 0.042 0.067 16
17 0.969 0.973 0.037 0.060 17
18 0.042 0.245 0.044 0.070 18
19 0.710 0.202 0.048 0.077 19
20 0.512 0.253 0.040 0.063 20
22 0.832 0.948 0.048 0.077 22
23 0.158 0.165 0.042 0.067 23
24 0.479 0.165 0.042 0.067 24
25 0.756 0.550 0.040 0.063 25
26 0.651 0.633 0.048 0.077 26
27 0.605 0.538 0.044 0.070 27
29 0.570 0.303 0.036 0.058 29
30 0.051 0.025 0.048 0.077 30
31 0.133 0.580 0.035 0.057 31
32 0.454 0.370 0.044 0.070 32
33 0.535 0.437 0.040 0.063 33
34 0.361 0.422 0.044 0.070 34
35 0.464 0.082 0.048 0.077 35
36 0.733 0.352 0.041 0.065 36
37 0.933 0.000 0.045 0.072 37
38 0.824 0.582 0.035 0.057 38
39 0.431 0.045 0.036 0.058 39
40 0.032 0.130 0.048 0.077 40
41 0.741 0.698 0.042 0.067 41
42 0.118 0.768 0.030 0.048 42
43 0.681 0.345 0.041 0.065 43
45 0.827 0.240 0.034 0.055 45
48 0.698 0.903 0.034 0.055 48
49 0.486 0.397 0.048 0.077 49
50 0.980 0.053 0.047 0.075 50
51 0.458 0.725 0.037 0.060 51
52 0.633 0.415 0.048 0.077 52
