1 0.377 0.937 0.048 0.077 1
3 0.629 0.940 0.046 0.073 3
6 0.268 0.087 0.042 0.067 6
7 0.704 0.953 0.048 0.077 7
9 0.204 0.037 0.044 0.070 9
10 0.579 0.018 0.048 0.077 10
13 0.921 0.843 0.046 0.073 13
14 0.131 0.795 0.044 0.070 14
15 0.770 0.570 0.048 0.077 15
16 0.392 0.088 0.041 0.065 16
17 0.971 0.977 0.046 0.073 17
18 0.041 0.240 0.048 0.077 18
19 0.710 0.207 0.042 0.067 19
20 0.519 0.253 0.048 0.077 20
22 0.829 0.947 0.048 0.077 22
23 0.157 0.170 0.042 0.067 23
24 0.478 0.167 0.044 0.070 24
25 0.756 0.550 0.042 0.067 25
26 0.651 0.637 0.048 0.077 26
27 0.606 0.538 0.044 0.070 27
29 0.571 0.303 0.037 0.060 29
30 0.052 0.017 0.048 0.077 30
31 0.133 0.583 0.041 0.065 31
32 0.454 0.373 0.045 0.072 32
33 0.534 0.447 0.048 0.077 33
34 0.364 0.427 0.048 0.077 34
35 0.467 0.087 0.042 0.067 35
36 0.732 0.350 0.040 0.063 36
37 0.931 0.000 0.045 0.072 37
38 0.828 0.580 0.044 0.070 38
39 0.435 0.045 0.048 0.077 39
40 0.027 0.138 0.048 0.077 40
41 0.742 0.697 0.037 0.060 41
42 0.115 0.765 0.048 0.077 42
43 0.677 0.337 0.048 0.077 43
45 0.827 0.245 0.036 0.058 45
48 0.698 0.903 0.034 0.055 48
49 0.490 0.397 0.048 0.077 49
50 0.980 0.053 0.048 0.077 50
51 0.452 0.727 0.046 0.073 51
52 0.637 0.418 0.037 0.060 52
