1 0.367 0.918 0.041 0.065 1
3 0.624 0.937 0.048 0.077 3
6 0.264 0.067 0.042 0.067 6
7 0.708 0.963 0.044 0.070 7
9 0.223 0.025 0.048 0.077 9
10 0.577 0.000 0.041 0.065 10
13 0.933 0.830 0.042 0.067 13
14 0.131 0.790 0.041 0.065 14
15 0.773 0.610 0.046 0.073 15
16 0.396 0.083 0.044 0.070 16
17 0.960 1.000 0.042 0.067 17
18 0.043 0.258 0.048 0.077 18
19 0.717 0.212 0.048 0.077 19
20 0.496 0.263 0.041 0.065 20
22 0.814 0.950 0.048 0.077 22
23 0.158 0.142 0.042 0.067 23
24 0.466 0.145 0.048 0.077 24
25 0.755 0.547 0.042 0.067 25
26 0.647 0.632 0.045 0.072 26
27 0.600 0.528 0.042 0.067 27
29 0.575 0.337 0.048 0.077 29
30 0.049 0.025 0.048 0.077 30
31 0.132 0.593 0.044 0.070 31
32 0.454 0.372 0.048 0.077 32
33 0.537 0.445 0.048 0.077 33
34 0.347 0.430 0.042 0.067 34
35 0.468 0.098 0.048 0.077 35
36 0.748 0.377 0.035 0.057 36
37 0.932 0.005 0.048 0.077 37
38 0.821 0.583 0.040 0.063 38
39 0.434 0.040 0.048 0.077 39
40 0.031 0.142 0.042 0.067 40
41 0.744 0.712 0.037 0.060 41
42 0.118 0.770 0.048 0.077 42
43 0.675 0.338 0.048 0.077 43
45 0.808 0.248 0.036 0.058 45
48 0.685 0.908 0.037 0.060 48
49 0.489 0.397 0.048 0.077 49
50 0.982 0.055 0.048 0.077 50
51 0.459 0.697 0.043 0.068 51
52 0.646 0.443 0.037 0.060 52
