1 0.372 0.933 0.037 0.060 1
3 0.629 0.940 0.047 0.075 3
6 0.268 0.087 0.042 0.067 6
7 0.703 0.953 0.048 0.077 7
9 0.206 0.037 0.044 0.070 9
10 0.578 0.015 0.033 0.053 10
13 0.920 0.847 0.048 0.077 13
14 0.130 0.795 0.045 0.072 14
15 0.773 0.573 0.037 0.060 15
16 0.395 0.088 0.048 0.077 16
17 0.967 0.978 0.048 0.077 17
18 0.042 0.247 0.045 0.072 18
19 0.716 0.215 0.048 0.077 19
20 0.512 0.255 0.042 0.067 20
22 0.831 0.952 0.046 0.073 22
23 0.157 0.165 0.043 0.068 23
24 0.478 0.163 0.042 0.067 24
25 0.757 0.552 0.037 0.060 25
26 0.645 0.637 0.042 0.067 26
27 0.604 0.538 0.042 0.067 27
29 0.569 0.305 0.040 0.063 29
30 0.052 0.017 0.048 0.077 30
31 0.134 0.588 0.044 0.070 31
32 0.456 0.372 0.048 0.077 32
33 0.536 0.452 0.048 0.077 33
34 0.359 0.422 0.048 0.077 34
35 0.468 0.097 0.048 0.077 35
36 0.732 0.353 0.043 0.068 36
37 0.933 0.000 0.045 0.072 37
38 0.822 0.580 0.035 0.057 38
39 0.435 0.038 0.047 0.075 39
40 0.033 0.138 0.037 0.060 40
41 0.741 0.698 0.036 0.058 41
42 0.118 0.767 0.048 0.077 42
43 0.677 0.342 0.048 0.077 43
45 0.828 0.245 0.041 0.065 45
48 0.692 0.900 0.048 0.077 48
49 0.489 0.388 0.037 0.060 49
50 0.978 0.052 0.042 0.067 50
51 0.457 0.718 0.048 0.077 51
52 0.639 0.418 0.035 0.057 52
