1 0.370 0.922 0.041 0.065 1
3 0.625 0.938 0.045 0.072 3
6 0.264 0.070 0.041 0.065 6
7 0.706 0.962 0.048 0.077 7
9 0.215 0.032 0.044 0.070 9
10 0.577 0.000 0.033 0.053 10
13 0.926 0.833 0.042 0.067 13
14 0.128 0.795 0.048 0.077 14
15 0.771 0.593 0.044 0.070 15
16 0.397 0.083 0.044 0.070 16
17 0.965 0.993 0.043 0.068 17
18 0.041 0.253 0.048 0.077 18
19 0.719 0.222 0.048 0.077 19
20 0.500 0.258 0.041 0.065 20
22 0.818 0.948 0.047 0.075 22
23 0.159 0.147 0.046 0.073 23
24 0.472 0.148 0.044 0.070 24
25 0.755 0.550 0.042 0.067 25
26 0.650 0.630 0.048 0.077 26
27 0.600 0.532 0.042 0.067 27
29 0.567 0.330 0.035 0.057 29
30 0.053 0.025 0.041 0.065 30
31 0.135 0.597 0.044 0.070 31
32 0.459 0.382 0.048 0.077 32
33 0.537 0.437 0.040 0.063 33
34 0.345 0.423 0.048 0.077 34
35 0.467 0.097 0.047 0.075 35
36 0.741 0.377 0.042 0.067 36
37 0.936 0.000 0.046 0.073 37
38 0.826 0.582 0.042 0.067 38
39 0.432 0.045 0.039 0.062 39
40 0.034 0.140 0.041 0.065 40
41 0.744 0.708 0.037 0.060 41
42 0.113 0.778 0.035 0.057 42
43 0.674 0.335 0.041 0.065 43
45 0.811 0.245 0.035 0.057 45
48 0.688 0.905 0.035 0.057 48
49 0.490 0.388 0.036 0.058 49
50 0.979 0.053 0.041 0.065 50
51 0.459 0.698 0.048 0.077 51
52 0.648 0.433 0.043 0.068 52
