1 0.368 0.918 0.041 0.065 1
3 0.625 0.937 0.046 0.073 3
6 0.265 0.072 0.036 0.058 6
7 0.706 0.963 0.044 0.070 7
9 0.220 0.025 0.048 0.077 9
10 0.577 0.000 0.034 0.055 10
13 0.932 0.832 0.043 0.068 13
14 0.125 0.800 0.048 0.077 14
15 0.771 0.610 0.048 0.077 15
16 0.395 0.083 0.048 0.077 16
17 0.961 1.000 0.044 0.070 17
18 0.041 0.255 0.048 0.077 18
19 0.717 0.217 0.046 0.073 19
20 0.497 0.260 0.041 0.065 20
22 0.814 0.950 0.048 0.077 22
23 0.156 0.145 0.042 0.067 23
24 0.472 0.142 0.044 0.070 24
25 0.755 0.550 0.041 0.065 25
26 0.651 0.637 0.048 0.077 26
27 0.604 0.533 0.046 0.073 27
29 0.571 0.335 0.042 0.067 29
30 0.049 0.022 0.048 0.077 30
31 0.135 0.592 0.036 0.058 31
32 0.455 0.380 0.041 0.065 32
33 0.534 0.432 0.037 0.060 33
34 0.349 0.430 0.048 0.077 34
35 0.466 0.087 0.041 0.065 35
36 0.747 0.377 0.041 0.065 36
37 0.934 0.000 0.048 0.077 37
38 0.820 0.580 0.036 0.058 38
39 0.436 0.047 0.048 0.077 39
40 0.031 0.132 0.047 0.075 40
41 0.747 0.710 0.035 0.057 41
42 0.114 0.777 0.048 0.077 42
43 0.670 0.335 0.048 0.077 43
45 0.809 0.247 0.034 0.055 45
48 0.686 0.908 0.036 0.058 48
49 0.491 0.387 0.035 0.057 49
50 0.983 0.048 0.042 0.067 50
51 0.460 0.698 0.036 0.058 51
52 0.648 0.440 0.035 0.057 52
