1 0.100 0.518 0.047 0.075 1
2 0.023 0.793 0.046 0.073 2
3 0.866 0.287 0.036 0.058 3
4 0.769 0.920 0.035 0.057 4
5 0.064 0.262 0.042 0.067 5
6 0.028 0.367 0.041 0.065 6
7 0.702 0.555 0.036 0.058 7
9 0.661 0.568 0.044 0.070 9
10 0.076 0.833 0.037 0.060 10
11 0.805 0.158 0.041 0.065 11
12 0.613 0.573 0.036 0.058 12
13 0.077 0.640 0.033 0.053 13
14 0.120 0.440 0.036 0.058 14
15 0.646 1.000 0.037 0.060 15
16 0.029 0.425 0.042 0.067 16
17 0.093 0.443 0.042 0.067 17
18 0.637 0.527 0.047 0.075 18
19 0.060 0.530 0.048 0.077 19
21 0.166 0.043 0.037 0.060 21
22 0.829 0.762 0.041 0.065 22
23 0.591 0.013 0.048 0.077 23
24 1.000 0.202 0.042 0.067 24
25 0.542 0.257 0.040 0.063 25
26 0.405 0.390 0.035 0.057 26
27 0.414 0.133 0.035 0.057 27
28 0.857 0.890 0.044 0.070 28
29 0.208 0.508 0.041 0.065 29
30 0.510 0.812 0.036 0.058 30
31 0.082 0.588 0.034 0.055 31
32 0.729 0.230 0.040 0.063 32
33 0.000 0.635 0.041 0.065 33
