1 0.102 0.517 0.047 0.075 1
2 0.024 0.790 0.047 0.075 2
3 0.863 0.287 0.035 0.057 3
4 0.767 0.915 0.036 0.058 4
5 0.064 0.265 0.042 0.067 5
6 0.028 0.370 0.041 0.065 6
7 0.700 0.555 0.037 0.060 7
9 0.659 0.562 0.047 0.075 9
10 0.069 0.832 0.037 0.060 10
11 0.806 0.155 0.042 0.067 11
12 0.615 0.583 0.048 0.077 12
13 0.077 0.640 0.032 0.052 13
14 0.121 0.433 0.037 0.060 14
15 0.648 1.000 0.041 0.065 15
16 0.024 0.428 0.040 0.063 16
17 0.095 0.442 0.040 0.063 17
18 0.641 0.520 0.042 0.067 18
19 0.062 0.530 0.045 0.072 19
21 0.165 0.047 0.040 0.063 21
22 0.829 0.762 0.040 0.063 22
23 0.591 0.015 0.048 0.077 23
24 1.000 0.197 0.040 0.063 24
25 0.540 0.255 0.040 0.063 25
26 0.409 0.388 0.042 0.067 26
27 0.409 0.127 0.035 0.057 27
28 0.856 0.888 0.047 0.075 28
29 0.209 0.510 0.041 0.065 29
30 0.512 0.815 0.040 0.063 30
31 0.081 0.588 0.037 0.060 31
32 0.730 0.225 0.037 0.060 32
33 0.000 0.645 0.036 0.058 33
