1 0.102 0.515 0.048 0.077 1
2 0.024 0.787 0.047 0.075 2
3 0.863 0.290 0.037 0.060 3
4 0.765 0.912 0.036 0.058 4
5 0.061 0.265 0.041 0.065 5
6 0.031 0.373 0.040 0.063 6
7 0.697 0.555 0.040 0.063 7
9 0.662 0.565 0.042 0.067 9
10 0.067 0.825 0.036 0.058 10
11 0.805 0.158 0.044 0.070 11
12 0.621 0.575 0.042 0.067 12
13 0.076 0.640 0.037 0.060 13
14 0.121 0.430 0.037 0.060 14
15 0.650 0.998 0.042 0.067 15
16 0.022 0.427 0.040 0.063 16
17 0.098 0.445 0.037 0.060 17
18 0.640 0.523 0.044 0.070 18
19 0.064 0.528 0.040 0.063 19
21 0.165 0.048 0.037 0.060 21
22 0.830 0.763 0.036 0.058 22
23 0.595 0.020 0.042 0.067 23
24 1.000 0.195 0.037 0.060 24
25 0.539 0.252 0.041 0.065 25
26 0.411 0.383 0.042 0.067 26
27 0.406 0.127 0.044 0.070 27
28 0.857 0.880 0.041 0.065 28
29 0.210 0.517 0.042 0.067 29
30 0.511 0.823 0.040 0.063 30
31 0.081 0.587 0.037 0.060 31
32 0.729 0.220 0.040 0.063 32
33 0.000 0.653 0.035 0.057 33
