1 0.104 0.517 0.048 0.077 1
2 0.025 0.787 0.046 0.073 2
3 0.859 0.297 0.041 0.065 3
4 0.764 0.907 0.036 0.058 4
5 0.060 0.267 0.041 0.065 5
6 0.034 0.375 0.040 0.063 6
7 0.695 0.553 0.041 0.065 7
9 0.662 0.562 0.041 0.065 9
10 0.061 0.828 0.035 0.057 10
11 0.806 0.152 0.044 0.070 11
12 0.620 0.580 0.036 0.058 12
13 0.077 0.638 0.036 0.058 13
14 0.126 0.427 0.048 0.077 14
15 0.649 0.995 0.037 0.060 15
16 0.023 0.423 0.037 0.060 16
17 0.099 0.448 0.037 0.060 17
18 0.641 0.527 0.048 0.077 18
19 0.070 0.512 0.048 0.077 19
21 0.164 0.052 0.040 0.063 21
22 0.830 0.763 0.042 0.067 22
23 0.593 0.020 0.048 0.077 23
24 1.000 0.187 0.034 0.055 24
25 0.536 0.250 0.041 0.065 25
26 0.412 0.370 0.042 0.067 26
27 0.405 0.117 0.035 0.057 27
28 0.855 0.878 0.044 0.070 28
29 0.211 0.513 0.047 0.075 29
30 0.511 0.825 0.036 0.058 30
31 0.083 0.587 0.035 0.057 31
32 0.728 0.212 0.040 0.063 32
33 0.000 0.658 0.037 0.060 33
