1 0.099 0.520 0.048 0.077 1
2 0.023 0.792 0.048 0.077 2
3 0.871 0.283 0.036 0.058 3
4 0.771 0.923 0.037 0.060 4
5 0.062 0.263 0.042 0.067 5
6 0.025 0.370 0.042 0.067 6
7 0.702 0.558 0.041 0.065 7
9 0.664 0.567 0.041 0.065 9
10 0.077 0.830 0.036 0.058 10
11 0.805 0.157 0.044 0.070 11
12 0.610 0.575 0.034 0.055 12
13 0.077 0.642 0.035 0.057 13
14 0.121 0.443 0.037 0.060 14
15 0.648 1.000 0.040 0.063 15
16 0.029 0.427 0.040 0.063 16
17 0.092 0.443 0.042 0.067 17
18 0.637 0.528 0.048 0.077 18
19 0.058 0.532 0.048 0.077 19
21 0.166 0.043 0.037 0.060 21
22 0.829 0.762 0.040 0.063 22
23 0.588 0.013 0.048 0.077 23
24 1.000 0.210 0.032 0.052 24
25 0.544 0.257 0.040 0.063 25
26 0.400 0.395 0.041 0.065 26
27 0.415 0.138 0.037 0.060 27
28 0.860 0.893 0.042 0.067 28
29 0.208 0.508 0.040 0.063 29
30 0.511 0.812 0.037 0.060 30
31 0.082 0.592 0.035 0.057 31
32 0.729 0.235 0.041 0.065 32
33 0.000 0.633 0.044 0.070 33
