1 0.100 0.520 0.048 0.077 1
2 0.025 0.790 0.047 0.075 2
3 0.863 0.288 0.036 0.058 3
4 0.767 0.917 0.035 0.057 4
5 0.062 0.265 0.041 0.065 5
6 0.027 0.370 0.041 0.065 6
7 0.700 0.557 0.041 0.065 7
9 0.664 0.565 0.042 0.067 9
10 0.072 0.827 0.036 0.058 10
11 0.806 0.157 0.041 0.065 11
12 0.614 0.575 0.036 0.058 12
13 0.076 0.640 0.036 0.058 13
14 0.122 0.443 0.048 0.077 14
15 0.647 1.000 0.042 0.067 15
16 0.026 0.428 0.037 0.060 16
17 0.097 0.440 0.048 0.077 17
18 0.640 0.525 0.048 0.077 18
19 0.061 0.527 0.048 0.077 19
21 0.166 0.047 0.036 0.058 21
22 0.830 0.763 0.042 0.067 22
23 0.590 0.013 0.048 0.077 23
24 0.998 0.200 0.037 0.060 24
25 0.540 0.255 0.037 0.060 25
26 0.408 0.387 0.036 0.058 26
27 0.411 0.128 0.037 0.060 27
28 0.856 0.890 0.042 0.067 28
29 0.208 0.512 0.043 0.068 29
30 0.511 0.815 0.036 0.058 30
31 0.089 0.588 0.042 0.067 31
32 0.729 0.225 0.037 0.060 32
33 0.000 0.643 0.040 0.063 33
