2 0.671 0.318 0.041 0.065 2
3 0.017 0.135 0.044 0.070 3
4 0.707 0.615 0.041 0.065 4
5 0.028 0.690 0.048 0.077 5
6 0.056 0.183 0.040 0.063 6
7 0.804 0.798 0.044 0.070 7
8 0.405 0.617 0.037 0.060 8
10 0.283 0.452 0.042 0.067 10
13 0.031 0.252 0.043 0.068 13
15 0.146 0.532 0.036 0.058 15
16 0.273 0.417 0.040 0.063 16
17 0.650 0.663 0.035 0.057 17
18 0.658 0.373 0.041 0.065 18
19 0.271 0.562 0.037 0.060 19
20 0.758 0.285 0.035 0.057 20
21 0.696 0.507 0.040 0.063 21
23 0.884 0.993 0.036 0.058 23
24 0.654 0.320 0.031 0.050 24
26 0.418 0.697 0.036 0.058 26
27 0.518 0.998 0.035 0.057 27
28 0.414 0.653 0.033 0.053 28
29 0.491 1.000 0.033 0.053 29
30 0.308 0.437 0.035 0.057 30
31 0.716 0.993 0.034 0.055 31
