2 0.672 0.317 0.041 0.065 2
3 0.017 0.132 0.048 0.077 3
4 0.707 0.617 0.044 0.070 4
5 0.035 0.692 0.040 0.063 5
6 0.053 0.177 0.048 0.077 6
7 0.807 0.795 0.039 0.062 7
8 0.406 0.618 0.035 0.057 8
10 0.282 0.452 0.042 0.067 10
13 0.030 0.248 0.048 0.077 13
15 0.144 0.528 0.043 0.068 15
16 0.276 0.408 0.048 0.077 16
17 0.648 0.663 0.033 0.053 17
18 0.660 0.372 0.042 0.067 18
19 0.270 0.560 0.035 0.057 19
20 0.758 0.287 0.035 0.057 20
21 0.695 0.507 0.036 0.058 21
23 0.887 0.990 0.035 0.057 23
24 0.654 0.317 0.032 0.052 24
26 0.418 0.698 0.037 0.060 26
27 0.521 0.998 0.032 0.052 27
28 0.415 0.652 0.034 0.055 28
29 0.492 0.998 0.033 0.053 29
30 0.305 0.440 0.035 0.057 30
31 0.720 0.993 0.028 0.045 31
