2 0.676 0.320 0.040 0.063 2
3 0.016 0.135 0.048 0.077 3
4 0.707 0.617 0.042 0.067 4
5 0.046 0.690 0.037 0.060 5
6 0.051 0.177 0.048 0.077 6
7 0.816 0.803 0.048 0.077 7
8 0.407 0.615 0.036 0.058 8
10 0.279 0.450 0.047 0.075 10
13 0.030 0.248 0.048 0.077 13
15 0.153 0.533 0.041 0.065 15
16 0.274 0.413 0.036 0.058 16
17 0.640 0.672 0.034 0.055 17
18 0.662 0.372 0.037 0.060 18
19 0.264 0.560 0.035 0.057 19
20 0.754 0.287 0.036 0.058 20
21 0.696 0.503 0.040 0.063 21
23 0.890 1.000 0.043 0.068 23
24 0.649 0.313 0.032 0.052 24
26 0.421 0.697 0.028 0.045 26
27 0.516 1.000 0.031 0.050 27
28 0.414 0.652 0.033 0.053 28
29 0.491 0.997 0.035 0.057 29
30 0.310 0.435 0.035 0.057 30
31 0.724 0.988 0.035 0.057 31
