2 0.672 0.320 0.042 0.067 2
3 0.023 0.132 0.037 0.060 3
4 0.706 0.615 0.042 0.067 4
5 0.035 0.685 0.045 0.072 5
6 0.053 0.178 0.048 0.077 6
7 0.811 0.800 0.048 0.077 7
8 0.405 0.618 0.040 0.063 8
10 0.281 0.458 0.046 0.073 10
13 0.031 0.248 0.048 0.077 13
15 0.147 0.532 0.036 0.058 15
16 0.275 0.407 0.048 0.077 16
17 0.647 0.662 0.034 0.055 17
18 0.659 0.372 0.037 0.060 18
19 0.270 0.558 0.034 0.055 19
20 0.758 0.287 0.037 0.060 20
21 0.696 0.505 0.036 0.058 21
23 0.887 0.990 0.035 0.057 23
24 0.652 0.315 0.045 0.072 24
26 0.419 0.697 0.037 0.060 26
27 0.520 0.998 0.032 0.052 27
28 0.414 0.653 0.032 0.052 28
29 0.492 1.000 0.032 0.052 29
30 0.305 0.435 0.035 0.057 30
31 0.719 0.992 0.032 0.052 31
