2 0.667 0.323 0.042 0.067 2
3 0.028 0.138 0.048 0.077 3
4 0.706 0.618 0.043 0.068 4
5 0.024 0.673 0.048 0.077 5
6 0.051 0.178 0.048 0.077 6
7 0.805 0.782 0.037 0.060 7
8 0.404 0.617 0.040 0.063 8
10 0.284 0.447 0.044 0.070 10
13 0.028 0.250 0.044 0.070 13
15 0.140 0.532 0.040 0.063 15
16 0.270 0.413 0.042 0.067 16
17 0.659 0.658 0.034 0.055 17
18 0.656 0.378 0.036 0.058 18
19 0.277 0.562 0.035 0.057 19
20 0.759 0.287 0.041 0.065 20
21 0.695 0.505 0.037 0.060 21
23 0.880 0.997 0.043 0.068 23
24 0.653 0.318 0.042 0.067 24
26 0.421 0.698 0.035 0.057 26
27 0.520 1.000 0.033 0.053 27
28 0.415 0.652 0.034 0.055 28
29 0.492 0.998 0.034 0.055 29
30 0.308 0.433 0.037 0.060 30
31 0.707 1.000 0.032 0.052 31
