2 0.677 0.325 0.040 0.063 2
3 0.015 0.147 0.037 0.060 3
4 0.706 0.618 0.040 0.063 4
5 0.048 0.685 0.048 0.077 5
6 0.053 0.188 0.048 0.077 6
7 0.814 0.803 0.042 0.067 7
8 0.405 0.618 0.041 0.065 8
10 0.277 0.453 0.044 0.070 10
13 0.025 0.243 0.042 0.067 13
15 0.155 0.532 0.040 0.063 15
16 0.276 0.408 0.048 0.077 16
17 0.639 0.673 0.035 0.057 17
18 0.664 0.372 0.040 0.063 18
19 0.260 0.562 0.036 0.058 19
20 0.754 0.287 0.036 0.058 20
21 0.695 0.505 0.036 0.058 21
23 0.891 0.995 0.042 0.067 23
24 0.651 0.313 0.033 0.053 24
26 0.419 0.700 0.035 0.057 26
27 0.518 1.000 0.035 0.057 27
28 0.415 0.652 0.033 0.053 28
29 0.491 1.000 0.032 0.052 29
30 0.308 0.437 0.036 0.058 30
31 0.725 0.988 0.035 0.057 31
