2 0.671 0.317 0.041 0.065 2
3 0.024 0.132 0.036 0.058 3
4 0.706 0.615 0.041 0.065 4
5 0.028 0.693 0.048 0.077 5
6 0.057 0.175 0.048 0.077 6
7 0.807 0.792 0.040 0.063 7
8 0.407 0.620 0.042 0.067 8
10 0.283 0.450 0.043 0.068 10
13 0.026 0.245 0.040 0.063 13
15 0.143 0.533 0.041 0.065 15
16 0.274 0.412 0.042 0.067 16
17 0.651 0.658 0.035 0.057 17
18 0.656 0.365 0.048 0.077 18
19 0.273 0.562 0.037 0.060 19
20 0.756 0.287 0.037 0.060 20
21 0.696 0.505 0.037 0.060 21
23 0.884 1.000 0.042 0.067 23
24 0.653 0.312 0.044 0.070 24
26 0.419 0.697 0.035 0.057 26
27 0.519 1.000 0.030 0.048 27
28 0.414 0.655 0.032 0.052 28
29 0.491 1.000 0.032 0.052 29
30 0.306 0.433 0.042 0.067 30
31 0.715 0.993 0.032 0.052 31
