2 0.284 0.473 0.042 0.067 2
3 0.210 0.467 0.048 0.077 3
5 0.211 0.605 0.042 0.067 5
6 0.218 0.652 0.048 0.077 6
8 0.227 0.737 0.047 0.075 8
11 0.312 0.838 0.048 0.077 11
12 0.365 0.825 0.041 0.065 12
13 0.097 0.340 0.048 0.077 13
14 0.641 0.767 0.040 0.063 14
15 0.396 0.235 0.044 0.070 15
17 0.030 0.765 0.042 0.067 17
18 0.573 0.238 0.047 0.075 18
21 0.226 0.150 0.037 0.060 21
22 0.185 0.500 0.042 0.067 22
25 0.173 0.758 0.034 0.055 25
26 0.798 0.363 0.045 0.072 26
29 0.111 0.370 0.048 0.077 29
30 0.885 0.738 0.043 0.068 30
31 0.380 0.492 0.035 0.057 31
32 0.377 0.782 0.035 0.057 32
34 0.869 1.000 0.044 0.070 34
