2 0.280 0.477 0.044 0.070 2
3 0.207 0.480 0.042 0.067 3
5 0.210 0.608 0.043 0.068 5
6 0.228 0.647 0.048 0.077 6
8 0.227 0.735 0.044 0.070 8
11 0.323 0.840 0.042 0.067 11
12 0.368 0.817 0.044 0.070 12
13 0.099 0.337 0.041 0.065 13
14 0.645 0.752 0.042 0.067 14
15 0.397 0.238 0.048 0.077 15
17 0.031 0.757 0.042 0.067 17
18 0.583 0.243 0.048 0.077 18
21 0.226 0.158 0.042 0.067 21
22 0.184 0.502 0.045 0.072 22
25 0.172 0.758 0.034 0.055 25
26 0.799 0.353 0.035 0.057 26
29 0.108 0.367 0.048 0.077 29
30 0.884 0.740 0.048 0.077 30
31 0.390 0.480 0.047 0.075 31
32 0.379 0.778 0.033 0.053 32
34 0.873 1.000 0.048 0.077 34
