2 0.279 0.473 0.042 0.067 2
3 0.206 0.490 0.048 0.077 3
5 0.212 0.605 0.040 0.063 5
6 0.230 0.658 0.048 0.077 6
8 0.225 0.735 0.044 0.070 8
11 0.326 0.840 0.046 0.073 11
12 0.374 0.812 0.048 0.077 12
13 0.096 0.337 0.044 0.070 13
14 0.645 0.758 0.048 0.077 14
15 0.401 0.247 0.043 0.068 15
17 0.030 0.750 0.034 0.055 17
18 0.579 0.245 0.047 0.075 18
21 0.224 0.158 0.048 0.077 21
22 0.185 0.498 0.042 0.067 22
25 0.173 0.760 0.037 0.060 25
26 0.798 0.360 0.045 0.072 26
29 0.106 0.365 0.048 0.077 29
30 0.881 0.732 0.042 0.067 30
31 0.395 0.487 0.048 0.077 31
32 0.378 0.785 0.042 0.067 32
34 0.868 0.992 0.044 0.070 34
