2 0.276 0.467 0.045 0.072 2
3 0.207 0.498 0.048 0.077 3
5 0.210 0.608 0.042 0.067 5
6 0.226 0.662 0.037 0.060 6
8 0.224 0.737 0.044 0.070 8
11 0.325 0.850 0.048 0.077 11
12 0.375 0.815 0.042 0.067 12
13 0.091 0.332 0.048 0.077 13
14 0.652 0.750 0.041 0.065 14
15 0.399 0.255 0.048 0.077 15
17 0.034 0.755 0.041 0.065 17
18 0.575 0.253 0.037 0.060 18
21 0.224 0.168 0.041 0.065 21
22 0.185 0.498 0.044 0.070 22
25 0.173 0.757 0.034 0.055 25
26 0.797 0.362 0.044 0.070 26
29 0.103 0.363 0.048 0.077 29
30 0.884 0.733 0.042 0.067 30
31 0.391 0.490 0.040 0.063 31
32 0.376 0.780 0.035 0.057 32
34 0.868 1.000 0.037 0.060 34
