1 0.541 0.853 0.045 0.072 1
2 0.834 0.948 0.048 0.077 2
3 0.851 0.595 0.041 0.065 3
4 0.106 0.597 0.048 0.077 4
5 0.328 0.477 0.040 0.063 5
6 0.027 0.453 0.042 0.067 6
7 0.551 0.348 0.040 0.063 7
8 0.823 0.408 0.042 0.067 8
9 0.061 0.715 0.040 0.063 9
10 0.656 0.905 0.035 0.057 10
12 0.836 0.755 0.041 0.065 12
13 0.596 0.052 0.042 0.067 13
14 0.759 0.390 0.041 0.065 14
15 0.129 0.908 0.048 0.077 15
16 0.353 0.092 0.044 0.070 16
17 0.755 0.418 0.037 0.060 17
18 0.371 0.712 0.042 0.067 18
19 0.683 0.220 0.042 0.067 19
20 0.626 0.417 0.043 0.068 20
21 0.169 0.277 0.037 0.060 21
22 0.551 0.553 0.043 0.068 22
23 0.664 0.580 0.041 0.065 23
24 0.546 0.768 0.042 0.067 24
25 0.008 0.553 0.044 0.070 25
27 0.774 0.155 0.037 0.060 27
28 0.865 0.950 0.034 0.055 28
29 0.974 0.968 0.037 0.060 29
30 0.293 0.870 0.041 0.065 30
31 0.422 0.453 0.044 0.070 31
32 0.468 0.418 0.048 0.077 32
33 0.800 0.570 0.042 0.067 33
34 0.314 0.278 0.040 0.063 34
36 0.588 0.762 0.037 0.060 36
37 0.646 0.578 0.037 0.060 37
38 0.729 0.025 0.040 0.063 38
39 0.485 0.117 0.042 0.067 39
40 0.787 0.752 0.034 0.055 40
41 0.751 0.545 0.040 0.063 41
42 0.952 0.707 0.036 0.058 42
43 0.124 0.593 0.042 0.067 43
44 0.675 0.838 0.040 0.063 44
45 0.019 0.715 0.048 0.077 45
46 0.282 0.832 0.035 0.057 46
47 0.880 0.445 0.032 0.052 47
48 0.670 0.783 0.036 0.058 48
49 0.662 0.547 0.032 0.052 49
50 0.367 0.312 0.044 0.070 50
51 0.234 0.787 0.040 0.063 51
52 0.924 0.182 0.036 0.058 52
53 0.454 1.000 0.035 0.057 53
54 0.181 0.053 0.036 0.058 54
55 0.592 0.298 0.042 0.067 55
56 0.588 0.263 0.037 0.060 56
57 0.786 0.998 0.035 0.057 57
59 0.551 0.213 0.032 0.052 59
60 0.814 0.610 0.044 0.070 60
