1 0.554 0.888 0.042 0.067 1
2 0.827 0.933 0.035 0.057 2
3 0.855 0.602 0.042 0.067 3
4 0.086 0.620 0.044 0.070 4
5 0.320 0.493 0.040 0.063 5
6 0.032 0.428 0.040 0.063 6
7 0.551 0.332 0.043 0.068 7
8 0.823 0.412 0.040 0.063 8
9 0.051 0.737 0.036 0.058 9
10 0.659 0.920 0.040 0.063 10
12 0.828 0.725 0.042 0.067 12
13 0.590 0.070 0.040 0.063 13
14 0.765 0.397 0.048 0.077 14
15 0.128 0.918 0.048 0.077 15
16 0.359 0.107 0.044 0.070 16
17 0.768 0.458 0.042 0.067 17
18 0.376 0.693 0.044 0.070 18
19 0.680 0.213 0.036 0.058 19
20 0.631 0.415 0.044 0.070 20
21 0.165 0.278 0.040 0.063 21
22 0.546 0.587 0.042 0.067 22
23 0.666 0.577 0.041 0.065 23
24 0.549 0.797 0.043 0.068 24
25 0.008 0.562 0.046 0.073 25
27 0.760 0.163 0.036 0.058 27
28 0.857 0.962 0.035 0.057 28
29 0.976 0.987 0.044 0.070 29
30 0.287 0.863 0.041 0.065 30
31 0.410 0.452 0.040 0.063 31
32 0.474 0.403 0.035 0.057 32
33 0.815 0.577 0.037 0.060 33
34 0.315 0.257 0.037 0.060 34
36 0.607 0.773 0.037 0.060 36
37 0.646 0.578 0.037 0.060 37
38 0.716 0.040 0.042 0.067 38
39 0.470 0.143 0.045 0.072 39
40 0.778 0.763 0.034 0.055 40
41 0.732 0.525 0.037 0.060 41
42 0.954 0.680 0.036 0.058 42
43 0.127 0.577 0.035 0.057 43
44 0.692 0.827 0.035 0.057 44
45 0.000 0.710 0.043 0.068 45
46 0.273 0.792 0.035 0.057 46
47 0.883 0.445 0.040 0.063 47
48 0.675 0.797 0.036 0.058 48
49 0.671 0.547 0.037 0.060 49
50 0.348 0.328 0.044 0.070 50
51 0.225 0.803 0.044 0.070 51
52 0.932 0.168 0.037 0.060 52
53 0.439 1.000 0.033 0.053 53
54 0.185 0.035 0.040 0.063 54
55 0.584 0.322 0.042 0.067 55
56 0.590 0.265 0.040 0.063 56
57 0.789 1.000 0.044 0.070 57
59 0.540 0.238 0.035 0.057 59
60 0.791 0.612 0.036 0.058 60
