1 0.554 0.875 0.042 0.067 1
2 0.832 0.962 0.044 0.070 2
3 0.856 0.598 0.042 0.067 3
4 0.094 0.618 0.036 0.058 4
5 0.320 0.490 0.040 0.063 5
6 0.029 0.437 0.036 0.058 6
7 0.551 0.338 0.042 0.067 7
8 0.825 0.410 0.045 0.072 8
9 0.051 0.737 0.048 0.077 9
10 0.656 0.918 0.040 0.063 10
12 0.827 0.737 0.037 0.060 12
13 0.588 0.067 0.042 0.067 13
14 0.765 0.388 0.043 0.068 14
15 0.127 0.910 0.048 0.077 15
16 0.361 0.100 0.048 0.077 16
17 0.771 0.448 0.036 0.058 17
18 0.374 0.700 0.043 0.068 18
19 0.683 0.213 0.037 0.060 19
20 0.631 0.417 0.044 0.070 20
21 0.168 0.282 0.041 0.065 21
22 0.551 0.580 0.040 0.063 22
23 0.667 0.577 0.040 0.063 23
24 0.553 0.788 0.041 0.065 24
25 0.011 0.558 0.042 0.067 25
27 0.761 0.157 0.037 0.060 27
28 0.861 0.960 0.037 0.060 28
29 0.973 0.972 0.035 0.057 29
30 0.290 0.865 0.042 0.067 30
31 0.414 0.452 0.044 0.070 31
32 0.471 0.405 0.041 0.065 32
33 0.811 0.573 0.037 0.060 33
34 0.317 0.260 0.041 0.065 34
36 0.607 0.765 0.041 0.065 36
37 0.648 0.575 0.042 0.067 37
38 0.720 0.040 0.042 0.067 38
39 0.473 0.133 0.040 0.063 39
40 0.782 0.760 0.035 0.057 40
41 0.732 0.533 0.036 0.058 41
42 0.951 0.685 0.036 0.058 42
43 0.126 0.580 0.037 0.060 43
44 0.684 0.827 0.036 0.058 44
45 0.001 0.708 0.042 0.067 45
46 0.267 0.803 0.035 0.057 46
47 0.882 0.442 0.036 0.058 47
48 0.674 0.792 0.037 0.060 48
49 0.672 0.545 0.037 0.060 49
50 0.353 0.333 0.040 0.063 50
51 0.227 0.808 0.037 0.060 51
52 0.930 0.170 0.035 0.057 52
53 0.440 0.997 0.032 0.052 53
54 0.186 0.040 0.035 0.057 54
55 0.585 0.320 0.043 0.068 55
56 0.586 0.262 0.036 0.058 56
57 0.787 1.000 0.042 0.067 57
59 0.544 0.235 0.032 0.052 59
60 0.797 0.610 0.036 0.058 60
