1 0.553 0.872 0.043 0.068 1
2 0.833 0.960 0.048 0.077 2
3 0.853 0.593 0.044 0.070 3
4 0.098 0.617 0.035 0.057 4
5 0.320 0.483 0.036 0.058 5
6 0.029 0.440 0.040 0.063 6
7 0.550 0.333 0.048 0.077 7
8 0.824 0.408 0.043 0.068 8
9 0.057 0.737 0.036 0.058 9
10 0.654 0.922 0.041 0.065 10
12 0.827 0.742 0.037 0.060 12
13 0.589 0.060 0.040 0.063 13
14 0.767 0.388 0.042 0.067 14
15 0.126 0.912 0.048 0.077 15
16 0.359 0.095 0.044 0.070 16
17 0.764 0.438 0.042 0.067 17
18 0.374 0.705 0.042 0.067 18
19 0.685 0.217 0.037 0.060 19
20 0.632 0.415 0.045 0.072 20
21 0.169 0.282 0.041 0.065 21
22 0.554 0.578 0.044 0.070 22
23 0.667 0.578 0.036 0.058 23
24 0.554 0.785 0.041 0.065 24
25 0.008 0.558 0.048 0.077 25
27 0.764 0.153 0.037 0.060 27
28 0.864 0.957 0.040 0.063 28
29 0.979 0.982 0.032 0.052 29
30 0.291 0.865 0.042 0.067 30
31 0.416 0.447 0.040 0.063 31
32 0.472 0.407 0.041 0.065 32
33 0.809 0.573 0.037 0.060 33
34 0.318 0.265 0.041 0.065 34
36 0.603 0.760 0.041 0.065 36
37 0.648 0.578 0.041 0.065 37
38 0.723 0.038 0.041 0.065 38
39 0.476 0.130 0.037 0.060 39
40 0.780 0.760 0.034 0.055 40
41 0.735 0.540 0.040 0.063 41
42 0.949 0.690 0.040 0.063 42
43 0.126 0.582 0.036 0.058 43
44 0.682 0.825 0.042 0.067 44
45 0.006 0.710 0.041 0.065 45
46 0.269 0.810 0.040 0.063 46
47 0.882 0.440 0.036 0.058 47
48 0.674 0.787 0.034 0.055 48
49 0.672 0.543 0.033 0.053 49
50 0.359 0.333 0.044 0.070 50
51 0.229 0.807 0.042 0.067 51
52 0.929 0.172 0.033 0.053 52
53 0.449 0.998 0.030 0.048 53
54 0.186 0.043 0.036 0.058 54
55 0.588 0.318 0.042 0.067 55
56 0.585 0.267 0.040 0.063 56
57 0.787 1.000 0.040 0.063 57
59 0.545 0.230 0.035 0.057 59
60 0.800 0.607 0.036 0.058 60
