1 0.544 0.858 0.042 0.067 1
2 0.829 0.952 0.048 0.077 2
3 0.853 0.590 0.046 0.073 3
4 0.105 0.608 0.044 0.070 4
5 0.326 0.477 0.040 0.063 5
6 0.028 0.448 0.040 0.063 6
7 0.551 0.348 0.036 0.058 7
8 0.824 0.407 0.042 0.067 8
9 0.061 0.732 0.041 0.065 9
10 0.653 0.908 0.036 0.058 10
12 0.832 0.750 0.041 0.065 12
13 0.593 0.053 0.041 0.065 13
14 0.761 0.390 0.037 0.060 14
15 0.128 0.913 0.048 0.077 15
16 0.356 0.088 0.048 0.077 16
17 0.759 0.425 0.036 0.058 17
18 0.370 0.707 0.045 0.072 18
19 0.684 0.220 0.040 0.063 19
20 0.629 0.417 0.042 0.067 20
21 0.172 0.280 0.044 0.070 21
22 0.553 0.560 0.037 0.060 22
23 0.666 0.578 0.042 0.067 23
24 0.549 0.770 0.042 0.067 24
25 0.009 0.557 0.045 0.072 25
27 0.769 0.150 0.037 0.060 27
28 0.868 0.957 0.033 0.053 28
29 0.976 0.970 0.036 0.058 29
30 0.293 0.867 0.042 0.067 30
31 0.422 0.458 0.048 0.077 31
32 0.471 0.417 0.044 0.070 32
33 0.803 0.570 0.042 0.067 33
34 0.317 0.275 0.040 0.063 34
36 0.590 0.757 0.035 0.057 36
37 0.647 0.578 0.034 0.055 37
38 0.727 0.033 0.042 0.067 38
39 0.485 0.125 0.048 0.077 39
40 0.786 0.753 0.034 0.055 40
41 0.744 0.547 0.037 0.060 41
42 0.952 0.700 0.040 0.063 42
43 0.125 0.590 0.040 0.063 43
44 0.678 0.832 0.037 0.060 44
45 0.013 0.712 0.036 0.058 45
46 0.273 0.823 0.036 0.058 46
47 0.881 0.440 0.037 0.060 47
48 0.672 0.787 0.040 0.063 48
49 0.666 0.548 0.037 0.060 49
50 0.365 0.320 0.042 0.067 50
51 0.234 0.788 0.032 0.052 51
52 0.927 0.180 0.037 0.060 52
53 0.454 1.000 0.030 0.048 53
54 0.183 0.048 0.035 0.057 54
55 0.591 0.303 0.044 0.070 55
56 0.585 0.262 0.041 0.065 56
57 0.787 0.998 0.035 0.057 57
59 0.546 0.218 0.035 0.057 59
60 0.808 0.607 0.041 0.065 60
