1 0.553 0.885 0.042 0.067 1
2 0.829 0.932 0.030 0.048 2
3 0.852 0.597 0.047 0.075 3
4 0.087 0.618 0.042 0.067 4
5 0.320 0.492 0.042 0.067 5
6 0.031 0.432 0.042 0.067 6
7 0.553 0.330 0.048 0.077 7
8 0.824 0.408 0.042 0.067 8
9 0.052 0.735 0.047 0.075 9
10 0.660 0.918 0.035 0.057 10
12 0.827 0.727 0.042 0.067 12
13 0.591 0.068 0.040 0.063 13
14 0.770 0.395 0.048 0.077 14
15 0.131 0.917 0.046 0.073 15
16 0.356 0.103 0.044 0.070 16
17 0.771 0.455 0.036 0.058 17
18 0.375 0.698 0.037 0.060 18
19 0.681 0.215 0.040 0.063 19
20 0.630 0.413 0.042 0.067 20
21 0.164 0.280 0.043 0.068 21
22 0.548 0.585 0.035 0.057 22
23 0.664 0.580 0.037 0.060 23
24 0.550 0.793 0.035 0.057 24
25 0.011 0.568 0.041 0.065 25
27 0.761 0.162 0.036 0.058 27
28 0.857 0.960 0.036 0.058 28
29 0.973 0.978 0.037 0.060 29
30 0.287 0.868 0.042 0.067 30
31 0.410 0.452 0.040 0.063 31
32 0.467 0.407 0.044 0.070 32
33 0.815 0.577 0.040 0.063 33
34 0.314 0.258 0.040 0.063 34
36 0.608 0.768 0.035 0.057 36
37 0.646 0.577 0.035 0.057 37
38 0.718 0.043 0.042 0.067 38
39 0.477 0.138 0.048 0.077 39
40 0.778 0.762 0.035 0.057 40
41 0.731 0.528 0.035 0.057 41
42 0.954 0.678 0.037 0.060 42
43 0.127 0.577 0.037 0.060 43
44 0.689 0.827 0.037 0.060 44
45 0.000 0.710 0.043 0.068 45
46 0.272 0.795 0.037 0.060 46
47 0.884 0.443 0.035 0.057 47
48 0.674 0.795 0.037 0.060 48
49 0.671 0.547 0.037 0.060 49
50 0.354 0.332 0.034 0.055 50
51 0.226 0.803 0.048 0.077 51
52 0.932 0.167 0.035 0.057 52
53 0.439 1.000 0.033 0.053 53
54 0.186 0.037 0.036 0.058 54
55 0.584 0.322 0.042 0.067 55
56 0.588 0.267 0.036 0.058 56
57 0.790 1.000 0.044 0.070 57
59 0.539 0.238 0.034 0.055 59
60 0.791 0.610 0.035 0.057 60
