1 0.545 0.855 0.043 0.068 1
2 0.832 0.953 0.042 0.067 2
3 0.852 0.592 0.044 0.070 3
4 0.104 0.610 0.046 0.073 4
5 0.326 0.478 0.040 0.063 5
6 0.028 0.452 0.042 0.067 6
7 0.549 0.347 0.037 0.060 7
8 0.822 0.410 0.044 0.070 8
9 0.060 0.725 0.037 0.060 9
10 0.652 0.910 0.037 0.060 10
12 0.832 0.750 0.042 0.067 12
13 0.594 0.053 0.041 0.065 13
14 0.761 0.393 0.041 0.065 14
15 0.130 0.910 0.048 0.077 15
16 0.354 0.090 0.041 0.065 16
17 0.757 0.423 0.048 0.077 17
18 0.371 0.712 0.043 0.068 18
19 0.686 0.220 0.040 0.063 19
20 0.629 0.420 0.044 0.070 20
21 0.171 0.278 0.041 0.065 21
22 0.552 0.560 0.037 0.060 22
23 0.664 0.578 0.037 0.060 23
24 0.549 0.768 0.040 0.063 24
25 0.008 0.555 0.046 0.073 25
27 0.771 0.152 0.034 0.055 27
28 0.866 0.955 0.035 0.057 28
29 0.975 0.967 0.042 0.067 29
30 0.294 0.868 0.041 0.065 30
31 0.422 0.450 0.041 0.065 31
32 0.468 0.418 0.048 0.077 32
33 0.801 0.570 0.037 0.060 33
34 0.317 0.275 0.037 0.060 34
36 0.592 0.757 0.036 0.058 36
37 0.646 0.578 0.035 0.057 37
38 0.727 0.032 0.042 0.067 38
39 0.480 0.123 0.044 0.070 39
40 0.787 0.752 0.033 0.053 40
41 0.745 0.548 0.037 0.060 41
42 0.950 0.702 0.036 0.058 42
43 0.126 0.590 0.037 0.060 43
44 0.676 0.833 0.036 0.058 44
45 0.015 0.712 0.035 0.057 45
46 0.274 0.825 0.035 0.057 46
47 0.880 0.440 0.035 0.057 47
48 0.670 0.783 0.034 0.055 48
49 0.666 0.547 0.034 0.055 49
50 0.366 0.320 0.041 0.065 50
51 0.235 0.790 0.035 0.057 51
52 0.925 0.180 0.035 0.057 52
53 0.456 1.000 0.033 0.053 53
54 0.183 0.050 0.035 0.057 54
55 0.593 0.303 0.042 0.067 55
56 0.584 0.262 0.040 0.063 56
57 0.787 1.000 0.033 0.053 57
59 0.549 0.218 0.035 0.057 59
60 0.810 0.605 0.041 0.065 60
