1 0.867 0.085 0.048 0.077 1
4 0.275 0.627 0.048 0.077 4
9 0.154 0.018 0.048 0.077 9
10 0.887 0.155 0.048 0.077 10
15 0.527 0.823 0.044 0.070 15
16 0.181 0.033 0.048 0.077 16
17 0.535 0.085 0.043 0.068 17
18 0.719 0.683 0.048 0.077 18
19 0.339 0.503 0.048 0.077 19
25 0.486 0.882 0.047 0.075 25
26 0.308 0.988 0.046 0.073 26
27 0.344 0.030 0.048 0.077 27
29 0.833 0.487 0.046 0.073 29
32 1.000 0.037 0.048 0.077 32
33 0.344 0.155 0.048 0.077 33
37 0.273 0.482 0.048 0.077 37
38 0.866 0.375 0.034 0.055 38
39 0.790 0.508 0.048 0.077 39
41 0.145 0.993 0.048 0.077 41
43 0.452 0.008 0.048 0.077 43
