1 0.866 0.082 0.048 0.077 1
4 0.276 0.630 0.048 0.077 4
9 0.146 0.000 0.048 0.077 9
10 0.881 0.137 0.048 0.077 10
15 0.539 0.817 0.048 0.077 15
16 0.169 0.035 0.048 0.077 16
17 0.540 0.072 0.044 0.070 17
18 0.727 0.693 0.042 0.067 18
19 0.346 0.505 0.048 0.077 19
25 0.485 0.873 0.048 0.077 25
26 0.317 0.995 0.048 0.077 26
27 0.335 0.025 0.048 0.077 27
29 0.824 0.502 0.045 0.072 29
32 0.986 0.043 0.045 0.072 32
33 0.356 0.158 0.048 0.077 33
37 0.279 0.470 0.048 0.077 37
38 0.864 0.377 0.037 0.060 38
39 0.792 0.510 0.047 0.075 39
41 0.151 1.000 0.033 0.053 41
43 0.456 0.013 0.046 0.073 43
