1 0.865 0.083 0.047 0.075 1
4 0.274 0.628 0.048 0.077 4
9 0.145 0.000 0.042 0.067 9
10 0.887 0.142 0.047 0.075 10
15 0.533 0.820 0.048 0.077 15
16 0.175 0.037 0.048 0.077 16
17 0.536 0.077 0.042 0.067 17
18 0.724 0.687 0.048 0.077 18
19 0.342 0.503 0.048 0.077 19
25 0.486 0.882 0.041 0.065 25
26 0.323 0.997 0.048 0.077 26
27 0.339 0.030 0.048 0.077 27
29 0.829 0.492 0.048 0.077 29
32 0.994 0.045 0.042 0.067 32
33 0.352 0.155 0.048 0.077 33
37 0.275 0.473 0.048 0.077 37
38 0.864 0.377 0.040 0.063 38
39 0.793 0.502 0.047 0.075 39
41 0.151 1.000 0.042 0.067 41
43 0.444 0.008 0.045 0.072 43
