1 0.865 0.083 0.048 0.077 1
4 0.274 0.627 0.048 0.077 4
9 0.148 0.000 0.048 0.077 9
10 0.885 0.143 0.048 0.077 10
15 0.534 0.823 0.048 0.077 15
16 0.171 0.040 0.046 0.073 16
17 0.539 0.080 0.048 0.077 17
18 0.727 0.682 0.048 0.077 18
19 0.343 0.503 0.046 0.073 19
25 0.483 0.878 0.047 0.075 25
26 0.323 0.998 0.048 0.077 26
27 0.334 0.032 0.048 0.077 27
29 0.828 0.493 0.048 0.077 29
32 0.992 0.038 0.048 0.077 32
33 0.354 0.157 0.048 0.077 33
37 0.276 0.477 0.048 0.077 37
38 0.863 0.373 0.034 0.055 38
39 0.790 0.505 0.046 0.073 39
41 0.151 1.000 0.033 0.053 41
43 0.454 0.013 0.042 0.067 43
