1 0.868 0.085 0.047 0.075 1
4 0.275 0.628 0.047 0.075 4
9 0.156 0.020 0.048 0.077 9
10 0.890 0.152 0.047 0.075 10
15 0.526 0.823 0.044 0.070 15
16 0.182 0.030 0.048 0.077 16
17 0.537 0.085 0.042 0.067 17
18 0.719 0.680 0.048 0.077 18
19 0.338 0.503 0.048 0.077 19
25 0.487 0.882 0.048 0.077 25
26 0.321 0.988 0.044 0.070 26
27 0.345 0.030 0.048 0.077 27
29 0.834 0.483 0.045 0.072 29
32 1.000 0.042 0.047 0.075 32
33 0.347 0.155 0.046 0.073 33
37 0.273 0.482 0.047 0.075 37
38 0.865 0.377 0.036 0.058 38
39 0.790 0.497 0.048 0.077 39
41 0.143 0.992 0.048 0.077 41
43 0.444 0.012 0.045 0.072 43
