1 0.864 0.083 0.047 0.075 1
4 0.274 0.628 0.048 0.077 4
9 0.135 0.000 0.041 0.065 9
10 0.885 0.140 0.048 0.077 10
15 0.532 0.822 0.048 0.077 15
16 0.173 0.038 0.048 0.077 16
17 0.535 0.077 0.044 0.070 17
18 0.724 0.685 0.047 0.075 18
19 0.343 0.503 0.048 0.077 19
25 0.485 0.883 0.043 0.068 25
26 0.326 1.000 0.042 0.067 26
27 0.340 0.025 0.048 0.077 27
29 0.829 0.493 0.048 0.077 29
32 0.995 0.043 0.048 0.077 32
33 0.352 0.157 0.046 0.073 33
37 0.276 0.470 0.048 0.077 37
38 0.864 0.377 0.037 0.060 38
39 0.791 0.517 0.047 0.075 39
41 0.151 1.000 0.042 0.067 41
43 0.459 0.015 0.047 0.075 43
