1 0.867 0.085 0.048 0.077 1
4 0.277 0.630 0.048 0.077 4
9 0.154 0.018 0.048 0.077 9
10 0.889 0.150 0.048 0.077 10
15 0.528 0.820 0.046 0.073 15
16 0.178 0.032 0.048 0.077 16
17 0.536 0.085 0.044 0.070 17
18 0.719 0.680 0.048 0.077 18
19 0.338 0.502 0.048 0.077 19
25 0.486 0.885 0.046 0.073 25
26 0.321 0.988 0.044 0.070 26
27 0.345 0.027 0.048 0.077 27
29 0.833 0.480 0.046 0.073 29
32 1.000 0.042 0.048 0.077 32
33 0.347 0.153 0.048 0.077 33
37 0.271 0.483 0.048 0.077 37
38 0.864 0.377 0.037 0.060 38
39 0.794 0.497 0.048 0.077 39
41 0.141 0.997 0.048 0.077 41
43 0.446 0.010 0.044 0.070 43
