1 0.867 0.087 0.048 0.077 1
4 0.275 0.628 0.047 0.075 4
9 0.152 0.022 0.048 0.077 9
10 0.890 0.153 0.048 0.077 10
15 0.526 0.823 0.044 0.070 15
16 0.183 0.025 0.048 0.077 16
17 0.541 0.087 0.048 0.077 17
18 0.719 0.678 0.046 0.073 18
19 0.336 0.502 0.048 0.077 19
25 0.487 0.888 0.048 0.077 25
26 0.324 0.988 0.048 0.077 26
27 0.346 0.028 0.047 0.075 27
29 0.835 0.480 0.048 0.077 29
32 1.000 0.038 0.046 0.073 32
33 0.343 0.153 0.048 0.077 33
37 0.271 0.482 0.048 0.077 37
38 0.865 0.377 0.036 0.058 38
39 0.795 0.495 0.048 0.077 39
41 0.144 0.998 0.048 0.077 41
43 0.449 0.007 0.048 0.077 43
