1 0.870 0.092 0.044 0.070 1
4 0.274 0.627 0.048 0.077 4
9 0.153 0.027 0.044 0.070 9
10 0.890 0.158 0.048 0.077 10
15 0.521 0.822 0.044 0.070 15
16 0.178 0.023 0.048 0.077 16
17 0.542 0.090 0.048 0.077 17
18 0.706 0.672 0.048 0.077 18
19 0.333 0.500 0.048 0.077 19
25 0.487 0.892 0.047 0.075 25
26 0.318 0.973 0.032 0.052 26
27 0.350 0.030 0.048 0.077 27
29 0.842 0.505 0.048 0.077 29
32 1.000 0.023 0.048 0.077 32
33 0.340 0.153 0.048 0.077 33
37 0.276 0.473 0.048 0.077 37
38 0.865 0.377 0.036 0.058 38
39 0.799 0.488 0.042 0.067 39
41 0.143 0.998 0.048 0.077 41
43 0.446 0.008 0.043 0.068 43
