1 0.865 0.082 0.048 0.077 1
4 0.276 0.628 0.048 0.077 4
9 0.145 0.000 0.047 0.075 9
10 0.878 0.132 0.042 0.067 10
15 0.540 0.818 0.048 0.077 15
16 0.165 0.037 0.047 0.075 16
17 0.541 0.068 0.048 0.077 17
18 0.729 0.690 0.043 0.068 18
19 0.348 0.505 0.048 0.077 19
25 0.486 0.875 0.048 0.077 25
26 0.317 0.995 0.048 0.077 26
27 0.336 0.023 0.047 0.075 27
29 0.823 0.500 0.044 0.070 29
32 0.984 0.040 0.041 0.065 32
33 0.357 0.158 0.048 0.077 33
37 0.280 0.508 0.047 0.075 37
38 0.865 0.375 0.035 0.057 38
39 0.794 0.520 0.048 0.077 39
41 0.151 1.000 0.033 0.053 41
43 0.466 0.018 0.032 0.052 43
