1 0.865 0.083 0.047 0.075 1
4 0.275 0.627 0.046 0.073 4
9 0.142 0.000 0.048 0.077 9
10 0.884 0.138 0.048 0.077 10
15 0.533 0.823 0.048 0.077 15
16 0.171 0.037 0.048 0.077 16
17 0.537 0.075 0.044 0.070 17
18 0.723 0.687 0.048 0.077 18
19 0.344 0.507 0.048 0.077 19
25 0.484 0.878 0.048 0.077 25
26 0.322 0.998 0.048 0.077 26
27 0.339 0.028 0.048 0.077 27
29 0.827 0.493 0.047 0.075 29
32 0.991 0.043 0.048 0.077 32
33 0.355 0.155 0.048 0.077 33
37 0.279 0.467 0.048 0.077 37
38 0.865 0.375 0.034 0.055 38
39 0.792 0.505 0.048 0.077 39
41 0.151 1.000 0.033 0.053 41
43 0.448 0.000 0.034 0.055 43
