1 0.869 0.087 0.048 0.077 1
4 0.275 0.628 0.047 0.075 4
9 0.152 0.023 0.048 0.077 9
10 0.892 0.155 0.048 0.077 10
15 0.524 0.818 0.048 0.077 15
16 0.179 0.023 0.048 0.077 16
17 0.537 0.085 0.048 0.077 17
18 0.718 0.677 0.046 0.073 18
19 0.335 0.502 0.048 0.077 19
25 0.486 0.892 0.044 0.070 25
26 0.323 0.983 0.037 0.060 26
27 0.348 0.028 0.048 0.077 27
29 0.836 0.480 0.045 0.072 29
32 1.000 0.035 0.044 0.070 32
33 0.347 0.150 0.048 0.077 33
37 0.274 0.488 0.040 0.063 37
38 0.865 0.375 0.035 0.057 38
39 0.796 0.493 0.048 0.077 39
41 0.145 1.000 0.048 0.077 41
43 0.443 0.015 0.046 0.073 43
