1 0.864 0.083 0.048 0.077 1
4 0.275 0.628 0.046 0.073 4
9 0.143 0.000 0.045 0.072 9
10 0.884 0.137 0.047 0.075 10
15 0.537 0.820 0.047 0.075 15
16 0.168 0.040 0.048 0.077 16
17 0.539 0.085 0.041 0.065 17
18 0.727 0.688 0.048 0.077 18
19 0.345 0.505 0.048 0.077 19
25 0.485 0.877 0.047 0.075 25
26 0.322 1.000 0.048 0.077 26
27 0.339 0.027 0.048 0.077 27
29 0.826 0.497 0.044 0.070 29
32 0.989 0.042 0.042 0.067 32
33 0.356 0.157 0.048 0.077 33
37 0.277 0.477 0.048 0.077 37
38 0.866 0.372 0.040 0.063 38
39 0.792 0.507 0.048 0.077 39
41 0.151 1.000 0.033 0.053 41
43 0.450 0.000 0.032 0.052 43
