1 0.868 0.085 0.048 0.077 1
4 0.276 0.628 0.046 0.073 4
9 0.154 0.020 0.046 0.073 9
10 0.891 0.150 0.046 0.073 10
15 0.526 0.820 0.046 0.073 15
16 0.180 0.032 0.046 0.073 16
17 0.537 0.088 0.044 0.070 17
18 0.717 0.677 0.048 0.077 18
19 0.336 0.503 0.048 0.077 19
25 0.487 0.887 0.048 0.077 25
26 0.324 0.988 0.048 0.077 26
27 0.345 0.028 0.044 0.070 27
29 0.834 0.482 0.045 0.072 29
32 1.000 0.042 0.047 0.075 32
33 0.350 0.152 0.047 0.075 33
37 0.271 0.485 0.048 0.077 37
38 0.865 0.378 0.036 0.058 38
39 0.790 0.493 0.048 0.077 39
41 0.142 0.995 0.047 0.075 41
43 0.449 0.007 0.048 0.077 43
