1 0.865 0.083 0.048 0.077 1
4 0.274 0.627 0.048 0.077 4
9 0.136 0.000 0.046 0.073 9
10 0.884 0.140 0.048 0.077 10
15 0.537 0.817 0.048 0.077 15
16 0.170 0.040 0.048 0.077 16
17 0.536 0.077 0.044 0.070 17
18 0.723 0.685 0.048 0.077 18
19 0.342 0.502 0.045 0.072 19
25 0.485 0.882 0.045 0.072 25
26 0.322 1.000 0.046 0.073 26
27 0.339 0.028 0.048 0.077 27
29 0.827 0.492 0.046 0.073 29
32 0.992 0.040 0.048 0.077 32
33 0.359 0.153 0.048 0.077 33
37 0.276 0.477 0.048 0.077 37
38 0.864 0.372 0.036 0.058 38
39 0.791 0.507 0.048 0.077 39
41 0.151 1.000 0.042 0.067 41
43 0.454 0.013 0.042 0.067 43
