1 0.866 0.082 0.047 0.075 1
4 0.273 0.627 0.048 0.077 4
9 0.145 0.000 0.047 0.075 9
10 0.878 0.137 0.047 0.075 10
15 0.542 0.817 0.047 0.075 15
16 0.154 0.048 0.042 0.067 16
17 0.541 0.073 0.043 0.068 17
18 0.730 0.687 0.048 0.077 18
19 0.348 0.505 0.048 0.077 19
25 0.486 0.872 0.048 0.077 25
26 0.319 1.000 0.046 0.073 26
27 0.335 0.023 0.048 0.077 27
29 0.825 0.502 0.048 0.077 29
32 0.988 0.037 0.047 0.075 32
33 0.357 0.158 0.048 0.077 33
37 0.281 0.510 0.045 0.072 37
38 0.867 0.372 0.048 0.077 38
39 0.794 0.508 0.048 0.077 39
41 0.130 1.000 0.044 0.070 41
43 0.466 0.013 0.032 0.052 43
