1 0.866 0.082 0.048 0.077 1
4 0.276 0.627 0.047 0.075 4
9 0.153 0.007 0.048 0.077 9
10 0.887 0.155 0.045 0.072 10
15 0.531 0.822 0.046 0.073 15
16 0.176 0.037 0.048 0.077 16
17 0.535 0.078 0.044 0.070 17
18 0.723 0.682 0.048 0.077 18
19 0.341 0.503 0.048 0.077 19
25 0.484 0.880 0.048 0.077 25
26 0.325 0.997 0.048 0.077 26
27 0.341 0.030 0.048 0.077 27
29 0.830 0.487 0.045 0.072 29
32 0.998 0.027 0.047 0.075 32
33 0.354 0.153 0.048 0.077 33
37 0.278 0.478 0.042 0.067 37
38 0.866 0.372 0.036 0.058 38
39 0.790 0.513 0.048 0.077 39
41 0.142 0.998 0.040 0.063 41
43 0.456 0.013 0.047 0.075 43
