1 0.865 0.080 0.048 0.077 1
4 0.273 0.627 0.048 0.077 4
9 0.149 0.007 0.048 0.077 9
10 0.879 0.137 0.047 0.075 10
15 0.541 0.817 0.048 0.077 15
16 0.155 0.052 0.042 0.067 16
17 0.541 0.067 0.048 0.077 17
18 0.726 0.690 0.045 0.072 18
19 0.348 0.503 0.048 0.077 19
25 0.485 0.873 0.048 0.077 25
26 0.323 1.000 0.048 0.077 26
27 0.329 0.023 0.048 0.077 27
29 0.825 0.500 0.048 0.077 29
32 0.983 0.038 0.040 0.063 32
33 0.365 0.155 0.048 0.077 33
37 0.283 0.512 0.042 0.067 37
38 0.864 0.375 0.033 0.053 38
39 0.792 0.507 0.044 0.070 39
41 0.130 1.000 0.044 0.070 41
43 0.466 0.013 0.032 0.052 43
