1 0.867 0.087 0.046 0.073 1
4 0.277 0.630 0.048 0.077 4
9 0.155 0.020 0.048 0.077 9
10 0.887 0.155 0.048 0.077 10
15 0.529 0.822 0.045 0.072 15
16 0.182 0.035 0.048 0.077 16
17 0.534 0.080 0.041 0.065 17
18 0.718 0.683 0.048 0.077 18
19 0.339 0.502 0.047 0.075 19
25 0.485 0.883 0.047 0.075 25
26 0.324 0.987 0.048 0.077 26
27 0.344 0.030 0.048 0.077 27
29 0.834 0.487 0.048 0.077 29
32 1.000 0.038 0.048 0.077 32
33 0.351 0.153 0.047 0.075 33
37 0.273 0.485 0.048 0.077 37
38 0.865 0.375 0.035 0.057 38
39 0.790 0.500 0.048 0.077 39
41 0.144 0.993 0.044 0.070 41
43 0.452 0.010 0.048 0.077 43
