1 0.729 0.822 0.037 0.060 1
2 0.769 0.523 0.047 0.075 2
3 0.928 0.187 0.042 0.067 3
4 0.352 0.517 0.045 0.072 4
5 0.190 0.737 0.044 0.070 5
6 0.735 0.065 0.048 0.077 6
7 0.267 0.517 0.036 0.058 7
8 0.347 0.218 0.032 0.052 8
9 0.006 0.738 0.042 0.067 9
10 0.373 0.348 0.048 0.077 10
11 0.269 0.085 0.040 0.063 11
12 0.693 0.207 0.043 0.068 12
13 0.541 0.693 0.047 0.075 13
14 0.280 0.647 0.044 0.070 14
15 0.876 0.833 0.046 0.073 15
16 0.272 0.718 0.043 0.068 16
17 0.741 0.935 0.042 0.067 17
18 0.925 0.593 0.035 0.057 18
19 0.554 0.882 0.041 0.065 19
20 0.465 0.567 0.040 0.063 20
21 0.858 0.660 0.045 0.072 21
22 0.129 0.807 0.041 0.065 22
23 0.695 0.677 0.044 0.070 23
24 0.637 0.313 0.042 0.067 24
25 0.944 0.418 0.042 0.067 25
26 0.114 0.232 0.040 0.063 26
27 0.577 0.022 0.048 0.077 27
28 0.463 0.607 0.037 0.060 28
29 0.608 0.302 0.044 0.070 29
30 0.653 0.727 0.035 0.057 30
31 0.800 0.263 0.037 0.060 31
32 0.371 0.292 0.036 0.058 32
33 0.254 0.685 0.048 0.077 33
34 0.607 0.653 0.042 0.067 34
35 0.834 0.443 0.042 0.067 35
36 0.902 0.782 0.044 0.070 36
37 0.586 0.607 0.042 0.067 37
38 0.679 0.312 0.040 0.063 38
39 0.013 0.073 0.048 0.077 39
40 0.832 0.000 0.037 0.060 40
43 0.684 0.003 0.032 0.052 43
