1 0.724 0.818 0.040 0.063 1
2 0.768 0.515 0.047 0.075 2
3 0.923 0.198 0.035 0.057 3
4 0.350 0.522 0.045 0.072 4
5 0.191 0.730 0.045 0.072 5
6 0.734 0.067 0.048 0.077 6
7 0.275 0.520 0.036 0.058 7
8 0.342 0.223 0.034 0.055 8
9 0.000 0.733 0.048 0.077 9
10 0.373 0.335 0.044 0.070 10
11 0.271 0.100 0.040 0.063 11
12 0.690 0.210 0.044 0.070 12
13 0.539 0.688 0.046 0.073 13
14 0.278 0.642 0.043 0.068 14
15 0.877 0.837 0.043 0.068 15
16 0.272 0.717 0.040 0.063 16
17 0.748 0.942 0.048 0.077 17
18 0.925 0.595 0.043 0.068 18
19 0.547 0.885 0.044 0.070 19
20 0.460 0.562 0.042 0.067 20
21 0.856 0.662 0.042 0.067 21
22 0.136 0.805 0.042 0.067 22
23 0.697 0.673 0.044 0.070 23
24 0.631 0.322 0.037 0.060 24
25 0.953 0.418 0.037 0.060 25
26 0.117 0.235 0.037 0.060 26
27 0.578 0.027 0.042 0.067 27
28 0.456 0.610 0.040 0.063 28
29 0.603 0.302 0.037 0.060 29
30 0.656 0.732 0.046 0.073 30
31 0.797 0.267 0.042 0.067 31
32 0.379 0.302 0.036 0.058 32
33 0.258 0.688 0.046 0.073 33
34 0.606 0.657 0.040 0.063 34
35 0.831 0.450 0.042 0.067 35
36 0.906 0.782 0.044 0.070 36
37 0.589 0.608 0.045 0.072 37
38 0.677 0.318 0.042 0.067 38
39 0.007 0.088 0.048 0.077 39
40 0.828 0.000 0.039 0.062 40
43 0.673 0.000 0.046 0.073 43
