1 0.720 0.818 0.040 0.063 1
2 0.766 0.510 0.048 0.077 2
3 0.926 0.217 0.040 0.063 3
4 0.351 0.523 0.046 0.073 4
5 0.189 0.730 0.045 0.072 5
6 0.734 0.070 0.048 0.077 6
7 0.283 0.517 0.042 0.067 7
8 0.339 0.228 0.037 0.060 8
9 0.000 0.733 0.045 0.072 9
10 0.370 0.337 0.046 0.073 10
11 0.268 0.112 0.037 0.060 11
12 0.688 0.212 0.045 0.072 12
13 0.534 0.695 0.042 0.067 13
14 0.276 0.642 0.045 0.072 14
15 0.880 0.835 0.044 0.070 15
16 0.272 0.710 0.047 0.075 16
17 0.746 0.950 0.048 0.077 17
18 0.924 0.592 0.040 0.063 18
19 0.541 0.883 0.048 0.077 19
20 0.457 0.562 0.041 0.065 20
21 0.855 0.663 0.041 0.065 21
22 0.138 0.800 0.041 0.065 22
23 0.697 0.672 0.040 0.063 23
24 0.628 0.323 0.036 0.058 24
25 0.958 0.427 0.037 0.060 25
26 0.118 0.233 0.040 0.063 26
27 0.575 0.028 0.048 0.077 27
28 0.452 0.612 0.036 0.058 28
29 0.604 0.305 0.042 0.067 29
30 0.654 0.728 0.048 0.077 30
31 0.796 0.267 0.043 0.068 31
32 0.382 0.308 0.036 0.058 32
33 0.255 0.688 0.047 0.075 33
34 0.607 0.655 0.041 0.065 34
35 0.831 0.453 0.042 0.067 35
36 0.905 0.780 0.045 0.072 36
37 0.584 0.612 0.042 0.067 37
38 0.674 0.318 0.040 0.063 38
39 0.004 0.088 0.048 0.077 39
40 0.826 0.000 0.040 0.063 40
43 0.675 0.000 0.043 0.068 43
