1 0.724 0.818 0.037 0.060 1
2 0.768 0.515 0.048 0.077 2
3 0.923 0.200 0.035 0.057 3
4 0.350 0.520 0.046 0.073 4
5 0.191 0.733 0.045 0.072 5
6 0.734 0.067 0.048 0.077 6
7 0.276 0.520 0.040 0.063 7
8 0.344 0.225 0.036 0.058 8
9 0.000 0.735 0.048 0.077 9
10 0.374 0.340 0.048 0.077 10
11 0.270 0.100 0.037 0.060 11
12 0.691 0.210 0.045 0.072 12
13 0.534 0.693 0.044 0.070 13
14 0.279 0.642 0.044 0.070 14
15 0.878 0.835 0.042 0.067 15
16 0.272 0.708 0.048 0.077 16
17 0.750 0.948 0.048 0.077 17
18 0.923 0.592 0.040 0.063 18
19 0.549 0.883 0.042 0.067 19
20 0.461 0.563 0.042 0.067 20
21 0.856 0.665 0.045 0.072 21
22 0.136 0.805 0.042 0.067 22
23 0.699 0.677 0.045 0.072 23
24 0.632 0.320 0.040 0.063 24
25 0.953 0.422 0.040 0.063 25
26 0.116 0.233 0.040 0.063 26
27 0.575 0.030 0.048 0.077 27
28 0.455 0.610 0.037 0.060 28
29 0.607 0.305 0.044 0.070 29
30 0.652 0.732 0.041 0.065 30
31 0.797 0.267 0.042 0.067 31
32 0.379 0.300 0.035 0.057 32
33 0.256 0.690 0.048 0.077 33
34 0.607 0.655 0.041 0.065 34
35 0.832 0.450 0.042 0.067 35
36 0.904 0.782 0.042 0.067 36
37 0.589 0.610 0.047 0.075 37
38 0.676 0.318 0.036 0.058 38
39 0.009 0.090 0.042 0.067 39
40 0.829 0.000 0.037 0.060 40
43 0.683 0.000 0.032 0.052 43
