1 0.722 0.820 0.040 0.063 1
2 0.766 0.513 0.048 0.077 2
3 0.930 0.207 0.047 0.075 3
4 0.351 0.523 0.045 0.072 4
5 0.190 0.730 0.044 0.070 5
6 0.735 0.070 0.048 0.077 6
7 0.281 0.518 0.037 0.060 7
8 0.343 0.227 0.037 0.060 8
9 0.000 0.737 0.045 0.072 9
10 0.372 0.338 0.048 0.077 10
11 0.267 0.108 0.040 0.063 11
12 0.691 0.212 0.045 0.072 12
13 0.535 0.690 0.046 0.073 13
14 0.275 0.643 0.044 0.070 14
15 0.879 0.835 0.047 0.075 15
16 0.275 0.715 0.042 0.067 16
17 0.745 0.967 0.048 0.077 17
18 0.924 0.592 0.041 0.065 18
19 0.546 0.873 0.036 0.058 19
20 0.459 0.555 0.048 0.077 20
21 0.854 0.663 0.042 0.067 21
22 0.138 0.800 0.040 0.063 22
23 0.700 0.673 0.044 0.070 23
24 0.629 0.322 0.036 0.058 24
25 0.955 0.423 0.035 0.057 25
26 0.117 0.230 0.035 0.057 26
27 0.579 0.027 0.043 0.068 27
28 0.453 0.612 0.036 0.058 28
29 0.607 0.303 0.042 0.067 29
30 0.648 0.732 0.035 0.057 30
31 0.796 0.267 0.042 0.067 31
32 0.384 0.310 0.042 0.067 32
33 0.253 0.687 0.048 0.077 33
34 0.607 0.657 0.042 0.067 34
35 0.830 0.448 0.042 0.067 35
36 0.905 0.778 0.041 0.065 36
37 0.583 0.612 0.040 0.063 37
38 0.676 0.318 0.041 0.065 38
39 0.006 0.095 0.042 0.067 39
40 0.827 0.000 0.040 0.063 40
43 0.677 0.000 0.046 0.073 43
