1 0.720 0.820 0.040 0.063 1
2 0.766 0.510 0.048 0.077 2
3 0.928 0.210 0.048 0.077 3
4 0.351 0.523 0.045 0.072 4
5 0.189 0.732 0.046 0.073 5
6 0.735 0.070 0.048 0.077 6
7 0.282 0.517 0.036 0.058 7
8 0.340 0.228 0.037 0.060 8
9 0.000 0.738 0.044 0.070 9
10 0.369 0.338 0.048 0.077 10
11 0.268 0.113 0.036 0.058 11
12 0.689 0.215 0.044 0.070 12
13 0.536 0.688 0.045 0.072 13
14 0.276 0.645 0.048 0.077 14
15 0.879 0.838 0.044 0.070 15
16 0.273 0.708 0.048 0.077 16
17 0.749 0.955 0.042 0.067 17
18 0.924 0.592 0.042 0.067 18
19 0.539 0.885 0.046 0.073 19
20 0.458 0.560 0.040 0.063 20
21 0.852 0.667 0.042 0.067 21
22 0.139 0.802 0.042 0.067 22
23 0.699 0.675 0.043 0.068 23
24 0.628 0.327 0.040 0.063 24
25 0.958 0.423 0.036 0.058 25
26 0.115 0.223 0.048 0.077 26
27 0.578 0.025 0.044 0.070 27
28 0.450 0.612 0.041 0.065 28
29 0.606 0.303 0.042 0.067 29
30 0.647 0.732 0.034 0.055 30
31 0.795 0.267 0.044 0.070 31
32 0.382 0.308 0.036 0.058 32
33 0.255 0.690 0.048 0.077 33
34 0.607 0.657 0.040 0.063 34
35 0.832 0.450 0.041 0.065 35
36 0.907 0.778 0.044 0.070 36
37 0.582 0.610 0.042 0.067 37
38 0.676 0.318 0.041 0.065 38
39 0.000 0.083 0.046 0.073 39
40 0.825 0.000 0.042 0.067 40
43 0.677 0.000 0.044 0.070 43
