1 0.727 0.825 0.037 0.060 1
2 0.766 0.533 0.046 0.073 2
3 0.934 0.177 0.043 0.068 3
4 0.354 0.515 0.046 0.073 4
5 0.190 0.737 0.044 0.070 5
6 0.738 0.063 0.048 0.077 6
7 0.261 0.508 0.042 0.067 7
8 0.350 0.212 0.037 0.060 8
9 0.004 0.742 0.048 0.077 9
10 0.376 0.352 0.044 0.070 10
11 0.267 0.070 0.037 0.060 11
12 0.696 0.212 0.045 0.072 12
13 0.541 0.698 0.046 0.073 13
14 0.283 0.647 0.043 0.068 14
15 0.873 0.838 0.042 0.067 15
16 0.273 0.717 0.044 0.070 16
17 0.733 0.932 0.041 0.065 17
18 0.923 0.597 0.042 0.067 18
19 0.559 0.877 0.042 0.067 19
20 0.465 0.575 0.040 0.063 20
21 0.856 0.658 0.042 0.067 21
22 0.134 0.802 0.048 0.077 22
23 0.694 0.673 0.042 0.067 23
24 0.644 0.298 0.036 0.058 24
25 0.936 0.417 0.040 0.063 25
26 0.116 0.227 0.036 0.058 26
27 0.578 0.033 0.043 0.068 27
28 0.468 0.600 0.041 0.065 28
29 0.608 0.303 0.044 0.070 29
30 0.653 0.727 0.035 0.057 30
31 0.800 0.273 0.043 0.068 31
32 0.362 0.288 0.036 0.058 32
33 0.249 0.678 0.048 0.077 33
34 0.607 0.653 0.042 0.067 34
35 0.836 0.448 0.042 0.067 35
36 0.900 0.780 0.042 0.067 36
37 0.585 0.608 0.042 0.067 37
38 0.676 0.303 0.042 0.067 38
39 0.009 0.057 0.048 0.077 39
40 0.833 0.000 0.035 0.057 40
43 0.670 0.023 0.042 0.067 43
