1 0.728 0.822 0.037 0.060 1
2 0.770 0.525 0.048 0.077 2
3 0.931 0.188 0.047 0.075 3
4 0.350 0.522 0.042 0.067 4
5 0.193 0.737 0.048 0.077 5
6 0.736 0.065 0.047 0.075 6
7 0.268 0.517 0.042 0.067 7
8 0.349 0.217 0.035 0.057 8
9 0.003 0.737 0.048 0.077 9
10 0.378 0.345 0.044 0.070 10
11 0.269 0.082 0.040 0.063 11
12 0.694 0.212 0.046 0.073 12
13 0.542 0.695 0.048 0.077 13
14 0.282 0.653 0.048 0.077 14
15 0.874 0.832 0.048 0.077 15
16 0.274 0.713 0.044 0.070 16
17 0.742 0.933 0.044 0.070 17
18 0.925 0.597 0.042 0.067 18
19 0.561 0.878 0.036 0.058 19
20 0.465 0.567 0.042 0.067 20
21 0.857 0.662 0.042 0.067 21
22 0.129 0.808 0.042 0.067 22
23 0.697 0.673 0.042 0.067 23
24 0.640 0.313 0.036 0.058 24
25 0.944 0.418 0.037 0.060 25
26 0.114 0.230 0.040 0.063 26
27 0.579 0.030 0.043 0.068 27
28 0.463 0.607 0.041 0.065 28
29 0.609 0.305 0.042 0.067 29
30 0.655 0.733 0.046 0.073 30
31 0.800 0.270 0.042 0.067 31
32 0.371 0.297 0.044 0.070 32
33 0.253 0.687 0.048 0.077 33
34 0.606 0.652 0.045 0.072 34
35 0.835 0.445 0.042 0.067 35
36 0.902 0.783 0.044 0.070 36
37 0.588 0.608 0.044 0.070 37
38 0.680 0.310 0.041 0.065 38
39 0.014 0.073 0.032 0.052 39
40 0.832 0.000 0.040 0.063 40
43 0.690 0.000 0.044 0.070 43
