1 0.727 0.825 0.040 0.063 1
2 0.767 0.528 0.048 0.077 2
3 0.931 0.178 0.044 0.070 3
4 0.352 0.515 0.044 0.070 4
5 0.190 0.738 0.046 0.073 5
6 0.736 0.065 0.048 0.077 6
7 0.261 0.510 0.042 0.067 7
8 0.352 0.210 0.036 0.058 8
9 0.003 0.740 0.048 0.077 9
10 0.373 0.355 0.048 0.077 10
11 0.268 0.070 0.036 0.058 11
12 0.697 0.212 0.048 0.077 12
13 0.542 0.698 0.045 0.072 13
14 0.280 0.652 0.048 0.077 14
15 0.873 0.838 0.043 0.068 15
16 0.271 0.717 0.043 0.068 16
17 0.735 0.930 0.042 0.067 17
18 0.923 0.597 0.037 0.060 18
19 0.560 0.877 0.042 0.067 19
20 0.465 0.573 0.040 0.063 20
21 0.856 0.655 0.042 0.067 21
22 0.125 0.793 0.048 0.077 22
23 0.693 0.675 0.046 0.073 23
24 0.644 0.298 0.036 0.058 24
25 0.936 0.420 0.037 0.060 25
26 0.115 0.227 0.040 0.063 26
27 0.579 0.035 0.044 0.070 27
28 0.468 0.600 0.041 0.065 28
29 0.608 0.303 0.044 0.070 29
30 0.655 0.732 0.046 0.073 30
31 0.800 0.270 0.035 0.057 31
32 0.362 0.287 0.036 0.058 32
33 0.250 0.678 0.047 0.075 33
34 0.607 0.653 0.042 0.067 34
35 0.839 0.447 0.041 0.065 35
36 0.900 0.780 0.042 0.067 36
37 0.586 0.612 0.044 0.070 37
38 0.676 0.302 0.040 0.063 38
39 0.009 0.060 0.048 0.077 39
40 0.833 0.003 0.041 0.065 40
43 0.670 0.023 0.042 0.067 43
