1 0.467 0.795 0.041 0.065 1
2 0.097 0.247 0.047 0.075 2
3 0.062 0.747 0.048 0.077 3
4 0.207 0.015 0.048 0.077 4
5 0.305 0.940 0.044 0.070 5
6 0.719 0.153 0.048 0.077 6
7 0.185 0.892 0.045 0.072 7
8 0.371 0.810 0.036 0.058 8
9 0.380 0.685 0.046 0.073 9
10 0.293 0.397 0.040 0.063 10
11 0.620 0.882 0.044 0.070 11
12 0.814 0.053 0.048 0.077 12
13 0.622 0.677 0.048 0.077 13
14 0.078 0.947 0.046 0.073 14
15 0.869 0.520 0.047 0.075 15
16 0.793 0.487 0.048 0.077 16
17 0.271 0.655 0.042 0.067 17
18 0.076 0.335 0.048 0.077 18
19 0.800 0.633 0.045 0.072 19
20 0.362 0.273 0.041 0.065 20
21 0.546 0.467 0.043 0.068 21
22 0.428 0.330 0.045 0.072 22
24 0.590 0.847 0.048 0.077 24
25 0.030 0.427 0.037 0.060 25
27 0.540 0.315 0.048 0.077 27
28 0.286 0.833 0.044 0.070 28
29 0.543 0.168 0.042 0.067 29
30 0.669 0.442 0.045 0.072 30
31 0.975 0.453 0.045 0.072 31
32 0.954 0.178 0.047 0.075 32
33 0.700 0.327 0.046 0.073 33
34 0.461 0.512 0.042 0.067 34
35 0.953 0.065 0.048 0.077 35
36 0.647 0.317 0.046 0.073 36
37 0.374 0.390 0.041 0.065 37
38 0.490 0.458 0.040 0.063 38
39 0.807 0.983 0.042 0.067 39
40 0.569 0.367 0.044 0.070 40
41 0.384 0.987 0.044 0.070 41
42 0.761 0.930 0.047 0.075 42
43 0.626 0.183 0.044 0.070 43
44 0.876 0.915 0.035 0.057 44
45 0.562 0.248 0.040 0.063 45
46 0.138 0.000 0.044 0.070 46
47 0.000 0.038 0.034 0.055 47
48 0.960 0.028 0.036 0.058 48
49 0.494 0.322 0.029 0.047 49
