1 0.468 0.803 0.042 0.067 1
2 0.100 0.247 0.048 0.077 2
3 0.061 0.748 0.048 0.077 3
4 0.212 0.000 0.045 0.072 4
5 0.308 0.943 0.044 0.070 5
6 0.723 0.152 0.047 0.075 6
7 0.190 0.892 0.045 0.072 7
8 0.367 0.812 0.048 0.077 8
9 0.376 0.672 0.042 0.067 9
10 0.296 0.375 0.046 0.073 10
11 0.619 0.887 0.048 0.077 11
12 0.814 0.050 0.046 0.073 12
13 0.622 0.685 0.048 0.077 13
14 0.084 0.947 0.046 0.073 14
15 0.873 0.518 0.048 0.077 15
16 0.800 0.493 0.045 0.072 16
17 0.272 0.648 0.047 0.075 17
18 0.078 0.332 0.044 0.070 18
19 0.806 0.622 0.044 0.070 19
20 0.371 0.277 0.048 0.077 20
21 0.548 0.468 0.044 0.070 21
22 0.424 0.328 0.042 0.067 22
24 0.581 0.857 0.048 0.077 24
25 0.037 0.442 0.036 0.058 25
27 0.539 0.308 0.048 0.077 27
28 0.287 0.842 0.045 0.072 28
29 0.537 0.170 0.045 0.072 29
30 0.666 0.443 0.047 0.075 30
31 0.971 0.457 0.046 0.073 31
32 0.954 0.178 0.046 0.073 32
33 0.698 0.327 0.044 0.070 33
34 0.469 0.513 0.046 0.073 34
35 0.960 0.068 0.042 0.067 35
36 0.646 0.310 0.045 0.072 36
37 0.376 0.372 0.048 0.077 37
38 0.493 0.462 0.041 0.065 38
39 0.808 0.977 0.046 0.073 39
40 0.568 0.362 0.042 0.067 40
41 0.389 0.987 0.046 0.073 41
42 0.769 0.942 0.048 0.077 42
43 0.623 0.188 0.044 0.070 43
44 0.887 0.918 0.036 0.058 44
45 0.569 0.243 0.042 0.067 45
46 0.145 0.017 0.037 0.060 46
47 0.007 0.045 0.032 0.052 47
48 0.963 0.047 0.037 0.060 48
49 0.494 0.320 0.040 0.063 49
