1 0.468 0.792 0.043 0.068 1
2 0.095 0.247 0.048 0.077 2
3 0.062 0.745 0.048 0.077 3
4 0.209 0.018 0.047 0.075 4
5 0.307 0.940 0.044 0.070 5
6 0.719 0.158 0.047 0.075 6
7 0.183 0.895 0.042 0.067 7
8 0.372 0.810 0.042 0.067 8
9 0.384 0.688 0.044 0.070 9
10 0.294 0.402 0.040 0.063 10
11 0.621 0.882 0.046 0.073 11
12 0.817 0.060 0.047 0.075 12
13 0.618 0.675 0.046 0.073 13
14 0.076 0.943 0.044 0.070 14
15 0.869 0.523 0.046 0.073 15
16 0.793 0.492 0.048 0.077 16
17 0.270 0.655 0.042 0.067 17
18 0.078 0.337 0.042 0.067 18
19 0.797 0.637 0.044 0.070 19
20 0.358 0.275 0.040 0.063 20
21 0.546 0.468 0.045 0.072 21
22 0.429 0.327 0.043 0.068 22
24 0.590 0.838 0.048 0.077 24
25 0.030 0.420 0.048 0.077 25
27 0.548 0.317 0.046 0.073 27
28 0.286 0.833 0.044 0.070 28
29 0.542 0.167 0.046 0.073 29
30 0.668 0.443 0.047 0.075 30
31 0.969 0.453 0.048 0.077 31
32 0.955 0.178 0.048 0.077 32
33 0.702 0.328 0.044 0.070 33
34 0.463 0.503 0.048 0.077 34
35 0.948 0.065 0.048 0.077 35
36 0.646 0.318 0.045 0.072 36
37 0.376 0.397 0.048 0.077 37
38 0.491 0.460 0.044 0.070 38
39 0.804 0.973 0.034 0.055 39
40 0.573 0.358 0.042 0.067 40
41 0.386 0.985 0.048 0.077 41
42 0.769 0.945 0.048 0.077 42
43 0.625 0.182 0.044 0.070 43
44 0.870 0.918 0.037 0.060 44
45 0.560 0.258 0.048 0.077 45
46 0.140 0.000 0.047 0.075 46
47 0.000 0.040 0.031 0.050 47
48 0.960 0.018 0.041 0.065 48
49 0.493 0.323 0.030 0.048 49
