1 0.468 0.795 0.042 0.067 1
2 0.097 0.250 0.048 0.077 2
3 0.065 0.747 0.048 0.077 3
4 0.208 0.015 0.044 0.070 4
5 0.307 0.945 0.048 0.077 5
6 0.720 0.155 0.046 0.073 6
7 0.184 0.892 0.044 0.070 7
8 0.373 0.808 0.040 0.063 8
9 0.380 0.683 0.045 0.072 9
10 0.293 0.397 0.036 0.058 10
11 0.619 0.882 0.044 0.070 11
12 0.815 0.055 0.048 0.077 12
13 0.619 0.678 0.048 0.077 13
14 0.085 0.943 0.048 0.077 14
15 0.868 0.518 0.045 0.072 15
16 0.794 0.493 0.041 0.065 16
17 0.273 0.658 0.046 0.073 17
18 0.082 0.338 0.044 0.070 18
19 0.798 0.633 0.048 0.077 19
20 0.361 0.272 0.037 0.060 20
21 0.547 0.468 0.044 0.070 21
22 0.429 0.332 0.045 0.072 22
24 0.589 0.845 0.048 0.077 24
25 0.032 0.427 0.040 0.063 25
27 0.540 0.315 0.048 0.077 27
28 0.290 0.837 0.048 0.077 28
29 0.540 0.168 0.048 0.077 29
30 0.668 0.442 0.048 0.077 30
31 0.976 0.455 0.045 0.072 31
32 0.954 0.175 0.047 0.075 32
33 0.701 0.327 0.044 0.070 33
34 0.461 0.512 0.043 0.068 34
35 0.953 0.065 0.048 0.077 35
36 0.647 0.317 0.044 0.070 36
37 0.376 0.388 0.045 0.072 37
38 0.490 0.457 0.041 0.065 38
39 0.809 0.983 0.045 0.072 39
40 0.573 0.358 0.041 0.065 40
41 0.383 0.987 0.045 0.072 41
42 0.765 0.928 0.048 0.077 42
43 0.626 0.183 0.044 0.070 43
44 0.875 0.912 0.035 0.057 44
45 0.564 0.248 0.041 0.065 45
46 0.143 0.012 0.048 0.077 46
47 0.000 0.038 0.034 0.055 47
48 0.957 0.028 0.042 0.067 48
49 0.494 0.322 0.029 0.047 49
