1 0.467 0.798 0.042 0.067 1
2 0.101 0.227 0.045 0.072 2
3 0.062 0.743 0.044 0.070 3
4 0.209 0.012 0.044 0.070 4
5 0.307 0.943 0.045 0.072 5
6 0.720 0.152 0.047 0.075 6
7 0.186 0.892 0.044 0.070 7
8 0.373 0.807 0.042 0.067 8
9 0.377 0.680 0.045 0.072 9
10 0.292 0.390 0.041 0.065 10
11 0.620 0.883 0.044 0.070 11
12 0.816 0.053 0.046 0.073 12
13 0.618 0.677 0.046 0.073 13
14 0.087 0.943 0.044 0.070 14
15 0.872 0.522 0.048 0.077 15
16 0.796 0.490 0.044 0.070 16
17 0.275 0.652 0.048 0.077 17
18 0.076 0.332 0.048 0.077 18
19 0.802 0.632 0.044 0.070 19
20 0.366 0.273 0.037 0.060 20
21 0.544 0.467 0.048 0.077 21
22 0.427 0.333 0.046 0.073 22
24 0.586 0.847 0.048 0.077 24
25 0.036 0.428 0.048 0.077 25
27 0.540 0.313 0.048 0.077 27
28 0.285 0.840 0.048 0.077 28
29 0.539 0.167 0.047 0.075 29
30 0.667 0.442 0.048 0.077 30
31 0.976 0.455 0.043 0.068 31
32 0.955 0.178 0.048 0.077 32
33 0.698 0.328 0.048 0.077 33
34 0.464 0.512 0.042 0.067 34
35 0.954 0.068 0.048 0.077 35
36 0.647 0.313 0.048 0.077 36
37 0.373 0.387 0.042 0.067 37
38 0.492 0.462 0.042 0.067 38
39 0.809 0.983 0.044 0.070 39
40 0.572 0.360 0.040 0.063 40
41 0.383 0.990 0.048 0.077 41
42 0.759 0.925 0.040 0.063 42
43 0.625 0.187 0.044 0.070 43
44 0.879 0.913 0.036 0.058 44
45 0.565 0.245 0.040 0.063 45
46 0.145 0.013 0.041 0.065 46
47 0.000 0.028 0.048 0.077 47
48 0.960 0.032 0.036 0.058 48
49 0.494 0.322 0.029 0.047 49
