1 0.470 0.810 0.041 0.065 1
2 0.099 0.243 0.046 0.073 2
3 0.062 0.750 0.047 0.075 3
4 0.214 0.000 0.042 0.067 4
5 0.310 0.942 0.044 0.070 5
6 0.724 0.158 0.048 0.077 6
7 0.190 0.893 0.048 0.077 7
8 0.373 0.815 0.040 0.063 8
9 0.376 0.655 0.048 0.077 9
10 0.297 0.377 0.042 0.067 10
11 0.620 0.877 0.048 0.077 11
12 0.808 0.050 0.048 0.077 12
13 0.616 0.678 0.048 0.077 13
14 0.081 0.945 0.048 0.077 14
15 0.877 0.517 0.046 0.073 15
16 0.801 0.495 0.042 0.067 16
17 0.272 0.643 0.048 0.077 17
18 0.076 0.332 0.048 0.077 18
19 0.807 0.613 0.044 0.070 19
20 0.380 0.283 0.041 0.065 20
21 0.548 0.468 0.045 0.072 21
22 0.421 0.330 0.048 0.077 22
24 0.578 0.858 0.048 0.077 24
25 0.037 0.452 0.040 0.063 25
27 0.537 0.308 0.046 0.073 27
28 0.289 0.852 0.047 0.075 28
29 0.540 0.177 0.046 0.073 29
30 0.665 0.443 0.047 0.075 30
31 0.971 0.460 0.048 0.077 31
32 0.954 0.178 0.046 0.073 32
33 0.696 0.327 0.045 0.072 33
34 0.468 0.510 0.042 0.067 34
35 0.964 0.077 0.042 0.067 35
36 0.643 0.308 0.046 0.073 36
37 0.377 0.368 0.043 0.068 37
38 0.492 0.463 0.044 0.070 38
39 0.808 0.980 0.048 0.077 39
40 0.560 0.362 0.048 0.077 40
41 0.390 0.987 0.043 0.068 41
42 0.770 0.938 0.048 0.077 42
43 0.622 0.188 0.045 0.072 43
44 0.892 0.922 0.035 0.057 44
45 0.573 0.242 0.041 0.065 45
46 0.139 0.013 0.042 0.067 46
47 0.008 0.042 0.048 0.077 47
48 0.959 0.057 0.040 0.063 48
49 0.494 0.323 0.048 0.077 49
