1 0.468 0.807 0.041 0.065 1
2 0.099 0.242 0.048 0.077 2
3 0.064 0.750 0.048 0.077 3
4 0.214 0.000 0.043 0.068 4
5 0.309 0.940 0.044 0.070 5
6 0.724 0.150 0.047 0.075 6
7 0.190 0.892 0.044 0.070 7
8 0.373 0.815 0.040 0.063 8
9 0.376 0.662 0.046 0.073 9
10 0.297 0.377 0.041 0.065 10
11 0.623 0.877 0.048 0.077 11
12 0.812 0.048 0.047 0.075 12
13 0.618 0.685 0.046 0.073 13
14 0.079 0.950 0.048 0.077 14
15 0.875 0.517 0.048 0.077 15
16 0.801 0.497 0.044 0.070 16
17 0.273 0.648 0.048 0.077 17
18 0.077 0.335 0.047 0.075 18
19 0.805 0.618 0.046 0.073 19
20 0.377 0.280 0.040 0.063 20
21 0.549 0.470 0.043 0.068 21
22 0.421 0.330 0.048 0.077 22
24 0.580 0.857 0.047 0.075 24
25 0.037 0.445 0.036 0.058 25
27 0.539 0.310 0.048 0.077 27
28 0.287 0.842 0.045 0.072 28
29 0.539 0.170 0.044 0.070 29
30 0.665 0.445 0.047 0.075 30
31 0.970 0.457 0.048 0.077 31
32 0.954 0.182 0.044 0.070 32
33 0.698 0.325 0.044 0.070 33
34 0.467 0.512 0.042 0.067 34
35 0.963 0.073 0.043 0.068 35
36 0.646 0.310 0.045 0.072 36
37 0.377 0.372 0.042 0.067 37
38 0.494 0.462 0.042 0.067 38
39 0.808 0.980 0.048 0.077 39
40 0.566 0.362 0.043 0.068 40
41 0.389 0.988 0.048 0.077 41
42 0.771 0.938 0.048 0.077 42
43 0.621 0.190 0.045 0.072 43
44 0.890 0.922 0.040 0.063 44
45 0.571 0.242 0.041 0.065 45
46 0.144 0.000 0.042 0.067 46
47 0.007 0.033 0.042 0.067 47
48 0.960 0.050 0.037 0.060 48
49 0.494 0.318 0.030 0.048 49
