1 0.864 0.083 0.047 0.075 1
4 0.275 0.627 0.046 0.073 4
9 0.138 0.000 0.042 0.067 9
10 0.882 0.137 0.048 0.077 10
15 0.539 0.818 0.048 0.077 15
16 0.172 0.030 0.044 0.070 16
17 0.537 0.073 0.044 0.070 17
18 0.725 0.687 0.048 0.077 18
19 0.345 0.505 0.048 0.077 19
25 0.485 0.875 0.048 0.077 25
26 0.316 0.998 0.048 0.077 26
27 0.336 0.028 0.044 0.070 27
29 0.826 0.497 0.045 0.072 29
32 0.986 0.042 0.041 0.065 32
33 0.354 0.160 0.048 0.077 33
37 0.279 0.467 0.048 0.077 37
38 0.864 0.377 0.037 0.060 38
39 0.793 0.507 0.048 0.077 39
41 0.151 1.000 0.033 0.053 41
43 0.448 0.002 0.037 0.060 43
