1 0.866 0.085 0.047 0.075 1
4 0.275 0.627 0.046 0.073 4
9 0.149 0.005 0.048 0.077 9
10 0.887 0.143 0.048 0.077 10
15 0.530 0.822 0.048 0.077 15
16 0.176 0.035 0.048 0.077 16
17 0.537 0.083 0.048 0.077 17
18 0.723 0.685 0.048 0.077 18
19 0.341 0.505 0.048 0.077 19
25 0.487 0.885 0.042 0.067 25
26 0.325 1.000 0.048 0.077 26
27 0.340 0.030 0.048 0.077 27
29 0.830 0.487 0.045 0.072 29
32 1.000 0.028 0.045 0.072 32
33 0.350 0.155 0.048 0.077 33
37 0.275 0.480 0.048 0.077 37
38 0.864 0.375 0.033 0.053 38
39 0.790 0.505 0.048 0.077 39
41 0.144 1.000 0.035 0.057 41
43 0.451 0.015 0.048 0.077 43
