1 0.864 0.087 0.048 0.077 1
4 0.276 0.627 0.046 0.073 4
9 0.143 0.000 0.042 0.067 9
10 0.887 0.143 0.048 0.077 10
15 0.534 0.818 0.048 0.077 15
16 0.176 0.040 0.048 0.077 16
17 0.536 0.082 0.041 0.065 17
18 0.724 0.687 0.048 0.077 18
19 0.343 0.505 0.048 0.077 19
25 0.486 0.882 0.041 0.065 25
26 0.324 0.998 0.047 0.075 26
27 0.338 0.032 0.046 0.073 27
29 0.829 0.492 0.048 0.077 29
32 0.988 0.042 0.048 0.077 32
33 0.351 0.155 0.048 0.077 33
37 0.278 0.477 0.048 0.077 37
38 0.861 0.375 0.043 0.068 38
39 0.792 0.503 0.048 0.077 39
41 0.146 1.000 0.035 0.057 41
43 0.458 0.018 0.042 0.067 43
