1 0.870 0.095 0.046 0.073 1
4 0.275 0.628 0.048 0.077 4
9 0.150 0.027 0.048 0.077 9
10 0.890 0.158 0.048 0.077 10
15 0.522 0.820 0.044 0.070 15
16 0.179 0.017 0.048 0.077 16
17 0.542 0.095 0.048 0.077 17
18 0.709 0.673 0.048 0.077 18
19 0.333 0.500 0.048 0.077 19
25 0.486 0.892 0.048 0.077 25
26 0.322 0.982 0.047 0.075 26
27 0.351 0.028 0.048 0.077 27
29 0.847 0.492 0.044 0.070 29
32 0.998 0.033 0.042 0.067 32
33 0.342 0.150 0.047 0.075 33
37 0.274 0.485 0.047 0.075 37
38 0.865 0.375 0.033 0.053 38
39 0.792 0.492 0.048 0.077 39
41 0.142 1.000 0.048 0.077 41
43 0.446 0.008 0.043 0.068 43
