1 0.865 0.080 0.047 0.075 1
4 0.277 0.630 0.048 0.077 4
9 0.145 0.000 0.047 0.075 9
10 0.879 0.135 0.048 0.077 10
15 0.541 0.822 0.048 0.077 15
16 0.153 0.050 0.035 0.057 16
17 0.540 0.073 0.041 0.065 17
18 0.730 0.687 0.048 0.077 18
19 0.347 0.503 0.045 0.072 19
25 0.489 0.870 0.040 0.063 25
26 0.318 1.000 0.045 0.072 26
27 0.335 0.023 0.047 0.075 27
29 0.824 0.500 0.047 0.075 29
32 0.984 0.040 0.044 0.070 32
33 0.365 0.157 0.047 0.075 33
37 0.285 0.512 0.042 0.067 37
38 0.860 0.375 0.044 0.070 38
39 0.795 0.510 0.046 0.073 39
41 0.130 1.000 0.044 0.070 41
43 0.466 0.013 0.032 0.052 43
