1 0.307 1.000 0.036 0.058 1
2 0.778 0.740 0.046 0.073 2
3 0.322 0.455 0.047 0.075 3
4 0.293 0.487 0.044 0.070 4
5 0.732 0.052 0.043 0.068 5
7 0.885 0.997 0.048 0.077 7
8 0.665 0.288 0.048 0.077 8
9 0.482 0.843 0.044 0.070 9
11 0.417 0.597 0.042 0.067 11
13 0.518 0.762 0.048 0.077 13
14 0.367 0.152 0.048 0.077 14
15 0.838 0.807 0.042 0.067 15
16 0.315 0.920 0.042 0.067 16
17 0.748 0.752 0.041 0.065 17
18 0.609 0.190 0.048 0.077 18
20 0.636 0.730 0.042 0.067 20
21 0.380 0.873 0.048 0.077 21
22 0.415 0.898 0.048 0.077 22
23 0.551 0.155 0.044 0.070 23
24 0.671 0.865 0.047 0.075 24
25 0.366 0.323 0.044 0.070 25
28 0.388 0.818 0.037 0.060 28
29 0.896 0.400 0.048 0.077 29
30 0.494 0.633 0.042 0.067 30
31 0.681 0.980 0.048 0.077 31
33 0.752 0.850 0.048 0.077 33
34 0.564 0.243 0.048 0.077 34
36 0.699 0.810 0.040 0.063 36
37 0.066 0.908 0.036 0.058 37
38 0.876 0.965 0.040 0.063 38
39 0.720 0.298 0.045 0.072 39
40 0.895 0.238 0.036 0.058 40
41 0.240 0.695 0.042 0.067 41
42 0.914 0.968 0.048 0.077 42
43 0.945 1.000 0.030 0.048 43
44 0.883 0.378 0.041 0.065 44
