1 0.291 0.987 0.037 0.060 1
2 0.775 0.745 0.046 0.073 2
3 0.322 0.462 0.047 0.075 3
4 0.291 0.492 0.048 0.077 4
5 0.741 0.043 0.041 0.065 5
7 0.889 0.998 0.044 0.070 7
8 0.673 0.290 0.046 0.073 8
9 0.496 0.825 0.046 0.073 9
11 0.412 0.593 0.042 0.067 11
13 0.517 0.767 0.048 0.077 13
14 0.375 0.163 0.035 0.057 14
15 0.826 0.813 0.048 0.077 15
16 0.315 0.900 0.045 0.072 16
17 0.752 0.752 0.035 0.057 17
18 0.608 0.188 0.048 0.077 18
20 0.644 0.730 0.048 0.077 20
21 0.386 0.877 0.041 0.065 21
22 0.417 0.905 0.048 0.077 22
23 0.554 0.170 0.041 0.065 23
24 0.676 0.872 0.034 0.055 24
25 0.373 0.317 0.042 0.067 25
28 0.407 0.805 0.035 0.057 28
29 0.906 0.402 0.048 0.077 29
30 0.489 0.627 0.048 0.077 30
31 0.684 0.973 0.048 0.077 31
33 0.743 0.860 0.037 0.060 33
34 0.575 0.237 0.048 0.077 34
36 0.703 0.822 0.048 0.077 36
37 0.070 0.933 0.037 0.060 37
38 0.876 0.955 0.048 0.077 38
39 0.720 0.297 0.048 0.077 39
40 0.886 0.253 0.048 0.077 40
41 0.236 0.702 0.042 0.067 41
42 0.919 0.967 0.048 0.077 42
43 0.958 0.987 0.048 0.077 43
44 0.887 0.378 0.037 0.060 44
