1 0.298 1.000 0.047 0.075 1
2 0.778 0.743 0.048 0.077 2
3 0.327 0.458 0.036 0.058 3
4 0.294 0.487 0.044 0.070 4
5 0.736 0.050 0.042 0.067 5
7 0.886 0.997 0.048 0.077 7
8 0.668 0.292 0.048 0.077 8
9 0.482 0.835 0.048 0.077 9
11 0.415 0.593 0.042 0.067 11
13 0.518 0.758 0.048 0.077 13
14 0.370 0.155 0.048 0.077 14
15 0.834 0.808 0.045 0.072 15
16 0.316 0.918 0.048 0.077 16
17 0.754 0.748 0.048 0.077 17
18 0.608 0.190 0.042 0.067 18
20 0.635 0.733 0.044 0.070 20
21 0.386 0.872 0.048 0.077 21
22 0.416 0.903 0.048 0.077 22
23 0.549 0.160 0.045 0.072 23
24 0.674 0.870 0.036 0.058 24
25 0.372 0.317 0.042 0.067 25
28 0.392 0.817 0.037 0.060 28
29 0.903 0.403 0.041 0.065 29
30 0.496 0.630 0.041 0.065 30
31 0.685 0.973 0.045 0.072 31
33 0.750 0.847 0.040 0.063 33
34 0.569 0.243 0.040 0.063 34
36 0.700 0.810 0.042 0.067 36
37 0.068 0.915 0.036 0.058 37
38 0.877 0.962 0.036 0.058 38
39 0.720 0.295 0.042 0.067 39
40 0.893 0.238 0.048 0.077 40
41 0.243 0.697 0.048 0.077 41
42 0.917 0.965 0.048 0.077 42
43 0.949 0.990 0.042 0.067 43
44 0.887 0.383 0.041 0.065 44
