1 0.202 0.462 0.036 0.058 1
2 0.233 0.883 0.047 0.075 2
3 0.799 0.417 0.048 0.077 3
4 0.592 0.777 0.035 0.057 4
5 0.140 0.418 0.041 0.065 5
6 0.897 0.030 0.037 0.060 6
7 0.960 0.385 0.044 0.070 7
8 0.060 0.208 0.044 0.070 8
9 0.334 0.330 0.042 0.067 9
10 0.319 0.372 0.042 0.067 10
11 0.414 0.565 0.035 0.057 11
12 0.616 0.513 0.037 0.060 12
13 0.154 0.515 0.035 0.057 13
14 0.113 0.752 0.041 0.065 14
15 0.080 0.660 0.035 0.057 15
16 0.636 0.895 0.040 0.063 16
17 0.959 0.478 0.035 0.057 17
18 0.578 0.380 0.036 0.058 18
19 0.455 0.982 0.034 0.055 19
