1 0.184 0.440 0.042 0.067 1
2 0.237 0.920 0.048 0.077 2
3 0.796 0.418 0.047 0.075 3
4 0.598 0.738 0.041 0.065 4
5 0.156 0.398 0.041 0.065 5
6 0.916 0.033 0.035 0.057 6
7 0.959 0.420 0.042 0.067 7
8 0.079 0.215 0.032 0.052 8
9 0.334 0.332 0.031 0.050 9
10 0.316 0.377 0.048 0.077 10
11 0.394 0.557 0.036 0.058 11
12 0.629 0.488 0.033 0.053 12
13 0.155 0.553 0.034 0.055 13
14 0.109 0.742 0.041 0.065 14
15 0.101 0.652 0.040 0.063 15
16 0.622 0.920 0.037 0.060 16
17 0.961 0.502 0.035 0.057 17
18 0.591 0.382 0.035 0.057 18
19 0.466 0.952 0.036 0.058 19
