1 0.199 0.452 0.036 0.058 1
2 0.232 0.898 0.044 0.070 2
3 0.798 0.418 0.046 0.073 3
4 0.592 0.763 0.035 0.057 4
5 0.147 0.417 0.042 0.067 5
6 0.903 0.023 0.035 0.057 6
7 0.967 0.393 0.032 0.052 7
8 0.065 0.232 0.043 0.068 8
9 0.334 0.328 0.035 0.057 9
10 0.320 0.373 0.046 0.073 10
11 0.408 0.568 0.035 0.057 11
12 0.624 0.513 0.032 0.052 12
13 0.155 0.525 0.034 0.055 13
14 0.114 0.745 0.037 0.060 14
15 0.087 0.663 0.034 0.055 15
16 0.629 0.902 0.041 0.065 16
17 0.964 0.487 0.032 0.052 17
18 0.584 0.387 0.036 0.058 18
19 0.461 0.977 0.037 0.060 19
