1 0.199 0.450 0.040 0.063 1
2 0.232 0.897 0.044 0.070 2
3 0.798 0.420 0.046 0.073 3
4 0.592 0.767 0.032 0.052 4
5 0.146 0.418 0.043 0.068 5
6 0.903 0.025 0.037 0.060 6
7 0.967 0.393 0.040 0.063 7
8 0.066 0.225 0.035 0.057 8
9 0.330 0.335 0.044 0.070 9
10 0.324 0.373 0.044 0.070 10
11 0.410 0.568 0.036 0.058 11
12 0.626 0.515 0.034 0.055 12
13 0.150 0.525 0.035 0.057 13
14 0.115 0.747 0.037 0.060 14
15 0.089 0.662 0.042 0.067 15
16 0.628 0.897 0.036 0.058 16
17 0.961 0.485 0.032 0.052 17
18 0.582 0.387 0.034 0.055 18
19 0.461 0.978 0.036 0.058 19
