1 0.199 0.452 0.037 0.060 1
2 0.230 0.892 0.048 0.077 2
3 0.798 0.418 0.047 0.075 3
4 0.592 0.767 0.033 0.053 4
5 0.144 0.415 0.037 0.060 5
6 0.904 0.025 0.041 0.065 6
7 0.968 0.393 0.042 0.067 7
8 0.065 0.225 0.036 0.058 8
9 0.334 0.333 0.030 0.048 9
10 0.322 0.370 0.044 0.070 10
11 0.408 0.567 0.035 0.057 11
12 0.620 0.512 0.037 0.060 12
13 0.153 0.523 0.030 0.048 13
14 0.114 0.747 0.040 0.063 14
15 0.087 0.662 0.044 0.070 15
16 0.629 0.895 0.035 0.057 16
17 0.963 0.483 0.034 0.055 17
18 0.580 0.387 0.035 0.057 18
19 0.460 0.978 0.036 0.058 19
