1 0.200 0.453 0.037 0.060 1
2 0.231 0.890 0.048 0.077 2
3 0.799 0.418 0.046 0.073 3
4 0.593 0.770 0.033 0.053 4
5 0.144 0.417 0.042 0.067 5
6 0.902 0.025 0.040 0.063 6
7 0.964 0.387 0.034 0.055 7
8 0.062 0.227 0.035 0.057 8
9 0.332 0.330 0.035 0.057 9
10 0.321 0.377 0.035 0.057 10
11 0.415 0.563 0.048 0.077 11
12 0.620 0.510 0.035 0.057 12
13 0.151 0.525 0.035 0.057 13
14 0.113 0.748 0.037 0.060 14
15 0.085 0.665 0.032 0.052 15
16 0.629 0.893 0.036 0.058 16
17 0.963 0.483 0.034 0.055 17
18 0.581 0.385 0.035 0.057 18
19 0.460 0.980 0.035 0.057 19
