1 0.201 0.455 0.035 0.057 1
2 0.233 0.892 0.044 0.070 2
3 0.798 0.418 0.046 0.073 3
4 0.593 0.770 0.037 0.060 4
5 0.144 0.415 0.036 0.058 5
6 0.902 0.027 0.037 0.060 6
7 0.967 0.392 0.037 0.060 7
8 0.065 0.222 0.037 0.060 8
9 0.334 0.330 0.035 0.057 9
10 0.322 0.377 0.029 0.047 10
11 0.409 0.568 0.036 0.058 11
12 0.624 0.515 0.034 0.055 12
13 0.150 0.523 0.034 0.055 13
14 0.113 0.745 0.041 0.065 14
15 0.084 0.665 0.035 0.057 15
16 0.630 0.895 0.035 0.057 16
17 0.958 0.482 0.035 0.057 17
18 0.581 0.385 0.036 0.058 18
19 0.464 0.980 0.044 0.070 19
