1 0.194 0.445 0.040 0.063 1
2 0.234 0.903 0.047 0.075 2
3 0.799 0.422 0.047 0.075 3
4 0.594 0.755 0.035 0.057 4
5 0.154 0.415 0.044 0.070 5
6 0.908 0.022 0.048 0.077 6
7 0.968 0.405 0.040 0.063 7
8 0.072 0.227 0.035 0.057 8
9 0.334 0.333 0.030 0.048 9
10 0.322 0.370 0.048 0.077 10
11 0.402 0.567 0.037 0.060 11
12 0.624 0.505 0.035 0.057 12
13 0.153 0.532 0.034 0.055 13
14 0.114 0.745 0.036 0.058 14
15 0.094 0.663 0.037 0.060 15
16 0.624 0.905 0.037 0.060 16
17 0.964 0.493 0.035 0.057 17
18 0.585 0.387 0.035 0.057 18
19 0.470 0.972 0.044 0.070 19
