1 0.536 0.855 0.040 0.063 1
2 0.833 0.958 0.044 0.070 2
3 0.852 0.590 0.048 0.077 3
4 0.105 0.600 0.042 0.067 4
5 0.331 0.475 0.042 0.067 5
6 0.027 0.455 0.042 0.067 6
7 0.555 0.337 0.048 0.077 7
8 0.823 0.408 0.044 0.070 8
9 0.061 0.712 0.042 0.067 9
10 0.654 0.907 0.040 0.063 10
12 0.835 0.753 0.040 0.063 12
13 0.598 0.053 0.041 0.065 13
14 0.757 0.390 0.042 0.067 14
15 0.129 0.907 0.046 0.073 15
16 0.353 0.088 0.044 0.070 16
17 0.755 0.422 0.037 0.060 17
18 0.371 0.717 0.041 0.065 18
19 0.680 0.222 0.035 0.057 19
20 0.627 0.413 0.046 0.073 20
21 0.171 0.273 0.042 0.067 21
22 0.550 0.553 0.042 0.067 22
23 0.661 0.582 0.040 0.063 23
24 0.545 0.767 0.041 0.065 24
25 0.006 0.552 0.044 0.070 25
27 0.775 0.158 0.036 0.058 27
28 0.864 0.948 0.035 0.057 28
29 0.973 0.968 0.037 0.060 29
30 0.294 0.872 0.041 0.065 30
31 0.416 0.475 0.048 0.077 31
32 0.466 0.418 0.048 0.077 32
33 0.799 0.573 0.042 0.067 33
34 0.311 0.278 0.040 0.063 34
36 0.585 0.762 0.035 0.057 36
37 0.647 0.578 0.037 0.060 37
38 0.730 0.027 0.042 0.067 38
39 0.487 0.117 0.040 0.063 39
40 0.789 0.748 0.034 0.055 40
41 0.753 0.543 0.036 0.058 41
42 0.950 0.705 0.042 0.067 42
43 0.126 0.597 0.040 0.063 43
44 0.674 0.838 0.036 0.058 44
45 0.019 0.713 0.042 0.067 45
46 0.284 0.832 0.036 0.058 46
47 0.880 0.445 0.034 0.055 47
48 0.666 0.785 0.036 0.058 48
49 0.662 0.548 0.032 0.052 49
50 0.367 0.310 0.042 0.067 50
51 0.235 0.782 0.032 0.052 51
52 0.923 0.182 0.036 0.058 52
53 0.459 1.000 0.035 0.057 53
54 0.180 0.055 0.036 0.058 54
55 0.594 0.298 0.044 0.070 55
56 0.589 0.268 0.036 0.058 56
57 0.787 1.000 0.032 0.052 57
59 0.550 0.213 0.030 0.048 59
60 0.816 0.605 0.035 0.057 60
