1 0.550 0.865 0.041 0.065 1
2 0.834 0.962 0.048 0.077 2
3 0.854 0.592 0.046 0.073 3
4 0.096 0.620 0.042 0.067 4
5 0.321 0.483 0.036 0.058 5
6 0.028 0.440 0.041 0.065 6
7 0.553 0.342 0.044 0.070 7
8 0.824 0.407 0.042 0.067 8
9 0.056 0.740 0.037 0.060 9
10 0.654 0.917 0.037 0.060 10
12 0.828 0.738 0.037 0.060 12
13 0.588 0.060 0.041 0.065 13
14 0.765 0.387 0.041 0.065 14
15 0.126 0.910 0.048 0.077 15
16 0.360 0.095 0.048 0.077 16
17 0.765 0.438 0.037 0.060 17
18 0.374 0.707 0.042 0.067 18
19 0.684 0.218 0.040 0.063 19
20 0.631 0.418 0.044 0.070 20
21 0.169 0.282 0.041 0.065 21
22 0.554 0.575 0.042 0.067 22
23 0.668 0.580 0.041 0.065 23
24 0.552 0.780 0.041 0.065 24
25 0.009 0.560 0.043 0.068 25
27 0.765 0.153 0.040 0.063 27
28 0.865 0.958 0.035 0.057 28
29 0.973 0.965 0.040 0.063 29
30 0.291 0.863 0.042 0.067 30
31 0.417 0.445 0.040 0.063 31
32 0.467 0.410 0.048 0.077 32
33 0.809 0.575 0.042 0.067 33
34 0.317 0.267 0.037 0.060 34
36 0.601 0.760 0.037 0.060 36
37 0.646 0.582 0.032 0.052 37
38 0.723 0.037 0.041 0.065 38
39 0.477 0.130 0.040 0.063 39
40 0.781 0.760 0.035 0.057 40
41 0.736 0.542 0.037 0.060 41
42 0.951 0.692 0.041 0.065 42
43 0.125 0.583 0.040 0.063 43
44 0.682 0.827 0.036 0.058 44
45 0.006 0.712 0.042 0.067 45
46 0.269 0.813 0.034 0.055 46
47 0.881 0.440 0.036 0.058 47
48 0.674 0.787 0.036 0.058 48
49 0.670 0.548 0.036 0.058 49
50 0.360 0.330 0.042 0.067 50
51 0.232 0.795 0.048 0.077 51
52 0.930 0.175 0.034 0.055 52
53 0.443 0.997 0.030 0.048 53
54 0.186 0.045 0.036 0.058 54
55 0.590 0.315 0.042 0.067 55
56 0.584 0.265 0.040 0.063 56
57 0.789 1.000 0.037 0.060 57
59 0.545 0.230 0.034 0.055 59
60 0.801 0.608 0.037 0.060 60
