1 0.544 0.855 0.044 0.070 1
2 0.834 0.960 0.048 0.077 2
3 0.852 0.590 0.048 0.077 3
4 0.103 0.603 0.042 0.067 4
5 0.326 0.477 0.040 0.063 5
6 0.027 0.452 0.041 0.065 6
7 0.550 0.353 0.033 0.053 7
8 0.823 0.408 0.043 0.068 8
9 0.060 0.720 0.036 0.058 9
10 0.653 0.907 0.040 0.063 10
12 0.833 0.753 0.040 0.063 12
13 0.594 0.053 0.041 0.065 13
14 0.760 0.388 0.035 0.057 14
15 0.128 0.910 0.048 0.077 15
16 0.354 0.090 0.044 0.070 16
17 0.756 0.420 0.036 0.058 17
18 0.371 0.708 0.043 0.068 18
19 0.683 0.220 0.037 0.060 19
20 0.628 0.413 0.044 0.070 20
21 0.171 0.278 0.042 0.067 21
22 0.554 0.557 0.041 0.065 22
23 0.662 0.582 0.037 0.060 23
24 0.546 0.767 0.041 0.065 24
25 0.005 0.553 0.048 0.077 25
27 0.774 0.152 0.033 0.053 27
28 0.861 0.955 0.037 0.060 28
29 0.975 0.968 0.036 0.058 29
30 0.294 0.872 0.042 0.067 30
31 0.423 0.455 0.044 0.070 31
32 0.467 0.417 0.048 0.077 32
33 0.801 0.570 0.042 0.067 33
34 0.314 0.273 0.036 0.058 34
36 0.589 0.760 0.037 0.060 36
37 0.647 0.580 0.036 0.058 37
38 0.729 0.030 0.043 0.068 38
39 0.483 0.120 0.041 0.065 39
40 0.789 0.750 0.032 0.052 40
41 0.748 0.547 0.037 0.060 41
42 0.951 0.705 0.036 0.058 42
43 0.126 0.593 0.036 0.058 43
44 0.675 0.835 0.035 0.057 44
45 0.014 0.712 0.048 0.077 45
46 0.277 0.828 0.037 0.060 46
47 0.879 0.442 0.032 0.052 47
48 0.673 0.785 0.034 0.055 48
49 0.665 0.552 0.035 0.057 49
50 0.365 0.315 0.042 0.067 50
51 0.235 0.788 0.035 0.057 51
52 0.926 0.178 0.034 0.055 52
53 0.457 0.995 0.040 0.063 53
54 0.182 0.053 0.035 0.057 54
55 0.592 0.302 0.041 0.065 55
56 0.586 0.265 0.036 0.058 56
57 0.789 1.000 0.037 0.060 57
59 0.550 0.218 0.032 0.052 59
60 0.811 0.608 0.042 0.067 60
