1 0.552 0.873 0.040 0.063 1
2 0.833 0.958 0.047 0.075 2
3 0.855 0.597 0.048 0.077 3
4 0.093 0.620 0.042 0.067 4
5 0.320 0.487 0.040 0.063 5
6 0.028 0.440 0.041 0.065 6
7 0.553 0.337 0.043 0.068 7
8 0.825 0.408 0.043 0.068 8
9 0.055 0.738 0.041 0.065 9
10 0.655 0.922 0.040 0.063 10
12 0.827 0.740 0.037 0.060 12
13 0.589 0.063 0.041 0.065 13
14 0.772 0.392 0.036 0.058 14
15 0.133 0.920 0.042 0.067 15
16 0.359 0.097 0.048 0.077 16
17 0.766 0.445 0.037 0.060 17
18 0.373 0.700 0.041 0.065 18
19 0.683 0.215 0.036 0.058 19
20 0.631 0.417 0.044 0.070 20
21 0.168 0.280 0.040 0.063 21
22 0.553 0.583 0.044 0.070 22
23 0.667 0.580 0.042 0.067 23
24 0.552 0.783 0.040 0.063 24
25 0.011 0.563 0.042 0.067 25
27 0.764 0.155 0.037 0.060 27
28 0.857 0.962 0.042 0.067 28
29 0.978 0.975 0.036 0.058 29
30 0.290 0.865 0.042 0.067 30
31 0.414 0.448 0.042 0.067 31
32 0.471 0.407 0.042 0.067 32
33 0.811 0.573 0.035 0.057 33
34 0.317 0.263 0.041 0.065 34
36 0.605 0.762 0.041 0.065 36
37 0.647 0.578 0.037 0.060 37
38 0.721 0.042 0.042 0.067 38
39 0.475 0.132 0.040 0.063 39
40 0.782 0.762 0.033 0.053 40
41 0.734 0.537 0.041 0.065 41
42 0.951 0.688 0.036 0.058 42
43 0.124 0.578 0.041 0.065 43
44 0.683 0.827 0.037 0.060 44
45 0.007 0.712 0.037 0.060 45
46 0.266 0.805 0.036 0.058 46
47 0.882 0.438 0.036 0.058 47
48 0.675 0.793 0.041 0.065 48
49 0.671 0.543 0.036 0.058 49
50 0.357 0.337 0.044 0.070 50
51 0.230 0.797 0.046 0.073 51
52 0.930 0.173 0.032 0.052 52
53 0.449 0.998 0.030 0.048 53
54 0.188 0.042 0.036 0.058 54
55 0.588 0.318 0.042 0.067 55
56 0.586 0.262 0.040 0.063 56
57 0.792 1.000 0.044 0.070 57
59 0.543 0.230 0.037 0.060 59
60 0.797 0.608 0.037 0.060 60
