2 0.281 0.473 0.042 0.067 2
3 0.203 0.488 0.048 0.077 3
5 0.207 0.608 0.048 0.077 5
6 0.229 0.648 0.048 0.077 6
8 0.226 0.737 0.043 0.068 8
11 0.324 0.838 0.048 0.077 11
12 0.369 0.818 0.042 0.067 12
13 0.094 0.335 0.048 0.077 13
14 0.645 0.755 0.037 0.060 14
15 0.400 0.240 0.044 0.070 15
17 0.032 0.762 0.041 0.065 17
18 0.578 0.250 0.048 0.077 18
21 0.225 0.153 0.048 0.077 21
22 0.188 0.497 0.037 0.060 22
25 0.172 0.758 0.034 0.055 25
26 0.797 0.362 0.045 0.072 26
29 0.108 0.363 0.044 0.070 29
30 0.884 0.737 0.042 0.067 30
31 0.391 0.482 0.046 0.073 31
32 0.374 0.782 0.041 0.065 32
34 0.865 0.995 0.048 0.077 34
