2 0.277 0.468 0.043 0.068 2
3 0.208 0.490 0.042 0.067 3
5 0.209 0.610 0.044 0.070 5
6 0.224 0.657 0.048 0.077 6
8 0.226 0.738 0.048 0.077 8
11 0.327 0.843 0.044 0.070 11
12 0.376 0.815 0.043 0.068 12
13 0.093 0.335 0.042 0.067 13
14 0.647 0.755 0.048 0.077 14
15 0.401 0.253 0.043 0.068 15
17 0.033 0.742 0.042 0.067 17
18 0.575 0.253 0.048 0.077 18
21 0.224 0.168 0.042 0.067 21
22 0.183 0.497 0.042 0.067 22
25 0.172 0.758 0.035 0.057 25
26 0.801 0.365 0.042 0.067 26
29 0.097 0.358 0.037 0.060 29
30 0.884 0.732 0.043 0.068 30
31 0.400 0.495 0.048 0.077 31
32 0.377 0.780 0.035 0.057 32
34 0.868 0.997 0.042 0.067 34
