2 0.278 0.462 0.048 0.077 2
3 0.208 0.495 0.037 0.060 3
5 0.208 0.607 0.047 0.075 5
6 0.220 0.670 0.042 0.067 6
8 0.223 0.740 0.044 0.070 8
11 0.326 0.855 0.044 0.070 11
12 0.381 0.817 0.043 0.068 12
13 0.091 0.330 0.042 0.067 13
14 0.654 0.755 0.042 0.067 14
15 0.398 0.260 0.048 0.077 15
17 0.037 0.752 0.037 0.060 17
18 0.576 0.267 0.048 0.077 18
21 0.227 0.170 0.043 0.068 21
22 0.186 0.497 0.040 0.063 22
25 0.173 0.757 0.032 0.052 25
26 0.802 0.368 0.035 0.057 26
29 0.097 0.358 0.044 0.070 29
30 0.885 0.728 0.043 0.068 30
31 0.394 0.495 0.042 0.067 31
32 0.377 0.782 0.034 0.055 32
34 0.871 1.000 0.044 0.070 34
