2 0.277 0.470 0.045 0.072 2
3 0.207 0.487 0.040 0.063 3
5 0.211 0.607 0.041 0.065 5
6 0.226 0.658 0.040 0.063 6
8 0.222 0.737 0.048 0.077 8
11 0.328 0.843 0.046 0.073 11
12 0.374 0.815 0.041 0.065 12
13 0.096 0.340 0.048 0.077 13
14 0.649 0.753 0.042 0.067 14
15 0.400 0.255 0.048 0.077 15
17 0.032 0.738 0.047 0.075 17
18 0.575 0.252 0.041 0.065 18
21 0.225 0.165 0.044 0.070 21
22 0.185 0.500 0.044 0.070 22
25 0.174 0.762 0.037 0.060 25
26 0.797 0.363 0.048 0.077 26
29 0.102 0.367 0.048 0.077 29
30 0.884 0.733 0.042 0.067 30
31 0.392 0.488 0.035 0.057 31
32 0.380 0.780 0.035 0.057 32
34 0.870 0.990 0.048 0.077 34
