2 0.277 0.468 0.042 0.067 2
3 0.210 0.500 0.048 0.077 3
5 0.210 0.608 0.041 0.065 5
6 0.227 0.673 0.048 0.077 6
8 0.223 0.738 0.045 0.072 8
11 0.330 0.843 0.044 0.070 11
12 0.382 0.812 0.048 0.077 12
13 0.093 0.338 0.048 0.077 13
14 0.652 0.760 0.048 0.077 14
15 0.399 0.255 0.045 0.072 15
17 0.034 0.755 0.042 0.067 17
18 0.575 0.248 0.048 0.077 18
21 0.225 0.167 0.046 0.073 21
22 0.185 0.498 0.043 0.068 22
25 0.171 0.757 0.037 0.060 25
26 0.799 0.358 0.046 0.073 26
29 0.101 0.358 0.042 0.067 29
30 0.886 0.733 0.044 0.070 30
31 0.395 0.493 0.035 0.057 31
32 0.377 0.778 0.035 0.057 32
34 0.867 1.000 0.041 0.065 34
