2 0.285 0.473 0.041 0.065 2
3 0.206 0.473 0.048 0.077 3
5 0.210 0.607 0.042 0.067 5
6 0.217 0.645 0.042 0.067 6
8 0.227 0.738 0.042 0.067 8
11 0.316 0.847 0.044 0.070 11
12 0.364 0.828 0.045 0.072 12
13 0.100 0.340 0.044 0.070 13
14 0.643 0.768 0.037 0.060 14
15 0.395 0.232 0.041 0.065 15
17 0.030 0.767 0.042 0.067 17
18 0.571 0.237 0.036 0.058 18
21 0.223 0.152 0.048 0.077 21
22 0.184 0.500 0.043 0.068 22
25 0.173 0.760 0.037 0.060 25
26 0.796 0.363 0.045 0.072 26
29 0.114 0.370 0.048 0.077 29
30 0.885 0.742 0.043 0.068 30
31 0.379 0.497 0.042 0.067 31
32 0.377 0.778 0.035 0.057 32
34 0.873 1.000 0.033 0.053 34
