2 0.278 0.470 0.043 0.068 2
3 0.206 0.485 0.041 0.065 3
5 0.208 0.607 0.048 0.077 5
6 0.224 0.655 0.041 0.065 6
8 0.224 0.737 0.045 0.072 8
11 0.325 0.842 0.043 0.068 11
12 0.375 0.812 0.048 0.077 12
13 0.096 0.332 0.041 0.065 13
14 0.648 0.752 0.040 0.063 14
15 0.401 0.248 0.043 0.068 15
17 0.032 0.757 0.043 0.068 17
18 0.575 0.252 0.040 0.063 18
21 0.224 0.165 0.042 0.067 21
22 0.185 0.502 0.048 0.077 22
25 0.174 0.760 0.035 0.057 25
26 0.798 0.358 0.048 0.077 26
29 0.100 0.363 0.033 0.053 29
30 0.884 0.733 0.041 0.065 30
31 0.397 0.487 0.048 0.077 31
32 0.383 0.777 0.048 0.077 32
34 0.869 0.990 0.042 0.067 34
