1 0.931 0.815 0.047 0.075 1
2 0.546 0.288 0.048 0.077 2
4 0.772 0.145 0.048 0.077 4
6 0.599 0.323 0.048 0.077 6
9 0.164 0.960 0.048 0.077 9
10 0.106 0.422 0.036 0.058 10
11 0.954 0.402 0.047 0.075 11
12 0.047 0.538 0.044 0.070 12
13 0.160 0.322 0.048 0.077 13
14 0.826 0.545 0.048 0.077 14
15 0.699 0.408 0.046 0.073 15
16 0.085 0.023 0.046 0.073 16
17 0.548 0.873 0.044 0.070 17
19 0.310 0.690 0.036 0.058 19
22 0.052 0.013 0.048 0.077 22
24 0.004 0.855 0.046 0.073 24
27 0.594 0.608 0.048 0.077 27
