1 0.938 0.810 0.036 0.058 1
2 0.553 0.278 0.047 0.075 2
4 0.773 0.140 0.044 0.070 4
6 0.602 0.327 0.048 0.077 6
9 0.165 0.953 0.048 0.077 9
10 0.100 0.417 0.048 0.077 10
11 0.955 0.403 0.048 0.077 11
12 0.046 0.540 0.042 0.067 12
13 0.163 0.327 0.045 0.072 13
14 0.824 0.547 0.047 0.075 14
15 0.698 0.410 0.048 0.077 15
16 0.085 0.020 0.048 0.077 16
17 0.546 0.875 0.048 0.077 17
19 0.314 0.685 0.048 0.077 19
22 0.057 0.015 0.035 0.057 22
24 0.008 0.878 0.032 0.052 24
27 0.595 0.605 0.048 0.077 27
