1 0.934 0.810 0.048 0.077 1
2 0.562 0.273 0.042 0.067 2
4 0.765 0.143 0.048 0.077 4
6 0.593 0.330 0.048 0.077 6
9 0.164 0.963 0.044 0.070 9
10 0.119 0.422 0.042 0.067 10
11 0.955 0.427 0.044 0.070 11
12 0.024 0.558 0.048 0.077 12
13 0.165 0.332 0.044 0.070 13
14 0.835 0.522 0.048 0.077 14
15 0.691 0.412 0.044 0.070 15
16 0.097 0.023 0.042 0.067 16
17 0.554 0.873 0.047 0.075 17
19 0.321 0.713 0.046 0.073 19
22 0.050 0.007 0.042 0.067 22
24 0.006 0.852 0.046 0.073 24
27 0.592 0.635 0.047 0.075 27
