1 0.934 0.817 0.048 0.077 1
2 0.553 0.288 0.048 0.077 2
4 0.767 0.150 0.048 0.077 4
6 0.595 0.323 0.048 0.077 6
9 0.164 0.960 0.048 0.077 9
10 0.111 0.430 0.048 0.077 10
11 0.954 0.417 0.045 0.072 11
12 0.033 0.537 0.048 0.077 12
13 0.164 0.328 0.048 0.077 13
14 0.833 0.535 0.048 0.077 14
15 0.693 0.407 0.044 0.070 15
16 0.087 0.037 0.048 0.077 16
17 0.550 0.872 0.044 0.070 17
19 0.315 0.702 0.046 0.073 19
22 0.054 0.000 0.048 0.077 22
24 0.000 0.862 0.048 0.077 24
27 0.592 0.623 0.047 0.075 27
