1 0.935 0.818 0.048 0.077 1
2 0.552 0.275 0.048 0.077 2
4 0.766 0.143 0.048 0.077 4
6 0.596 0.328 0.046 0.073 6
9 0.167 0.958 0.048 0.077 9
10 0.117 0.432 0.048 0.077 10
11 0.953 0.418 0.048 0.077 11
12 0.029 0.538 0.048 0.077 12
13 0.170 0.330 0.048 0.077 13
14 0.835 0.530 0.048 0.077 14
15 0.693 0.412 0.046 0.073 15
16 0.094 0.030 0.041 0.065 16
17 0.550 0.872 0.046 0.073 17
19 0.318 0.707 0.048 0.077 19
22 0.053 0.000 0.047 0.075 22
24 0.000 0.860 0.046 0.073 24
27 0.590 0.632 0.044 0.070 27
