1 0.936 0.820 0.048 0.077 1
2 0.558 0.272 0.046 0.073 2
4 0.767 0.145 0.048 0.077 4
6 0.594 0.330 0.048 0.077 6
9 0.164 0.965 0.048 0.077 9
10 0.117 0.427 0.043 0.068 10
11 0.956 0.425 0.048 0.077 11
12 0.030 0.533 0.041 0.065 12
13 0.166 0.333 0.048 0.077 13
14 0.834 0.525 0.044 0.070 14
15 0.693 0.413 0.048 0.077 15
16 0.094 0.030 0.042 0.067 16
17 0.551 0.868 0.048 0.077 17
19 0.317 0.708 0.045 0.072 19
22 0.064 0.012 0.044 0.070 22
24 0.004 0.838 0.042 0.067 24
27 0.590 0.632 0.046 0.073 27
