1 0.935 0.808 0.048 0.077 1
2 0.559 0.270 0.048 0.077 2
4 0.765 0.150 0.048 0.077 4
6 0.594 0.330 0.048 0.077 6
9 0.165 0.963 0.047 0.075 9
10 0.120 0.427 0.047 0.075 10
11 0.957 0.422 0.037 0.060 11
12 0.030 0.535 0.037 0.060 12
13 0.167 0.333 0.048 0.077 13
14 0.834 0.530 0.043 0.068 14
15 0.693 0.413 0.046 0.073 15
16 0.098 0.022 0.048 0.077 16
17 0.547 0.870 0.048 0.077 17
19 0.320 0.710 0.047 0.075 19
22 0.046 0.000 0.032 0.052 22
24 0.008 0.840 0.044 0.070 24
27 0.591 0.635 0.047 0.075 27
