1 0.941 0.508 0.041 0.065 1
2 0.523 0.083 0.048 0.077 2
3 0.509 0.117 0.048 0.077 3
4 0.680 0.058 0.042 0.067 4
6 0.660 0.128 0.048 0.077 6
7 0.135 0.520 0.048 0.077 7
8 0.330 0.490 0.048 0.077 8
9 0.415 0.692 0.048 0.077 9
11 0.640 0.017 0.041 0.065 11
13 0.182 0.775 0.048 0.077 13
14 0.319 0.798 0.048 0.077 14
15 0.578 0.173 0.048 0.077 15
18 0.400 0.072 0.043 0.068 18
19 0.675 0.093 0.045 0.072 19
20 0.780 0.390 0.048 0.077 20
21 0.696 0.228 0.044 0.070 21
22 0.299 0.808 0.047 0.075 22
23 0.765 0.033 0.046 0.073 23
29 0.979 0.838 0.048 0.077 29
30 0.709 0.192 0.035 0.057 30
