1 0.939 0.510 0.042 0.067 1
2 0.522 0.082 0.046 0.073 2
3 0.507 0.115 0.048 0.077 3
4 0.678 0.053 0.046 0.073 4
6 0.660 0.135 0.042 0.067 6
7 0.136 0.525 0.048 0.077 7
8 0.331 0.492 0.046 0.073 8
9 0.415 0.692 0.046 0.073 9
11 0.640 0.017 0.032 0.052 11
13 0.184 0.780 0.048 0.077 13
14 0.318 0.793 0.047 0.075 14
15 0.580 0.178 0.048 0.077 15
18 0.400 0.073 0.044 0.070 18
19 0.688 0.083 0.048 0.077 19
20 0.772 0.393 0.048 0.077 20
21 0.696 0.225 0.048 0.077 21
22 0.298 0.805 0.048 0.077 22
23 0.772 0.038 0.048 0.077 23
29 0.979 0.842 0.040 0.063 29
30 0.711 0.192 0.036 0.058 30
