1 0.943 0.508 0.041 0.065 1
2 0.523 0.087 0.048 0.077 2
3 0.505 0.118 0.045 0.072 3
4 0.679 0.065 0.047 0.075 4
6 0.665 0.135 0.048 0.077 6
7 0.132 0.518 0.048 0.077 7
8 0.327 0.492 0.048 0.077 8
9 0.418 0.697 0.048 0.077 9
11 0.623 0.010 0.047 0.075 11
13 0.180 0.778 0.047 0.075 13
14 0.317 0.798 0.047 0.075 14
15 0.580 0.177 0.048 0.077 15
18 0.399 0.072 0.044 0.070 18
19 0.676 0.095 0.047 0.075 19
20 0.776 0.392 0.048 0.077 20
21 0.695 0.228 0.042 0.067 21
22 0.298 0.812 0.048 0.077 22
23 0.772 0.035 0.047 0.075 23
29 0.973 0.835 0.045 0.072 29
30 0.711 0.192 0.037 0.060 30
