1 0.928 0.513 0.042 0.067 1
2 0.523 0.082 0.048 0.077 2
3 0.510 0.112 0.048 0.077 3
4 0.668 0.053 0.048 0.077 4
6 0.659 0.135 0.040 0.063 6
7 0.144 0.523 0.046 0.073 7
8 0.340 0.483 0.048 0.077 8
9 0.409 0.680 0.048 0.077 9
11 0.622 0.022 0.042 0.067 11
13 0.189 0.772 0.048 0.077 13
14 0.320 0.785 0.048 0.077 14
15 0.574 0.170 0.048 0.077 15
18 0.398 0.077 0.046 0.073 18
19 0.693 0.090 0.043 0.068 19
20 0.771 0.403 0.048 0.077 20
21 0.696 0.232 0.048 0.077 21
22 0.293 0.805 0.042 0.067 22
23 0.759 0.038 0.048 0.077 23
29 0.986 0.833 0.042 0.067 29
30 0.709 0.190 0.048 0.077 30
