1 0.948 0.500 0.041 0.065 1
2 0.523 0.092 0.048 0.077 2
3 0.506 0.115 0.043 0.068 3
4 0.680 0.075 0.046 0.073 4
6 0.662 0.133 0.044 0.070 6
7 0.128 0.510 0.048 0.077 7
8 0.327 0.490 0.048 0.077 8
9 0.420 0.698 0.048 0.077 9
11 0.626 0.005 0.048 0.077 11
13 0.176 0.782 0.048 0.077 13
14 0.312 0.802 0.045 0.072 14
15 0.581 0.185 0.047 0.075 15
18 0.399 0.073 0.044 0.070 18
19 0.672 0.097 0.048 0.077 19
20 0.777 0.378 0.048 0.077 20
21 0.692 0.227 0.042 0.067 21
22 0.298 0.817 0.048 0.077 22
23 0.770 0.030 0.048 0.077 23
29 0.983 0.842 0.041 0.065 29
30 0.710 0.188 0.048 0.077 30
