1 0.941 0.510 0.042 0.067 1
2 0.523 0.092 0.048 0.077 2
3 0.508 0.120 0.048 0.077 3
4 0.678 0.057 0.045 0.072 4
6 0.664 0.137 0.042 0.067 6
7 0.134 0.525 0.048 0.077 7
8 0.328 0.490 0.048 0.077 8
9 0.417 0.693 0.048 0.077 9
11 0.626 0.010 0.046 0.073 11
13 0.181 0.778 0.047 0.075 13
14 0.318 0.797 0.048 0.077 14
15 0.576 0.178 0.048 0.077 15
18 0.400 0.072 0.043 0.068 18
19 0.677 0.097 0.048 0.077 19
20 0.774 0.393 0.046 0.073 20
21 0.697 0.227 0.048 0.077 21
22 0.297 0.810 0.048 0.077 22
23 0.774 0.047 0.043 0.068 23
29 0.975 0.838 0.044 0.070 29
30 0.709 0.193 0.036 0.058 30
