1 0.924 0.513 0.043 0.068 1
2 0.522 0.082 0.048 0.077 2
3 0.508 0.117 0.044 0.070 3
4 0.673 0.062 0.047 0.075 4
6 0.662 0.132 0.046 0.073 6
7 0.148 0.520 0.048 0.077 7
8 0.341 0.483 0.048 0.077 8
9 0.408 0.672 0.048 0.077 9
11 0.629 0.038 0.048 0.077 11
13 0.190 0.772 0.048 0.077 13
14 0.321 0.775 0.048 0.077 14
15 0.573 0.175 0.046 0.073 15
18 0.396 0.080 0.036 0.058 18
19 0.689 0.097 0.047 0.075 19
20 0.775 0.408 0.047 0.075 20
21 0.695 0.228 0.048 0.077 21
22 0.298 0.808 0.048 0.077 22
23 0.765 0.032 0.048 0.077 23
29 0.986 0.833 0.042 0.067 29
30 0.709 0.192 0.036 0.058 30
