1 0.934 0.513 0.042 0.067 1
2 0.523 0.083 0.048 0.077 2
3 0.509 0.117 0.042 0.067 3
4 0.676 0.062 0.044 0.070 4
6 0.657 0.140 0.048 0.077 6
7 0.139 0.525 0.048 0.077 7
8 0.334 0.492 0.048 0.077 8
9 0.414 0.690 0.048 0.077 9
11 0.642 0.028 0.036 0.058 11
13 0.183 0.773 0.048 0.077 13
14 0.320 0.792 0.048 0.077 14
15 0.578 0.170 0.048 0.077 15
18 0.400 0.072 0.044 0.070 18
19 0.691 0.082 0.042 0.067 19
20 0.778 0.397 0.048 0.077 20
21 0.695 0.230 0.044 0.070 21
22 0.297 0.800 0.048 0.077 22
23 0.773 0.042 0.048 0.077 23
29 0.985 0.837 0.048 0.077 29
30 0.710 0.190 0.034 0.055 30
