1 0.933 0.513 0.042 0.067 1
2 0.521 0.080 0.045 0.072 2
3 0.510 0.117 0.048 0.077 3
4 0.675 0.058 0.042 0.067 4
6 0.662 0.142 0.048 0.077 6
7 0.141 0.523 0.048 0.077 7
8 0.334 0.488 0.048 0.077 8
9 0.412 0.688 0.046 0.073 9
11 0.641 0.030 0.036 0.058 11
13 0.186 0.775 0.048 0.077 13
14 0.320 0.790 0.047 0.075 14
15 0.575 0.173 0.048 0.077 15
18 0.400 0.075 0.042 0.067 18
19 0.689 0.085 0.048 0.077 19
20 0.772 0.400 0.048 0.077 20
21 0.692 0.238 0.042 0.067 21
22 0.291 0.803 0.042 0.067 22
23 0.764 0.035 0.048 0.077 23
29 0.984 0.837 0.048 0.077 29
30 0.709 0.193 0.037 0.060 30
