1 0.293 1.000 0.048 0.077 1
2 0.777 0.743 0.048 0.077 2
3 0.320 0.453 0.048 0.077 3
4 0.296 0.485 0.048 0.077 4
5 0.741 0.043 0.048 0.077 5
7 0.887 1.000 0.044 0.070 7
8 0.672 0.290 0.044 0.070 8
9 0.491 0.830 0.033 0.053 9
11 0.417 0.597 0.035 0.057 11
13 0.518 0.767 0.047 0.075 13
14 0.370 0.155 0.048 0.077 14
15 0.827 0.805 0.041 0.065 15
16 0.319 0.912 0.042 0.067 16
17 0.752 0.748 0.044 0.070 17
18 0.607 0.190 0.041 0.065 18
20 0.637 0.738 0.044 0.070 20
21 0.386 0.875 0.048 0.077 21
22 0.417 0.900 0.048 0.077 22
23 0.551 0.165 0.040 0.063 23
24 0.675 0.870 0.035 0.057 24
25 0.371 0.313 0.048 0.077 25
28 0.397 0.813 0.036 0.058 28
29 0.904 0.393 0.048 0.077 29
30 0.494 0.623 0.040 0.063 30
31 0.683 0.970 0.042 0.067 31
33 0.747 0.852 0.041 0.065 33
34 0.568 0.237 0.048 0.077 34
36 0.704 0.813 0.043 0.068 36
37 0.062 0.920 0.048 0.077 37
38 0.878 0.962 0.035 0.057 38
39 0.724 0.292 0.048 0.077 39
40 0.886 0.248 0.048 0.077 40
41 0.241 0.702 0.035 0.057 41
42 0.921 0.973 0.035 0.057 42
43 0.951 0.982 0.046 0.073 43
44 0.885 0.378 0.043 0.068 44
