1 0.297 1.000 0.048 0.077 1
2 0.776 0.743 0.046 0.073 2
3 0.319 0.460 0.048 0.077 3
4 0.293 0.495 0.048 0.077 4
5 0.738 0.047 0.042 0.067 5
7 0.887 1.000 0.048 0.077 7
8 0.666 0.293 0.048 0.077 8
9 0.483 0.827 0.048 0.077 9
11 0.415 0.593 0.041 0.065 11
13 0.519 0.767 0.046 0.073 13
14 0.370 0.153 0.048 0.077 14
15 0.826 0.810 0.042 0.067 15
16 0.315 0.907 0.048 0.077 16
17 0.755 0.750 0.044 0.070 17
18 0.608 0.190 0.042 0.067 18
20 0.644 0.730 0.048 0.077 20
21 0.377 0.880 0.035 0.057 21
22 0.418 0.905 0.048 0.077 22
23 0.552 0.168 0.042 0.067 23
24 0.674 0.862 0.048 0.077 24
25 0.372 0.317 0.042 0.067 25
28 0.403 0.812 0.037 0.060 28
29 0.906 0.388 0.036 0.058 29
30 0.493 0.625 0.044 0.070 30
31 0.685 0.970 0.042 0.067 31
33 0.745 0.855 0.040 0.063 33
34 0.573 0.247 0.048 0.077 34
36 0.705 0.817 0.048 0.077 36
37 0.069 0.928 0.037 0.060 37
38 0.877 0.968 0.048 0.077 38
39 0.720 0.297 0.042 0.067 39
40 0.894 0.250 0.036 0.058 40
41 0.236 0.695 0.048 0.077 41
42 0.915 0.965 0.044 0.070 42
43 0.956 0.992 0.048 0.077 43
44 0.887 0.375 0.042 0.067 44
