1 0.291 0.987 0.037 0.060 1
2 0.775 0.743 0.046 0.073 2
3 0.322 0.457 0.044 0.070 3
4 0.294 0.483 0.048 0.077 4
5 0.739 0.035 0.042 0.067 5
7 0.886 0.998 0.046 0.073 7
8 0.674 0.287 0.048 0.077 8
9 0.492 0.825 0.035 0.057 9
11 0.416 0.593 0.042 0.067 11
13 0.524 0.760 0.048 0.077 13
14 0.370 0.157 0.047 0.075 14
15 0.823 0.815 0.041 0.065 15
16 0.325 0.907 0.042 0.067 16
17 0.759 0.750 0.048 0.077 17
18 0.607 0.192 0.041 0.065 18
20 0.641 0.742 0.043 0.068 20
21 0.383 0.877 0.048 0.077 21
22 0.411 0.913 0.048 0.077 22
23 0.553 0.173 0.044 0.070 23
24 0.676 0.870 0.035 0.057 24
25 0.373 0.317 0.043 0.068 25
28 0.406 0.808 0.036 0.058 28
29 0.903 0.390 0.048 0.077 29
30 0.493 0.620 0.048 0.077 30
31 0.684 0.973 0.048 0.077 31
33 0.746 0.867 0.048 0.077 33
34 0.571 0.238 0.048 0.077 34
36 0.700 0.807 0.048 0.077 36
37 0.068 0.935 0.042 0.067 37
38 0.878 0.963 0.036 0.058 38
39 0.720 0.297 0.042 0.067 39
40 0.893 0.253 0.036 0.058 40
41 0.234 0.700 0.048 0.077 41
42 0.915 0.962 0.048 0.077 42
43 0.957 0.987 0.042 0.067 43
44 0.886 0.375 0.045 0.072 44
