1 0.300 1.000 0.043 0.068 1
2 0.778 0.742 0.047 0.075 2
3 0.318 0.455 0.040 0.063 3
4 0.296 0.485 0.048 0.077 4
5 0.738 0.052 0.044 0.070 5
7 0.889 0.998 0.048 0.077 7
8 0.667 0.292 0.048 0.077 8
9 0.493 0.837 0.048 0.077 9
11 0.414 0.600 0.048 0.077 11
13 0.516 0.755 0.048 0.077 13
14 0.370 0.155 0.048 0.077 14
15 0.835 0.810 0.048 0.077 15
16 0.322 0.918 0.035 0.057 16
17 0.750 0.745 0.041 0.065 17
18 0.607 0.188 0.037 0.060 18
20 0.635 0.735 0.044 0.070 20
21 0.384 0.873 0.046 0.073 21
22 0.414 0.897 0.048 0.077 22
23 0.549 0.162 0.044 0.070 23
24 0.674 0.870 0.037 0.060 24
25 0.372 0.317 0.042 0.067 25
28 0.393 0.817 0.037 0.060 28
29 0.904 0.402 0.041 0.065 29
30 0.495 0.627 0.037 0.060 30
31 0.680 0.977 0.047 0.075 31
33 0.749 0.848 0.040 0.063 33
34 0.569 0.243 0.042 0.067 34
36 0.698 0.808 0.048 0.077 36
37 0.070 0.922 0.044 0.070 37
38 0.878 0.965 0.037 0.060 38
39 0.722 0.298 0.044 0.070 39
40 0.894 0.242 0.036 0.058 40
41 0.240 0.693 0.048 0.077 41
42 0.920 0.968 0.048 0.077 42
43 0.948 0.988 0.042 0.067 43
44 0.889 0.382 0.033 0.053 44
