1 0.306 0.998 0.036 0.058 1
2 0.778 0.743 0.048 0.077 2
3 0.314 0.460 0.048 0.077 3
4 0.294 0.487 0.042 0.067 4
5 0.736 0.053 0.044 0.070 5
7 0.886 0.998 0.048 0.077 7
8 0.675 0.290 0.048 0.077 8
9 0.481 0.842 0.044 0.070 9
11 0.416 0.610 0.048 0.077 11
13 0.515 0.767 0.048 0.077 13
14 0.370 0.153 0.048 0.077 14
15 0.831 0.798 0.048 0.077 15
16 0.321 0.922 0.036 0.058 16
17 0.749 0.750 0.041 0.065 17
18 0.610 0.183 0.048 0.077 18
20 0.635 0.730 0.043 0.068 20
21 0.384 0.873 0.048 0.077 21
22 0.415 0.900 0.048 0.077 22
23 0.548 0.160 0.046 0.073 23
24 0.674 0.860 0.048 0.077 24
25 0.373 0.318 0.042 0.067 25
28 0.390 0.820 0.042 0.067 28
29 0.904 0.405 0.041 0.065 29
30 0.492 0.632 0.047 0.075 30
31 0.682 0.972 0.042 0.067 31
33 0.752 0.855 0.048 0.077 33
34 0.568 0.243 0.040 0.063 34
36 0.700 0.812 0.043 0.068 36
37 0.070 0.912 0.048 0.077 37
38 0.875 0.960 0.046 0.073 38
39 0.720 0.300 0.046 0.073 39
40 0.894 0.238 0.035 0.057 40
41 0.236 0.695 0.048 0.077 41
42 0.915 0.965 0.044 0.070 42
43 0.948 0.995 0.037 0.060 43
44 0.886 0.377 0.037 0.060 44
