1 0.308 1.000 0.040 0.063 1
2 0.779 0.743 0.048 0.077 2
3 0.315 0.450 0.048 0.077 3
4 0.293 0.487 0.044 0.070 4
5 0.733 0.055 0.037 0.060 5
7 0.878 0.998 0.048 0.077 7
8 0.670 0.295 0.048 0.077 8
9 0.482 0.842 0.046 0.073 9
11 0.417 0.602 0.036 0.058 11
13 0.516 0.767 0.048 0.077 13
14 0.362 0.158 0.048 0.077 14
15 0.836 0.798 0.048 0.077 15
16 0.320 0.927 0.036 0.058 16
17 0.750 0.750 0.045 0.072 17
18 0.610 0.182 0.048 0.077 18
20 0.634 0.730 0.047 0.075 20
21 0.380 0.873 0.048 0.077 21
22 0.414 0.902 0.048 0.077 22
23 0.550 0.160 0.048 0.077 23
24 0.672 0.867 0.046 0.073 24
25 0.371 0.327 0.048 0.077 25
28 0.383 0.813 0.048 0.077 28
29 0.904 0.405 0.042 0.067 29
30 0.495 0.633 0.041 0.065 30
31 0.680 0.978 0.048 0.077 31
33 0.753 0.853 0.048 0.077 33
34 0.568 0.245 0.041 0.065 34
36 0.692 0.820 0.048 0.077 36
37 0.068 0.905 0.048 0.077 37
38 0.876 0.962 0.036 0.058 38
39 0.720 0.285 0.048 0.077 39
40 0.895 0.237 0.037 0.060 40
41 0.241 0.703 0.048 0.077 41
42 0.911 0.972 0.048 0.077 42
43 0.944 1.000 0.030 0.048 43
44 0.883 0.380 0.048 0.077 44
