1 0.290 0.985 0.037 0.060 1
2 0.774 0.745 0.048 0.077 2
3 0.323 0.458 0.048 0.077 3
4 0.294 0.490 0.042 0.067 4
5 0.741 0.045 0.043 0.068 5
7 0.887 1.000 0.047 0.075 7
8 0.668 0.293 0.048 0.077 8
9 0.492 0.823 0.048 0.077 9
11 0.418 0.595 0.042 0.067 11
13 0.525 0.762 0.048 0.077 13
14 0.369 0.157 0.048 0.077 14
15 0.822 0.810 0.048 0.077 15
16 0.318 0.905 0.040 0.063 16
17 0.755 0.752 0.042 0.067 17
18 0.609 0.190 0.048 0.077 18
20 0.644 0.730 0.048 0.077 20
21 0.386 0.883 0.037 0.060 21
22 0.416 0.907 0.048 0.077 22
23 0.554 0.173 0.045 0.072 23
24 0.675 0.862 0.047 0.075 24
25 0.372 0.317 0.040 0.063 25
28 0.411 0.807 0.048 0.077 28
29 0.904 0.395 0.042 0.067 29
30 0.490 0.620 0.040 0.063 30
31 0.684 0.973 0.048 0.077 31
33 0.743 0.862 0.040 0.063 33
34 0.574 0.240 0.044 0.070 34
36 0.699 0.810 0.046 0.073 36
37 0.072 0.930 0.048 0.077 37
38 0.877 0.957 0.047 0.075 38
39 0.721 0.293 0.045 0.072 39
40 0.892 0.253 0.035 0.057 40
41 0.239 0.705 0.044 0.070 41
42 0.915 0.972 0.041 0.065 42
43 0.957 0.982 0.041 0.065 43
44 0.889 0.377 0.042 0.067 44
