1 0.290 0.985 0.037 0.060 1
2 0.774 0.747 0.048 0.077 2
3 0.322 0.460 0.047 0.075 3
4 0.291 0.488 0.048 0.077 4
5 0.741 0.052 0.048 0.077 5
7 0.887 1.000 0.047 0.075 7
8 0.673 0.293 0.048 0.077 8
9 0.492 0.823 0.035 0.057 9
11 0.417 0.588 0.048 0.077 11
13 0.518 0.768 0.048 0.077 13
14 0.370 0.155 0.046 0.073 14
15 0.824 0.815 0.044 0.070 15
16 0.312 0.905 0.048 0.077 16
17 0.756 0.750 0.048 0.077 17
18 0.608 0.192 0.042 0.067 18
20 0.641 0.743 0.041 0.065 20
21 0.384 0.878 0.045 0.072 21
22 0.418 0.907 0.048 0.077 22
23 0.550 0.180 0.048 0.077 23
24 0.673 0.863 0.048 0.077 24
25 0.373 0.320 0.046 0.073 25
28 0.410 0.812 0.044 0.070 28
29 0.903 0.395 0.044 0.070 29
30 0.490 0.623 0.036 0.058 30
31 0.682 0.975 0.048 0.077 31
33 0.740 0.855 0.048 0.077 33
34 0.576 0.242 0.048 0.077 34
36 0.704 0.815 0.044 0.070 36
37 0.073 0.933 0.048 0.077 37
38 0.878 0.960 0.044 0.070 38
39 0.720 0.300 0.040 0.063 39
40 0.893 0.253 0.036 0.058 40
41 0.244 0.697 0.048 0.077 41
42 0.916 0.962 0.047 0.075 42
43 0.959 0.983 0.040 0.063 43
44 0.887 0.378 0.041 0.065 44
