1 0.305 0.998 0.040 0.063 1
2 0.778 0.742 0.047 0.075 2
3 0.323 0.453 0.048 0.077 3
4 0.289 0.483 0.048 0.077 4
5 0.734 0.052 0.041 0.065 5
7 0.889 0.987 0.035 0.057 7
8 0.675 0.290 0.037 0.060 8
9 0.486 0.843 0.048 0.077 9
11 0.415 0.602 0.048 0.077 11
13 0.517 0.765 0.048 0.077 13
14 0.369 0.153 0.046 0.073 14
15 0.832 0.800 0.044 0.070 15
16 0.321 0.923 0.036 0.058 16
17 0.749 0.752 0.042 0.067 17
18 0.610 0.188 0.043 0.068 18
20 0.639 0.735 0.037 0.060 20
21 0.382 0.873 0.046 0.073 21
22 0.414 0.902 0.048 0.077 22
23 0.551 0.162 0.048 0.077 23
24 0.676 0.868 0.034 0.055 24
25 0.369 0.320 0.035 0.057 25
28 0.389 0.817 0.040 0.063 28
29 0.905 0.403 0.042 0.067 29
30 0.491 0.635 0.048 0.077 30
31 0.682 0.975 0.040 0.063 31
33 0.752 0.847 0.041 0.065 33
34 0.570 0.247 0.042 0.067 34
36 0.696 0.810 0.048 0.077 36
37 0.068 0.915 0.042 0.067 37
38 0.879 0.957 0.048 0.077 38
39 0.720 0.302 0.042 0.067 39
40 0.894 0.238 0.036 0.058 40
41 0.242 0.698 0.048 0.077 41
42 0.917 0.967 0.048 0.077 42
43 0.948 1.000 0.032 0.052 43
44 0.890 0.377 0.033 0.053 44
