1 0.298 0.998 0.042 0.067 1
2 0.777 0.743 0.048 0.077 2
3 0.322 0.457 0.046 0.073 3
4 0.294 0.488 0.044 0.070 4
5 0.736 0.042 0.048 0.077 5
7 0.887 0.998 0.048 0.077 7
8 0.671 0.290 0.045 0.072 8
9 0.483 0.835 0.044 0.070 9
11 0.416 0.593 0.042 0.067 11
13 0.519 0.765 0.044 0.070 13
14 0.369 0.155 0.047 0.075 14
15 0.829 0.810 0.048 0.077 15
16 0.315 0.910 0.048 0.077 16
17 0.753 0.747 0.044 0.070 17
18 0.610 0.190 0.048 0.077 18
20 0.637 0.738 0.044 0.070 20
21 0.386 0.877 0.046 0.073 21
22 0.416 0.903 0.048 0.077 22
23 0.551 0.163 0.042 0.067 23
24 0.674 0.868 0.035 0.057 24
25 0.372 0.325 0.048 0.077 25
28 0.396 0.820 0.048 0.077 28
29 0.903 0.402 0.044 0.070 29
30 0.494 0.625 0.040 0.063 30
31 0.680 0.977 0.048 0.077 31
33 0.749 0.853 0.042 0.067 33
34 0.571 0.240 0.043 0.068 34
36 0.704 0.812 0.046 0.073 36
37 0.068 0.930 0.048 0.077 37
38 0.877 0.967 0.042 0.067 38
39 0.722 0.297 0.045 0.072 39
40 0.893 0.247 0.034 0.055 40
41 0.241 0.698 0.048 0.077 41
42 0.914 0.970 0.046 0.073 42
43 0.950 0.985 0.042 0.067 43
44 0.885 0.377 0.037 0.060 44
