1 0.296 0.987 0.044 0.070 1
2 0.775 0.743 0.047 0.075 2
3 0.324 0.460 0.047 0.075 3
4 0.293 0.493 0.046 0.073 4
5 0.744 0.047 0.048 0.077 5
7 0.886 0.997 0.044 0.070 7
8 0.671 0.292 0.043 0.068 8
9 0.490 0.827 0.036 0.058 9
11 0.414 0.592 0.041 0.065 11
13 0.518 0.770 0.048 0.077 13
14 0.369 0.158 0.048 0.077 14
15 0.821 0.818 0.048 0.077 15
16 0.315 0.905 0.048 0.077 16
17 0.754 0.750 0.043 0.068 17
18 0.609 0.188 0.048 0.077 18
20 0.644 0.735 0.044 0.070 20
21 0.385 0.875 0.048 0.077 21
22 0.418 0.907 0.048 0.077 22
23 0.552 0.173 0.044 0.070 23
24 0.673 0.863 0.046 0.073 24
25 0.374 0.315 0.048 0.077 25
28 0.404 0.808 0.035 0.057 28
29 0.904 0.395 0.042 0.067 29
30 0.490 0.632 0.048 0.077 30
31 0.684 0.968 0.042 0.067 31
33 0.743 0.857 0.036 0.058 33
34 0.567 0.243 0.048 0.077 34
36 0.705 0.818 0.048 0.077 36
37 0.065 0.932 0.048 0.077 37
38 0.877 0.973 0.048 0.077 38
39 0.718 0.307 0.048 0.077 39
40 0.893 0.252 0.036 0.058 40
41 0.246 0.700 0.048 0.077 41
42 0.917 0.967 0.048 0.077 42
43 0.956 0.983 0.042 0.067 43
44 0.887 0.375 0.042 0.067 44
