1 0.306 1.000 0.036 0.058 1
2 0.778 0.743 0.048 0.077 2
3 0.323 0.453 0.048 0.077 3
4 0.294 0.487 0.043 0.068 4
5 0.734 0.052 0.041 0.065 5
7 0.885 1.000 0.048 0.077 7
8 0.671 0.292 0.045 0.072 8
9 0.484 0.842 0.048 0.077 9
11 0.419 0.593 0.046 0.073 11
13 0.517 0.765 0.048 0.077 13
14 0.370 0.153 0.048 0.077 14
15 0.833 0.800 0.044 0.070 15
16 0.323 0.922 0.048 0.077 16
17 0.748 0.755 0.048 0.077 17
18 0.609 0.185 0.042 0.067 18
20 0.641 0.740 0.047 0.075 20
21 0.381 0.875 0.046 0.073 21
22 0.416 0.902 0.048 0.077 22
23 0.552 0.158 0.041 0.065 23
24 0.671 0.865 0.048 0.077 24
25 0.372 0.315 0.048 0.077 25
28 0.389 0.818 0.037 0.060 28
29 0.904 0.407 0.037 0.060 29
30 0.491 0.633 0.048 0.077 30
31 0.681 0.980 0.048 0.077 31
33 0.753 0.845 0.041 0.065 33
34 0.568 0.243 0.040 0.063 34
36 0.699 0.810 0.042 0.067 36
37 0.066 0.913 0.040 0.063 37
38 0.878 0.968 0.048 0.077 38
39 0.720 0.293 0.042 0.067 39
40 0.894 0.238 0.037 0.060 40
41 0.239 0.697 0.044 0.070 41
42 0.917 0.967 0.048 0.077 42
43 0.946 0.987 0.048 0.077 43
44 0.887 0.378 0.037 0.060 44
