1 0.298 1.000 0.042 0.067 1
2 0.777 0.743 0.048 0.077 2
3 0.318 0.467 0.048 0.077 3
4 0.294 0.488 0.044 0.070 4
5 0.736 0.050 0.041 0.065 5
7 0.886 0.998 0.048 0.077 7
8 0.673 0.288 0.048 0.077 8
9 0.483 0.840 0.048 0.077 9
11 0.417 0.598 0.035 0.057 11
13 0.520 0.765 0.048 0.077 13
14 0.370 0.157 0.048 0.077 14
15 0.825 0.805 0.048 0.077 15
16 0.316 0.915 0.048 0.077 16
17 0.753 0.750 0.044 0.070 17
18 0.609 0.190 0.043 0.068 18
20 0.636 0.737 0.044 0.070 20
21 0.388 0.877 0.048 0.077 21
22 0.409 0.907 0.048 0.077 22
23 0.548 0.165 0.046 0.073 23
24 0.675 0.872 0.036 0.058 24
25 0.373 0.317 0.042 0.067 25
28 0.396 0.817 0.037 0.060 28
29 0.904 0.402 0.041 0.065 29
30 0.496 0.630 0.042 0.067 30
31 0.681 0.977 0.048 0.077 31
33 0.749 0.852 0.041 0.065 33
34 0.570 0.243 0.040 0.063 34
36 0.699 0.810 0.048 0.077 36
37 0.068 0.920 0.041 0.065 37
38 0.878 0.962 0.042 0.067 38
39 0.717 0.292 0.048 0.077 39
40 0.894 0.243 0.036 0.058 40
41 0.244 0.700 0.048 0.077 41
42 0.921 0.980 0.035 0.057 42
43 0.948 0.988 0.035 0.057 43
44 0.886 0.380 0.036 0.058 44
