1 0.298 1.000 0.042 0.067 1
2 0.777 0.743 0.048 0.077 2
3 0.320 0.457 0.048 0.077 3
4 0.293 0.492 0.048 0.077 4
5 0.739 0.045 0.035 0.057 5
7 0.889 0.998 0.048 0.077 7
8 0.673 0.292 0.048 0.077 8
9 0.485 0.835 0.042 0.067 9
11 0.416 0.592 0.041 0.065 11
13 0.517 0.767 0.048 0.077 13
14 0.369 0.155 0.047 0.075 14
15 0.829 0.805 0.042 0.067 15
16 0.322 0.915 0.035 0.057 16
17 0.752 0.748 0.044 0.070 17
18 0.608 0.188 0.042 0.067 18
20 0.636 0.737 0.044 0.070 20
21 0.388 0.875 0.046 0.073 21
22 0.416 0.900 0.048 0.077 22
23 0.549 0.165 0.045 0.072 23
24 0.670 0.865 0.041 0.065 24
25 0.370 0.315 0.048 0.077 25
28 0.395 0.815 0.036 0.058 28
29 0.907 0.395 0.048 0.077 29
30 0.493 0.632 0.048 0.077 30
31 0.681 0.978 0.048 0.077 31
33 0.748 0.850 0.037 0.060 33
34 0.569 0.242 0.041 0.065 34
36 0.702 0.818 0.037 0.060 36
37 0.068 0.923 0.042 0.067 37
38 0.877 0.968 0.042 0.067 38
39 0.723 0.293 0.048 0.077 39
40 0.895 0.243 0.036 0.058 40
41 0.237 0.697 0.043 0.068 41
42 0.920 0.972 0.032 0.052 42
43 0.951 0.983 0.048 0.077 43
44 0.886 0.380 0.035 0.057 44
