1 0.292 0.983 0.044 0.070 1
2 0.776 0.748 0.048 0.077 2
3 0.323 0.462 0.048 0.077 3
4 0.295 0.488 0.042 0.067 4
5 0.741 0.043 0.042 0.067 5
7 0.887 1.000 0.045 0.072 7
8 0.674 0.295 0.048 0.077 8
9 0.491 0.830 0.044 0.070 9
11 0.412 0.587 0.044 0.070 11
13 0.517 0.767 0.048 0.077 13
14 0.369 0.157 0.047 0.075 14
15 0.821 0.812 0.048 0.077 15
16 0.312 0.905 0.048 0.077 16
17 0.754 0.755 0.042 0.067 17
18 0.608 0.195 0.044 0.070 18
20 0.646 0.742 0.048 0.077 20
21 0.388 0.877 0.036 0.058 21
22 0.419 0.908 0.048 0.077 22
23 0.556 0.173 0.045 0.072 23
24 0.670 0.863 0.048 0.077 24
25 0.371 0.322 0.036 0.058 25
28 0.411 0.793 0.048 0.077 28
29 0.908 0.390 0.048 0.077 29
30 0.489 0.620 0.041 0.065 30
31 0.685 0.968 0.043 0.068 31
33 0.742 0.865 0.035 0.057 33
34 0.569 0.242 0.048 0.077 34
36 0.701 0.812 0.044 0.070 36
37 0.069 0.937 0.035 0.057 37
38 0.877 0.970 0.044 0.070 38
39 0.724 0.287 0.036 0.058 39
40 0.886 0.257 0.048 0.077 40
41 0.245 0.695 0.048 0.077 41
42 0.918 0.965 0.048 0.077 42
43 0.957 0.980 0.048 0.077 43
44 0.887 0.378 0.041 0.065 44
