1 0.303 1.000 0.037 0.060 1
2 0.778 0.743 0.048 0.077 2
3 0.320 0.453 0.048 0.077 3
4 0.294 0.485 0.042 0.067 4
5 0.733 0.043 0.048 0.077 5
7 0.885 0.998 0.048 0.077 7
8 0.670 0.295 0.047 0.075 8
9 0.484 0.838 0.044 0.070 9
11 0.417 0.593 0.041 0.065 11
13 0.518 0.765 0.048 0.077 13
14 0.370 0.155 0.048 0.077 14
15 0.838 0.807 0.047 0.075 15
16 0.321 0.920 0.035 0.057 16
17 0.751 0.747 0.042 0.067 17
18 0.608 0.185 0.041 0.065 18
20 0.637 0.733 0.042 0.067 20
21 0.381 0.873 0.048 0.077 21
22 0.414 0.900 0.048 0.077 22
23 0.548 0.155 0.048 0.077 23
24 0.675 0.870 0.035 0.057 24
25 0.369 0.320 0.035 0.057 25
28 0.389 0.815 0.036 0.058 28
29 0.904 0.405 0.041 0.065 29
30 0.491 0.632 0.048 0.077 30
31 0.680 0.977 0.048 0.077 31
33 0.752 0.848 0.036 0.058 33
34 0.572 0.252 0.048 0.077 34
36 0.700 0.807 0.041 0.065 36
37 0.067 0.918 0.044 0.070 37
38 0.878 0.955 0.048 0.077 38
39 0.719 0.300 0.048 0.077 39
40 0.894 0.240 0.035 0.057 40
41 0.239 0.700 0.042 0.067 41
42 0.918 0.968 0.048 0.077 42
43 0.947 0.992 0.040 0.063 43
44 0.891 0.375 0.047 0.075 44
