1 0.300 1.000 0.043 0.068 1
2 0.778 0.743 0.048 0.077 2
3 0.322 0.453 0.047 0.075 3
4 0.293 0.492 0.048 0.077 4
5 0.736 0.055 0.048 0.077 5
7 0.889 1.000 0.048 0.077 7
8 0.666 0.290 0.048 0.077 8
9 0.482 0.845 0.048 0.077 9
11 0.417 0.593 0.040 0.063 11
13 0.519 0.763 0.048 0.077 13
14 0.370 0.155 0.048 0.077 14
15 0.827 0.802 0.048 0.077 15
16 0.319 0.910 0.047 0.075 16
17 0.756 0.750 0.048 0.077 17
18 0.607 0.188 0.041 0.065 18
20 0.637 0.733 0.041 0.065 20
21 0.381 0.875 0.048 0.077 21
22 0.416 0.902 0.048 0.077 22
23 0.552 0.157 0.048 0.077 23
24 0.674 0.870 0.035 0.057 24
25 0.368 0.318 0.048 0.077 25
28 0.396 0.822 0.048 0.077 28
29 0.903 0.400 0.048 0.077 29
30 0.495 0.628 0.037 0.060 30
31 0.683 0.972 0.042 0.067 31
33 0.751 0.843 0.032 0.052 33
34 0.569 0.243 0.041 0.065 34
36 0.700 0.817 0.037 0.060 36
37 0.068 0.927 0.048 0.077 37
38 0.874 0.960 0.048 0.077 38
39 0.722 0.298 0.045 0.072 39
40 0.889 0.245 0.044 0.070 40
41 0.246 0.702 0.048 0.077 41
42 0.915 0.962 0.048 0.077 42
43 0.950 0.987 0.042 0.067 43
44 0.887 0.378 0.041 0.065 44
