1 0.305 1.000 0.035 0.057 1
2 0.778 0.742 0.048 0.077 2
3 0.315 0.457 0.048 0.077 3
4 0.293 0.493 0.048 0.077 4
5 0.731 0.047 0.048 0.077 5
7 0.880 1.000 0.042 0.067 7
8 0.665 0.290 0.048 0.077 8
9 0.487 0.840 0.048 0.077 9
11 0.415 0.597 0.044 0.070 11
13 0.514 0.760 0.037 0.060 13
14 0.365 0.162 0.046 0.073 14
15 0.834 0.800 0.048 0.077 15
16 0.316 0.922 0.048 0.077 16
17 0.749 0.750 0.041 0.065 17
18 0.608 0.190 0.048 0.077 18
20 0.635 0.730 0.045 0.072 20
21 0.381 0.873 0.047 0.075 21
22 0.414 0.900 0.048 0.077 22
23 0.549 0.157 0.048 0.077 23
24 0.671 0.863 0.048 0.077 24
25 0.371 0.313 0.048 0.077 25
28 0.383 0.815 0.048 0.077 28
29 0.903 0.403 0.041 0.065 29
30 0.495 0.630 0.041 0.065 30
31 0.681 0.980 0.048 0.077 31
33 0.753 0.847 0.041 0.065 33
34 0.569 0.245 0.042 0.067 34
36 0.696 0.812 0.036 0.058 36
37 0.070 0.912 0.048 0.077 37
38 0.875 0.953 0.046 0.073 38
39 0.721 0.297 0.044 0.070 39
40 0.895 0.238 0.037 0.060 40
41 0.242 0.703 0.042 0.067 41
42 0.916 0.963 0.048 0.077 42
43 0.946 1.000 0.033 0.053 43
44 0.897 0.378 0.047 0.075 44
