1 0.467 0.795 0.043 0.068 1
2 0.096 0.250 0.048 0.077 2
3 0.066 0.747 0.048 0.077 3
4 0.209 0.015 0.044 0.070 4
5 0.305 0.938 0.048 0.077 5
6 0.720 0.157 0.046 0.073 6
7 0.185 0.892 0.044 0.070 7
8 0.373 0.810 0.040 0.063 8
9 0.380 0.683 0.045 0.072 9
10 0.292 0.395 0.037 0.060 10
11 0.620 0.883 0.044 0.070 11
12 0.815 0.053 0.048 0.077 12
13 0.618 0.678 0.048 0.077 13
14 0.090 0.943 0.044 0.070 14
15 0.871 0.522 0.048 0.077 15
16 0.795 0.490 0.044 0.070 16
17 0.271 0.655 0.041 0.065 17
18 0.078 0.337 0.044 0.070 18
19 0.801 0.632 0.045 0.072 19
20 0.362 0.272 0.037 0.060 20
21 0.547 0.468 0.044 0.070 21
22 0.430 0.328 0.048 0.077 22
24 0.588 0.847 0.048 0.077 24
25 0.032 0.428 0.037 0.060 25
27 0.535 0.310 0.048 0.077 27
28 0.286 0.838 0.046 0.073 28
29 0.539 0.165 0.048 0.077 29
30 0.668 0.443 0.046 0.073 30
31 0.975 0.458 0.048 0.077 31
32 0.955 0.177 0.046 0.073 32
33 0.699 0.325 0.046 0.073 33
34 0.461 0.513 0.042 0.067 34
35 0.952 0.065 0.046 0.073 35
36 0.647 0.317 0.046 0.073 36
37 0.372 0.395 0.048 0.077 37
38 0.491 0.460 0.043 0.068 38
39 0.809 0.983 0.044 0.070 39
40 0.571 0.362 0.042 0.067 40
41 0.385 0.987 0.044 0.070 41
42 0.765 0.923 0.048 0.077 42
43 0.625 0.185 0.045 0.072 43
44 0.875 0.917 0.040 0.063 44
45 0.564 0.245 0.042 0.067 45
46 0.147 0.015 0.040 0.063 46
47 0.000 0.033 0.044 0.070 47
48 0.960 0.028 0.036 0.058 48
49 0.492 0.323 0.032 0.052 49
