1 0.468 0.793 0.041 0.065 1
2 0.097 0.245 0.048 0.077 2
3 0.062 0.747 0.048 0.077 3
4 0.207 0.017 0.046 0.073 4
5 0.307 0.938 0.043 0.068 5
6 0.719 0.157 0.047 0.075 6
7 0.183 0.893 0.044 0.070 7
8 0.370 0.813 0.035 0.057 8
9 0.385 0.690 0.042 0.067 9
10 0.294 0.400 0.040 0.063 10
11 0.620 0.882 0.043 0.068 11
12 0.815 0.057 0.048 0.077 12
13 0.618 0.678 0.047 0.075 13
14 0.080 0.947 0.046 0.073 14
15 0.870 0.522 0.048 0.077 15
16 0.792 0.490 0.042 0.067 16
17 0.271 0.655 0.042 0.067 17
18 0.077 0.338 0.044 0.070 18
19 0.799 0.635 0.045 0.072 19
20 0.359 0.275 0.040 0.063 20
21 0.548 0.463 0.042 0.067 21
22 0.429 0.328 0.043 0.068 22
24 0.590 0.842 0.048 0.077 24
25 0.029 0.423 0.041 0.065 25
27 0.540 0.317 0.048 0.077 27
28 0.292 0.838 0.048 0.077 28
29 0.542 0.167 0.046 0.073 29
30 0.668 0.443 0.046 0.073 30
31 0.976 0.453 0.046 0.073 31
32 0.954 0.177 0.047 0.075 32
33 0.701 0.330 0.042 0.067 33
34 0.460 0.510 0.043 0.068 34
35 0.951 0.063 0.048 0.077 35
36 0.647 0.317 0.048 0.077 36
37 0.374 0.395 0.042 0.067 37
38 0.490 0.458 0.042 0.067 38
39 0.808 0.983 0.044 0.070 39
40 0.573 0.357 0.040 0.063 40
41 0.383 0.983 0.044 0.070 41
42 0.767 0.945 0.046 0.073 42
43 0.625 0.183 0.045 0.072 43
44 0.873 0.917 0.036 0.058 44
45 0.561 0.252 0.042 0.067 45
46 0.145 0.008 0.045 0.072 46
47 0.000 0.038 0.033 0.053 47
48 0.959 0.023 0.040 0.063 48
49 0.495 0.322 0.032 0.052 49
