1 0.470 0.808 0.042 0.067 1
2 0.098 0.227 0.048 0.077 2
3 0.062 0.752 0.046 0.073 3
4 0.216 0.005 0.046 0.073 4
5 0.311 0.942 0.044 0.070 5
6 0.728 0.152 0.048 0.077 6
7 0.190 0.895 0.043 0.068 7
8 0.373 0.818 0.040 0.063 8
9 0.380 0.660 0.048 0.077 9
10 0.303 0.380 0.048 0.077 10
11 0.623 0.877 0.045 0.072 11
12 0.808 0.047 0.048 0.077 12
13 0.615 0.685 0.048 0.077 13
14 0.082 0.948 0.046 0.073 14
15 0.878 0.517 0.045 0.072 15
16 0.803 0.500 0.046 0.073 16
17 0.272 0.643 0.048 0.077 17
18 0.078 0.335 0.048 0.077 18
19 0.807 0.612 0.044 0.070 19
20 0.384 0.285 0.048 0.077 20
21 0.549 0.468 0.044 0.070 21
22 0.424 0.332 0.042 0.067 22
24 0.576 0.858 0.045 0.072 24
25 0.041 0.457 0.042 0.067 25
27 0.536 0.307 0.048 0.077 27
28 0.292 0.840 0.048 0.077 28
29 0.535 0.172 0.048 0.077 29
30 0.664 0.447 0.048 0.077 30
31 0.970 0.460 0.044 0.070 31
32 0.956 0.178 0.048 0.077 32
33 0.694 0.325 0.046 0.073 33
34 0.469 0.510 0.042 0.067 34
35 0.965 0.078 0.042 0.067 35
36 0.643 0.308 0.045 0.072 36
37 0.379 0.368 0.042 0.067 37
38 0.492 0.462 0.048 0.077 38
39 0.809 0.977 0.044 0.070 39
40 0.562 0.360 0.044 0.070 40
41 0.385 0.982 0.046 0.073 41
42 0.769 0.937 0.046 0.073 42
43 0.620 0.190 0.048 0.077 43
44 0.895 0.923 0.037 0.060 44
45 0.571 0.243 0.046 0.073 45
46 0.140 0.010 0.048 0.077 46
47 0.009 0.042 0.044 0.070 47
48 0.959 0.060 0.037 0.060 48
49 0.490 0.322 0.037 0.060 49
