1 0.468 0.807 0.042 0.067 1
2 0.098 0.232 0.048 0.077 2
3 0.064 0.753 0.048 0.077 3
4 0.215 0.000 0.045 0.072 4
5 0.309 0.943 0.044 0.070 5
6 0.725 0.153 0.048 0.077 6
7 0.191 0.895 0.048 0.077 7
8 0.373 0.815 0.040 0.063 8
9 0.376 0.668 0.042 0.067 9
10 0.298 0.377 0.042 0.067 10
11 0.622 0.878 0.048 0.077 11
12 0.811 0.050 0.048 0.077 12
13 0.618 0.678 0.048 0.077 13
14 0.083 0.947 0.047 0.075 14
15 0.875 0.517 0.046 0.073 15
16 0.800 0.493 0.043 0.068 16
17 0.272 0.643 0.044 0.070 17
18 0.074 0.333 0.048 0.077 18
19 0.806 0.618 0.044 0.070 19
20 0.377 0.278 0.041 0.065 20
21 0.548 0.468 0.044 0.070 21
22 0.423 0.332 0.044 0.070 22
24 0.580 0.855 0.048 0.077 24
25 0.036 0.445 0.036 0.058 25
27 0.537 0.313 0.048 0.077 27
28 0.292 0.840 0.048 0.077 28
29 0.537 0.170 0.044 0.070 29
30 0.664 0.445 0.048 0.077 30
31 0.971 0.463 0.046 0.073 31
32 0.954 0.178 0.045 0.072 32
33 0.697 0.325 0.044 0.070 33
34 0.467 0.513 0.042 0.067 34
35 0.961 0.068 0.048 0.077 35
36 0.646 0.308 0.045 0.072 36
37 0.376 0.372 0.042 0.067 37
38 0.494 0.462 0.042 0.067 38
39 0.810 0.978 0.044 0.070 39
40 0.566 0.362 0.042 0.067 40
41 0.390 0.987 0.047 0.075 41
42 0.770 0.942 0.046 0.073 42
43 0.622 0.188 0.045 0.072 43
44 0.891 0.917 0.036 0.058 44
45 0.572 0.240 0.042 0.067 45
46 0.145 0.000 0.044 0.070 46
47 0.005 0.038 0.048 0.077 47
48 0.958 0.047 0.040 0.063 48
49 0.493 0.322 0.030 0.048 49
