1 0.470 0.810 0.041 0.065 1
2 0.099 0.243 0.048 0.077 2
3 0.061 0.752 0.048 0.077 3
4 0.216 0.005 0.046 0.073 4
5 0.310 0.940 0.043 0.068 5
6 0.727 0.152 0.046 0.073 6
7 0.190 0.897 0.042 0.067 7
8 0.374 0.817 0.042 0.067 8
9 0.378 0.653 0.048 0.077 9
10 0.301 0.378 0.045 0.072 10
11 0.623 0.882 0.042 0.067 11
12 0.809 0.050 0.048 0.077 12
13 0.616 0.680 0.044 0.070 13
14 0.081 0.947 0.048 0.077 14
15 0.878 0.517 0.045 0.072 15
16 0.803 0.497 0.041 0.065 16
17 0.272 0.642 0.048 0.077 17
18 0.076 0.333 0.048 0.077 18
19 0.807 0.612 0.042 0.067 19
20 0.383 0.285 0.048 0.077 20
21 0.549 0.468 0.043 0.068 21
22 0.423 0.328 0.044 0.070 22
24 0.576 0.862 0.048 0.077 24
25 0.039 0.455 0.036 0.058 25
27 0.535 0.305 0.048 0.077 27
28 0.290 0.842 0.048 0.077 28
29 0.540 0.173 0.042 0.067 29
30 0.665 0.445 0.046 0.073 30
31 0.968 0.458 0.048 0.077 31
32 0.955 0.178 0.046 0.073 32
33 0.695 0.327 0.044 0.070 33
34 0.468 0.512 0.042 0.067 34
35 0.965 0.080 0.042 0.067 35
36 0.643 0.310 0.045 0.072 36
37 0.379 0.367 0.042 0.067 37
38 0.495 0.462 0.042 0.067 38
39 0.807 0.975 0.043 0.068 39
40 0.562 0.360 0.044 0.070 40
41 0.391 0.987 0.044 0.070 41
42 0.770 0.937 0.048 0.077 42
43 0.619 0.185 0.037 0.060 43
44 0.893 0.927 0.037 0.060 44
45 0.575 0.240 0.037 0.060 45
46 0.139 0.012 0.044 0.070 46
47 0.010 0.040 0.044 0.070 47
48 0.957 0.060 0.036 0.058 48
49 0.494 0.320 0.030 0.048 49
