1 0.468 0.805 0.042 0.067 1
2 0.098 0.242 0.048 0.077 2
3 0.065 0.752 0.048 0.077 3
4 0.214 0.000 0.048 0.077 4
5 0.310 0.943 0.048 0.077 5
6 0.724 0.153 0.047 0.075 6
7 0.189 0.895 0.048 0.077 7
8 0.374 0.812 0.040 0.063 8
9 0.373 0.667 0.048 0.077 9
10 0.296 0.377 0.041 0.065 10
11 0.621 0.883 0.044 0.070 11
12 0.811 0.050 0.048 0.077 12
13 0.618 0.680 0.044 0.070 13
14 0.084 0.947 0.046 0.073 14
15 0.874 0.517 0.046 0.073 15
16 0.800 0.490 0.042 0.067 16
17 0.274 0.652 0.048 0.077 17
18 0.077 0.333 0.048 0.077 18
19 0.806 0.623 0.043 0.068 19
20 0.376 0.272 0.048 0.077 20
21 0.547 0.470 0.044 0.070 21
22 0.424 0.332 0.046 0.073 22
24 0.582 0.853 0.048 0.077 24
25 0.036 0.442 0.036 0.058 25
27 0.539 0.310 0.048 0.077 27
28 0.287 0.842 0.044 0.070 28
29 0.540 0.168 0.044 0.070 29
30 0.666 0.445 0.047 0.075 30
31 0.971 0.457 0.048 0.077 31
32 0.953 0.180 0.044 0.070 32
33 0.699 0.325 0.045 0.072 33
34 0.466 0.512 0.042 0.067 34
35 0.959 0.073 0.042 0.067 35
36 0.646 0.308 0.045 0.072 36
37 0.377 0.373 0.044 0.070 37
38 0.490 0.463 0.046 0.073 38
39 0.809 0.982 0.046 0.073 39
40 0.565 0.362 0.048 0.077 40
41 0.389 0.988 0.044 0.070 41
42 0.760 0.937 0.048 0.077 42
43 0.623 0.188 0.044 0.070 43
44 0.885 0.918 0.040 0.063 44
45 0.570 0.242 0.040 0.063 45
46 0.143 0.000 0.043 0.068 46
47 0.007 0.045 0.032 0.052 47
48 0.961 0.045 0.040 0.063 48
49 0.493 0.322 0.030 0.048 49
