1 0.201 0.463 0.036 0.058 1
2 0.236 0.885 0.048 0.077 2
3 0.799 0.417 0.046 0.073 3
4 0.592 0.777 0.036 0.058 4
5 0.139 0.418 0.042 0.067 5
6 0.896 0.032 0.037 0.060 6
7 0.957 0.382 0.035 0.057 7
8 0.060 0.213 0.035 0.057 8
9 0.335 0.332 0.031 0.050 9
10 0.319 0.373 0.042 0.067 10
11 0.423 0.563 0.048 0.077 11
12 0.617 0.517 0.033 0.053 12
13 0.159 0.517 0.030 0.048 13
14 0.111 0.748 0.037 0.060 14
15 0.078 0.663 0.035 0.057 15
16 0.639 0.890 0.036 0.058 16
17 0.961 0.475 0.032 0.052 17
18 0.579 0.378 0.035 0.057 18
19 0.447 0.983 0.048 0.077 19
