1 0.201 0.460 0.036 0.058 1
2 0.234 0.882 0.046 0.073 2
3 0.797 0.417 0.048 0.077 3
4 0.592 0.777 0.035 0.057 4
5 0.140 0.417 0.042 0.067 5
6 0.896 0.032 0.035 0.057 6
7 0.961 0.383 0.042 0.067 7
8 0.060 0.223 0.032 0.052 8
9 0.334 0.333 0.033 0.053 9
10 0.321 0.368 0.044 0.070 10
11 0.418 0.562 0.035 0.057 11
12 0.620 0.520 0.030 0.048 12
13 0.160 0.520 0.033 0.053 13
14 0.113 0.748 0.040 0.063 14
15 0.079 0.660 0.034 0.055 15
16 0.635 0.892 0.037 0.060 16
17 0.961 0.478 0.032 0.052 17
18 0.584 0.378 0.042 0.067 18
19 0.455 0.987 0.041 0.065 19
