1 0.193 0.445 0.036 0.058 1
2 0.233 0.912 0.047 0.075 2
3 0.797 0.420 0.045 0.072 3
4 0.595 0.750 0.035 0.057 4
5 0.154 0.407 0.041 0.065 5
6 0.914 0.025 0.041 0.065 6
7 0.967 0.410 0.040 0.063 7
8 0.075 0.222 0.037 0.060 8
9 0.334 0.332 0.035 0.057 9
10 0.320 0.378 0.037 0.060 10
11 0.401 0.565 0.036 0.058 11
12 0.630 0.498 0.033 0.053 12
13 0.152 0.548 0.034 0.055 13
14 0.111 0.742 0.041 0.065 14
15 0.097 0.662 0.040 0.063 15
16 0.623 0.910 0.035 0.057 16
17 0.966 0.498 0.036 0.058 17
18 0.588 0.387 0.035 0.057 18
19 0.466 0.967 0.034 0.055 19
