1 0.190 0.442 0.037 0.060 1
2 0.235 0.915 0.048 0.077 2
3 0.798 0.418 0.048 0.077 3
4 0.598 0.742 0.042 0.067 4
5 0.155 0.403 0.041 0.065 5
6 0.915 0.032 0.037 0.060 6
7 0.965 0.415 0.040 0.063 7
8 0.078 0.218 0.040 0.063 8
9 0.333 0.332 0.036 0.058 9
10 0.317 0.377 0.048 0.077 10
11 0.396 0.562 0.037 0.060 11
12 0.626 0.498 0.036 0.058 12
13 0.154 0.548 0.033 0.053 13
14 0.111 0.740 0.037 0.060 14
15 0.100 0.652 0.047 0.075 15
16 0.622 0.918 0.034 0.055 16
17 0.966 0.502 0.032 0.052 17
18 0.589 0.383 0.035 0.057 18
19 0.466 0.957 0.035 0.057 19
