1 0.201 0.453 0.037 0.060 1
2 0.234 0.885 0.042 0.067 2
3 0.799 0.418 0.048 0.077 3
4 0.592 0.770 0.035 0.057 4
5 0.144 0.413 0.041 0.065 5
6 0.900 0.027 0.037 0.060 6
7 0.966 0.390 0.041 0.065 7
8 0.064 0.220 0.033 0.053 8
9 0.332 0.332 0.037 0.060 9
10 0.323 0.377 0.032 0.052 10
11 0.411 0.568 0.037 0.060 11
12 0.618 0.510 0.036 0.058 12
13 0.152 0.522 0.034 0.055 13
14 0.115 0.750 0.041 0.065 14
15 0.083 0.663 0.035 0.057 15
16 0.631 0.892 0.036 0.058 16
17 0.960 0.483 0.033 0.053 17
18 0.580 0.385 0.035 0.057 18
19 0.460 0.982 0.040 0.063 19
