1 0.201 0.465 0.036 0.058 1
2 0.235 0.880 0.045 0.072 2
3 0.799 0.418 0.048 0.077 3
4 0.594 0.777 0.033 0.053 4
5 0.136 0.417 0.040 0.063 5
6 0.896 0.032 0.037 0.060 6
7 0.955 0.383 0.042 0.067 7
8 0.056 0.207 0.042 0.067 8
9 0.333 0.330 0.035 0.057 9
10 0.321 0.373 0.032 0.052 10
11 0.420 0.558 0.035 0.057 11
12 0.615 0.515 0.032 0.052 12
13 0.158 0.513 0.033 0.053 13
14 0.111 0.747 0.042 0.067 14
15 0.078 0.662 0.034 0.055 15
16 0.641 0.890 0.036 0.058 16
17 0.958 0.473 0.035 0.057 17
18 0.579 0.377 0.035 0.057 18
19 0.450 0.980 0.032 0.052 19
