1 0.200 0.465 0.035 0.057 1
2 0.234 0.877 0.048 0.077 2
3 0.798 0.415 0.048 0.077 3
4 0.594 0.782 0.036 0.058 4
5 0.135 0.417 0.041 0.065 5
6 0.895 0.032 0.037 0.060 6
7 0.955 0.382 0.035 0.057 7
8 0.058 0.203 0.048 0.077 8
9 0.334 0.335 0.032 0.052 9
10 0.320 0.373 0.037 0.060 10
11 0.421 0.562 0.036 0.058 11
12 0.614 0.518 0.035 0.057 12
13 0.158 0.515 0.032 0.052 13
14 0.110 0.748 0.037 0.060 14
15 0.077 0.658 0.036 0.058 15
16 0.640 0.888 0.037 0.060 16
17 0.958 0.473 0.033 0.053 17
18 0.578 0.378 0.035 0.057 18
19 0.453 0.987 0.043 0.068 19
