1 0.196 0.448 0.035 0.057 1
2 0.230 0.902 0.048 0.077 2
3 0.797 0.420 0.048 0.077 3
4 0.593 0.758 0.034 0.055 4
5 0.152 0.417 0.044 0.070 5
6 0.908 0.025 0.041 0.065 6
7 0.967 0.403 0.036 0.058 7
8 0.070 0.217 0.048 0.077 8
9 0.334 0.335 0.032 0.052 9
10 0.320 0.377 0.036 0.058 10
11 0.404 0.568 0.037 0.060 11
12 0.623 0.510 0.037 0.060 12
13 0.149 0.537 0.032 0.052 13
14 0.111 0.745 0.037 0.060 14
15 0.094 0.658 0.042 0.067 15
16 0.627 0.903 0.035 0.057 16
17 0.963 0.493 0.037 0.060 17
18 0.584 0.388 0.036 0.058 18
19 0.468 0.977 0.042 0.067 19
