1 0.200 0.470 0.040 0.063 1
2 0.236 0.875 0.048 0.077 2
3 0.798 0.418 0.048 0.077 3
4 0.594 0.782 0.035 0.057 4
5 0.133 0.417 0.037 0.060 5
6 0.893 0.033 0.041 0.065 6
7 0.955 0.382 0.040 0.063 7
8 0.059 0.203 0.042 0.067 8
9 0.330 0.333 0.042 0.067 9
10 0.321 0.377 0.036 0.058 10
11 0.422 0.552 0.046 0.073 11
12 0.610 0.518 0.035 0.057 12
13 0.161 0.517 0.041 0.065 13
14 0.109 0.750 0.041 0.065 14
15 0.074 0.658 0.037 0.060 15
16 0.642 0.892 0.036 0.058 16
17 0.956 0.472 0.035 0.057 17
18 0.579 0.375 0.035 0.057 18
19 0.450 0.980 0.035 0.057 19
