1 0.195 0.443 0.036 0.058 1
2 0.232 0.907 0.047 0.075 2
3 0.798 0.422 0.046 0.073 3
4 0.592 0.753 0.036 0.058 4
5 0.154 0.412 0.042 0.067 5
6 0.912 0.023 0.042 0.067 6
7 0.968 0.403 0.035 0.057 7
8 0.074 0.227 0.035 0.057 8
9 0.333 0.332 0.036 0.058 9
10 0.321 0.377 0.035 0.057 10
11 0.402 0.567 0.040 0.063 11
12 0.624 0.507 0.035 0.057 12
13 0.151 0.537 0.032 0.052 13
14 0.115 0.745 0.035 0.057 14
15 0.094 0.663 0.035 0.057 15
16 0.625 0.908 0.035 0.057 16
17 0.965 0.495 0.034 0.055 17
18 0.585 0.380 0.044 0.070 18
19 0.466 0.970 0.035 0.057 19
