1 0.198 0.450 0.035 0.057 1
2 0.232 0.902 0.044 0.070 2
3 0.799 0.420 0.048 0.077 3
4 0.593 0.758 0.034 0.055 4
5 0.149 0.413 0.041 0.065 5
6 0.907 0.023 0.037 0.060 6
7 0.968 0.402 0.041 0.065 7
8 0.066 0.227 0.044 0.070 8
9 0.333 0.332 0.036 0.058 9
10 0.319 0.375 0.040 0.063 10
11 0.406 0.570 0.037 0.060 11
12 0.622 0.510 0.037 0.060 12
13 0.149 0.533 0.035 0.057 13
14 0.113 0.745 0.041 0.065 14
15 0.091 0.663 0.035 0.057 15
16 0.626 0.902 0.035 0.057 16
17 0.963 0.490 0.034 0.055 17
18 0.584 0.388 0.037 0.060 18
19 0.464 0.973 0.040 0.063 19
