1 0.200 0.462 0.037 0.060 1
2 0.231 0.883 0.048 0.077 2
3 0.798 0.415 0.046 0.073 3
4 0.591 0.775 0.035 0.057 4
5 0.141 0.417 0.041 0.065 5
6 0.897 0.028 0.036 0.058 6
7 0.958 0.385 0.037 0.060 7
8 0.059 0.215 0.042 0.067 8
9 0.335 0.332 0.031 0.050 9
10 0.320 0.380 0.035 0.057 10
11 0.414 0.567 0.040 0.063 11
12 0.617 0.512 0.035 0.057 12
13 0.154 0.523 0.036 0.058 13
14 0.114 0.752 0.042 0.067 14
15 0.081 0.663 0.037 0.060 15
16 0.635 0.892 0.035 0.057 16
17 0.959 0.478 0.030 0.048 17
18 0.579 0.382 0.035 0.057 18
19 0.455 0.982 0.034 0.055 19
