1 0.190 0.442 0.040 0.063 1
2 0.239 0.915 0.041 0.065 2
3 0.797 0.420 0.048 0.077 3
4 0.597 0.747 0.032 0.052 4
5 0.156 0.407 0.042 0.067 5
6 0.917 0.025 0.044 0.070 6
7 0.966 0.412 0.035 0.057 7
8 0.079 0.222 0.035 0.057 8
9 0.332 0.328 0.037 0.060 9
10 0.320 0.378 0.033 0.053 10
11 0.398 0.562 0.036 0.058 11
12 0.627 0.500 0.036 0.058 12
13 0.153 0.548 0.034 0.055 13
14 0.111 0.740 0.037 0.060 14
15 0.099 0.658 0.037 0.060 15
16 0.622 0.917 0.036 0.058 16
17 0.961 0.500 0.037 0.060 17
18 0.589 0.383 0.036 0.058 18
19 0.466 0.960 0.040 0.063 19
