1 0.197 0.450 0.040 0.063 1
2 0.233 0.905 0.040 0.063 2
3 0.800 0.418 0.044 0.070 3
4 0.592 0.762 0.034 0.055 4
5 0.147 0.417 0.041 0.065 5
6 0.907 0.027 0.040 0.063 6
7 0.969 0.400 0.041 0.065 7
8 0.069 0.228 0.035 0.057 8
9 0.333 0.330 0.034 0.055 9
10 0.321 0.378 0.036 0.058 10
11 0.406 0.568 0.040 0.063 11
12 0.628 0.510 0.033 0.053 12
13 0.150 0.530 0.034 0.055 13
14 0.111 0.747 0.037 0.060 14
15 0.090 0.665 0.034 0.055 15
16 0.625 0.900 0.037 0.060 16
17 0.963 0.488 0.032 0.052 17
18 0.583 0.387 0.036 0.058 18
19 0.465 0.980 0.043 0.068 19
