1 0.185 0.437 0.044 0.070 1
2 0.239 0.915 0.046 0.073 2
3 0.795 0.418 0.048 0.077 3
4 0.598 0.745 0.035 0.057 4
5 0.155 0.405 0.043 0.068 5
6 0.916 0.033 0.037 0.060 6
7 0.961 0.418 0.042 0.067 7
8 0.078 0.218 0.032 0.052 8
9 0.333 0.333 0.035 0.057 9
10 0.321 0.377 0.036 0.058 10
11 0.398 0.562 0.035 0.057 11
12 0.626 0.493 0.032 0.052 12
13 0.154 0.550 0.034 0.055 13
14 0.110 0.740 0.037 0.060 14
15 0.098 0.655 0.041 0.065 15
16 0.623 0.915 0.035 0.057 16
17 0.964 0.502 0.035 0.057 17
18 0.589 0.383 0.036 0.058 18
19 0.467 0.955 0.036 0.058 19
