1 0.201 0.458 0.036 0.058 1
2 0.232 0.885 0.048 0.077 2
3 0.799 0.417 0.047 0.075 3
4 0.591 0.773 0.035 0.057 4
5 0.142 0.417 0.041 0.065 5
6 0.899 0.032 0.040 0.063 6
7 0.963 0.385 0.040 0.063 7
8 0.061 0.220 0.035 0.057 8
9 0.334 0.335 0.032 0.052 9
10 0.322 0.367 0.046 0.073 10
11 0.415 0.565 0.035 0.057 11
12 0.619 0.515 0.032 0.052 12
13 0.159 0.522 0.034 0.055 13
14 0.113 0.747 0.042 0.067 14
15 0.081 0.663 0.035 0.057 15
16 0.633 0.892 0.036 0.058 16
17 0.963 0.478 0.035 0.057 17
18 0.579 0.383 0.035 0.057 18
19 0.456 0.985 0.035 0.057 19
