1 0.189 0.443 0.035 0.057 1
2 0.235 0.920 0.048 0.077 2
3 0.795 0.418 0.048 0.077 3
4 0.596 0.743 0.036 0.058 4
5 0.156 0.402 0.041 0.065 5
6 0.916 0.030 0.035 0.057 6
7 0.964 0.415 0.034 0.055 7
8 0.080 0.218 0.035 0.057 8
9 0.334 0.332 0.036 0.058 9
10 0.320 0.373 0.040 0.063 10
11 0.398 0.558 0.043 0.068 11
12 0.626 0.495 0.035 0.057 12
13 0.154 0.540 0.036 0.058 13
14 0.110 0.742 0.041 0.065 14
15 0.098 0.655 0.035 0.057 15
16 0.622 0.918 0.036 0.058 16
17 0.964 0.500 0.033 0.053 17
18 0.588 0.382 0.033 0.053 18
19 0.467 0.955 0.036 0.058 19
