1 0.192 0.443 0.035 0.057 1
2 0.234 0.907 0.042 0.067 2
3 0.799 0.420 0.046 0.073 3
4 0.596 0.748 0.033 0.053 4
5 0.155 0.408 0.044 0.070 5
6 0.915 0.028 0.041 0.065 6
7 0.966 0.412 0.040 0.063 7
8 0.075 0.220 0.033 0.053 8
9 0.331 0.335 0.042 0.067 9
10 0.318 0.380 0.035 0.057 10
11 0.400 0.570 0.041 0.065 11
12 0.629 0.500 0.035 0.057 12
13 0.152 0.545 0.034 0.055 13
14 0.113 0.742 0.042 0.067 14
15 0.098 0.660 0.037 0.060 15
16 0.623 0.915 0.040 0.063 16
17 0.965 0.498 0.034 0.055 17
18 0.588 0.385 0.036 0.058 18
19 0.467 0.962 0.035 0.057 19
