1 0.328 0.652 0.048 0.077 1
2 0.993 0.297 0.046 0.073 2
5 0.897 0.253 0.046 0.073 5
6 0.529 0.013 0.041 0.065 6
7 0.751 0.297 0.048 0.077 7
8 0.106 0.808 0.046 0.073 8
11 0.572 0.578 0.036 0.058 11
12 0.757 0.415 0.041 0.065 12
13 0.573 0.348 0.048 0.077 13
14 0.640 0.730 0.048 0.077 14
17 0.449 0.745 0.040 0.063 17
18 0.661 0.308 0.048 0.077 18
19 0.622 0.343 0.042 0.067 19
20 0.738 0.608 0.047 0.075 20
21 0.527 0.360 0.037 0.060 21
23 0.331 0.768 0.032 0.052 23
24 0.401 0.698 0.041 0.065 24
25 0.497 0.662 0.041 0.065 25
26 0.578 0.885 0.036 0.058 26
27 0.726 0.253 0.032 0.052 27
28 0.768 0.792 0.036 0.058 28
29 0.589 0.238 0.046 0.073 29
30 0.954 0.978 0.048 0.077 30
32 0.626 0.263 0.035 0.057 32
34 0.011 0.360 0.045 0.072 34
