1 0.328 0.658 0.048 0.077 1
2 0.992 0.295 0.048 0.077 2
5 0.901 0.262 0.042 0.067 5
6 0.526 0.008 0.046 0.073 6
7 0.766 0.273 0.043 0.068 7
8 0.104 0.813 0.048 0.077 8
11 0.593 0.562 0.035 0.057 11
12 0.770 0.405 0.043 0.068 12
13 0.561 0.373 0.044 0.070 13
14 0.628 0.725 0.040 0.063 14
17 0.448 0.758 0.034 0.055 17
18 0.675 0.312 0.046 0.073 18
19 0.611 0.352 0.040 0.063 19
20 0.735 0.598 0.046 0.073 20
21 0.552 0.358 0.037 0.060 21
23 0.314 0.767 0.035 0.057 23
24 0.410 0.702 0.042 0.067 24
25 0.497 0.663 0.043 0.068 25
26 0.580 0.883 0.037 0.060 26
27 0.726 0.252 0.042 0.067 27
28 0.767 0.792 0.040 0.063 28
29 0.600 0.228 0.048 0.077 29
30 0.957 1.000 0.032 0.052 30
32 0.631 0.227 0.034 0.055 32
34 0.009 0.363 0.035 0.057 34
