1 0.329 0.655 0.048 0.077 1
2 0.993 0.295 0.047 0.075 2
5 0.899 0.255 0.044 0.070 5
6 0.528 0.010 0.048 0.077 6
7 0.755 0.292 0.048 0.077 7
8 0.094 0.820 0.048 0.077 8
11 0.575 0.570 0.036 0.058 11
12 0.761 0.408 0.042 0.067 12
13 0.568 0.350 0.048 0.077 13
14 0.640 0.725 0.040 0.063 14
17 0.450 0.752 0.048 0.077 17
18 0.662 0.310 0.048 0.077 18
19 0.621 0.350 0.041 0.065 19
20 0.736 0.605 0.048 0.077 20
21 0.532 0.362 0.036 0.058 21
23 0.328 0.773 0.033 0.053 23
24 0.406 0.693 0.037 0.060 24
25 0.500 0.665 0.044 0.070 25
26 0.579 0.883 0.034 0.055 26
27 0.725 0.248 0.037 0.060 27
28 0.767 0.790 0.035 0.057 28
29 0.591 0.237 0.048 0.077 29
30 0.954 0.978 0.044 0.070 30
32 0.627 0.253 0.035 0.057 32
34 0.010 0.358 0.048 0.077 34
