1 0.330 0.652 0.048 0.077 1
2 0.994 0.297 0.048 0.077 2
5 0.896 0.253 0.045 0.072 5
6 0.530 0.015 0.037 0.060 6
7 0.751 0.295 0.048 0.077 7
8 0.103 0.805 0.044 0.070 8
11 0.571 0.575 0.033 0.053 11
12 0.756 0.413 0.041 0.065 12
13 0.569 0.355 0.037 0.060 13
14 0.642 0.727 0.037 0.060 14
17 0.444 0.750 0.048 0.077 17
18 0.661 0.310 0.048 0.077 18
19 0.622 0.343 0.042 0.067 19
20 0.736 0.608 0.048 0.077 20
21 0.525 0.355 0.044 0.070 21
23 0.334 0.773 0.037 0.060 23
24 0.402 0.697 0.040 0.063 24
25 0.497 0.662 0.041 0.065 25
26 0.578 0.885 0.036 0.058 26
27 0.724 0.248 0.036 0.058 27
28 0.765 0.792 0.040 0.063 28
29 0.590 0.238 0.047 0.075 29
30 0.955 0.977 0.046 0.073 30
32 0.628 0.260 0.034 0.055 32
34 0.010 0.362 0.048 0.077 34
