1 0.329 0.658 0.048 0.077 1
2 0.993 0.297 0.048 0.077 2
5 0.899 0.253 0.044 0.070 5
6 0.528 0.010 0.048 0.077 6
7 0.758 0.285 0.046 0.073 7
8 0.100 0.807 0.048 0.077 8
11 0.582 0.562 0.033 0.053 11
12 0.765 0.403 0.041 0.065 12
13 0.562 0.368 0.041 0.065 13
14 0.633 0.720 0.035 0.057 14
17 0.447 0.750 0.045 0.072 17
18 0.668 0.307 0.047 0.075 18
19 0.618 0.353 0.042 0.067 19
20 0.739 0.607 0.041 0.065 20
21 0.540 0.365 0.042 0.067 21
23 0.323 0.775 0.035 0.057 23
24 0.409 0.700 0.041 0.065 24
25 0.496 0.665 0.044 0.070 25
26 0.579 0.887 0.034 0.055 26
27 0.725 0.248 0.037 0.060 27
28 0.768 0.790 0.035 0.057 28
29 0.594 0.230 0.045 0.072 29
30 0.957 0.988 0.042 0.067 30
32 0.624 0.240 0.032 0.052 32
34 0.010 0.363 0.048 0.077 34
