1 0.330 0.653 0.047 0.075 1
2 0.992 0.295 0.047 0.075 2
5 0.899 0.255 0.044 0.070 5
6 0.528 0.008 0.048 0.077 6
7 0.756 0.287 0.048 0.077 7
8 0.101 0.813 0.048 0.077 8
11 0.579 0.565 0.036 0.058 11
12 0.762 0.405 0.041 0.065 12
13 0.565 0.358 0.042 0.067 13
14 0.634 0.730 0.042 0.067 14
17 0.444 0.748 0.041 0.065 17
18 0.664 0.308 0.048 0.077 18
19 0.620 0.353 0.042 0.067 19
20 0.734 0.605 0.046 0.073 20
21 0.535 0.363 0.041 0.065 21
23 0.325 0.775 0.032 0.052 23
24 0.406 0.693 0.043 0.068 24
25 0.496 0.662 0.043 0.068 25
26 0.578 0.885 0.035 0.057 26
27 0.725 0.248 0.036 0.058 27
28 0.765 0.790 0.037 0.060 28
29 0.594 0.232 0.048 0.077 29
30 0.955 0.987 0.047 0.075 30
32 0.626 0.245 0.032 0.052 32
34 0.008 0.358 0.048 0.077 34
