1 0.331 0.652 0.048 0.077 1
2 0.993 0.295 0.048 0.077 2
5 0.897 0.253 0.044 0.070 5
6 0.527 0.013 0.048 0.077 6
7 0.755 0.290 0.048 0.077 7
8 0.090 0.820 0.042 0.067 8
11 0.575 0.572 0.035 0.057 11
12 0.759 0.410 0.040 0.063 12
13 0.568 0.350 0.044 0.070 13
14 0.640 0.722 0.035 0.057 14
17 0.446 0.747 0.040 0.063 17
18 0.662 0.308 0.048 0.077 18
19 0.621 0.348 0.041 0.065 19
20 0.738 0.608 0.046 0.073 20
21 0.531 0.362 0.040 0.063 21
23 0.330 0.773 0.035 0.057 23
24 0.403 0.707 0.048 0.077 24
25 0.498 0.663 0.041 0.065 25
26 0.578 0.885 0.035 0.057 26
27 0.725 0.252 0.035 0.057 27
28 0.766 0.790 0.035 0.057 28
29 0.591 0.237 0.048 0.077 29
30 0.955 0.982 0.046 0.073 30
32 0.625 0.255 0.033 0.053 32
34 0.013 0.367 0.037 0.060 34
