1 0.331 0.653 0.048 0.077 1
2 0.992 0.295 0.048 0.077 2
5 0.899 0.253 0.044 0.070 5
6 0.527 0.007 0.048 0.077 6
7 0.756 0.287 0.048 0.077 7
8 0.094 0.815 0.046 0.073 8
11 0.580 0.567 0.036 0.058 11
12 0.765 0.405 0.042 0.067 12
13 0.562 0.362 0.040 0.063 13
14 0.635 0.722 0.036 0.058 14
17 0.445 0.748 0.040 0.063 17
18 0.666 0.308 0.047 0.075 18
19 0.619 0.353 0.042 0.067 19
20 0.739 0.608 0.044 0.070 20
21 0.535 0.360 0.042 0.067 21
23 0.324 0.775 0.032 0.052 23
24 0.408 0.698 0.041 0.065 24
25 0.497 0.667 0.042 0.067 25
26 0.579 0.885 0.032 0.052 26
27 0.726 0.253 0.042 0.067 27
28 0.767 0.792 0.036 0.058 28
29 0.593 0.230 0.046 0.073 29
30 0.957 0.988 0.045 0.072 30
32 0.625 0.245 0.032 0.052 32
34 0.013 0.365 0.033 0.053 34
