1 0.331 0.653 0.048 0.077 1
2 0.991 0.295 0.046 0.073 2
5 0.897 0.258 0.048 0.077 5
6 0.527 0.010 0.048 0.077 6
7 0.756 0.287 0.048 0.077 7
8 0.095 0.818 0.048 0.077 8
11 0.578 0.567 0.036 0.058 11
12 0.764 0.407 0.042 0.067 12
13 0.562 0.360 0.040 0.063 13
14 0.635 0.730 0.046 0.073 14
17 0.445 0.747 0.041 0.065 17
18 0.665 0.307 0.047 0.075 18
19 0.619 0.353 0.042 0.067 19
20 0.740 0.607 0.042 0.067 20
21 0.534 0.363 0.035 0.057 21
23 0.326 0.775 0.035 0.057 23
24 0.408 0.697 0.042 0.067 24
25 0.497 0.663 0.041 0.065 25
26 0.578 0.883 0.035 0.057 26
27 0.724 0.248 0.036 0.058 27
28 0.767 0.790 0.035 0.057 28
29 0.593 0.235 0.048 0.077 29
30 0.955 0.987 0.048 0.077 30
32 0.624 0.247 0.035 0.057 32
34 0.008 0.358 0.046 0.073 34
