1 0.330 0.653 0.048 0.077 1
2 0.992 0.295 0.046 0.073 2
5 0.899 0.255 0.044 0.070 5
6 0.526 0.000 0.048 0.077 6
7 0.759 0.285 0.048 0.077 7
8 0.101 0.813 0.048 0.077 8
11 0.580 0.565 0.036 0.058 11
12 0.764 0.402 0.040 0.063 12
13 0.564 0.365 0.041 0.065 13
14 0.633 0.727 0.045 0.072 14
17 0.444 0.750 0.041 0.065 17
18 0.666 0.308 0.048 0.077 18
19 0.619 0.353 0.042 0.067 19
20 0.735 0.603 0.048 0.077 20
21 0.535 0.358 0.044 0.070 21
23 0.325 0.772 0.036 0.058 23
24 0.405 0.695 0.048 0.077 24
25 0.496 0.663 0.042 0.067 25
26 0.578 0.883 0.034 0.055 26
27 0.725 0.248 0.036 0.058 27
28 0.766 0.793 0.033 0.053 28
29 0.594 0.228 0.044 0.070 29
30 0.957 0.987 0.046 0.073 30
32 0.625 0.243 0.033 0.053 32
34 0.010 0.358 0.046 0.073 34
