1 0.328 0.653 0.048 0.077 1
2 0.994 0.293 0.048 0.077 2
5 0.897 0.250 0.045 0.072 5
6 0.530 0.013 0.040 0.063 6
7 0.751 0.300 0.046 0.073 7
8 0.106 0.807 0.047 0.075 8
11 0.573 0.575 0.036 0.058 11
12 0.757 0.413 0.040 0.063 12
13 0.568 0.353 0.036 0.058 13
14 0.643 0.725 0.035 0.057 14
17 0.450 0.748 0.044 0.070 17
18 0.661 0.308 0.047 0.075 18
19 0.622 0.347 0.042 0.067 19
20 0.736 0.607 0.048 0.077 20
21 0.531 0.357 0.042 0.067 21
23 0.332 0.773 0.035 0.057 23
24 0.403 0.697 0.040 0.063 24
25 0.496 0.665 0.042 0.067 25
26 0.578 0.885 0.036 0.058 26
27 0.724 0.252 0.033 0.053 27
28 0.767 0.790 0.034 0.055 28
29 0.589 0.237 0.047 0.075 29
30 0.954 0.978 0.047 0.075 30
32 0.629 0.260 0.032 0.052 32
34 0.010 0.357 0.047 0.075 34
