1 0.327 0.653 0.048 0.077 1
2 0.992 0.295 0.048 0.077 2
5 0.901 0.262 0.042 0.067 5
6 0.527 0.008 0.048 0.077 6
7 0.762 0.268 0.048 0.077 7
8 0.101 0.813 0.048 0.077 8
11 0.594 0.563 0.036 0.058 11
12 0.770 0.402 0.042 0.067 12
13 0.564 0.378 0.040 0.063 13
14 0.629 0.727 0.040 0.063 14
17 0.445 0.763 0.042 0.067 17
18 0.674 0.310 0.048 0.077 18
19 0.613 0.350 0.041 0.065 19
20 0.734 0.600 0.046 0.073 20
21 0.549 0.357 0.042 0.067 21
23 0.315 0.768 0.032 0.052 23
24 0.411 0.710 0.044 0.070 24
25 0.496 0.662 0.048 0.077 25
26 0.579 0.885 0.035 0.057 26
27 0.725 0.248 0.037 0.060 27
28 0.769 0.792 0.035 0.057 28
29 0.597 0.233 0.047 0.075 29
30 0.964 0.985 0.042 0.067 30
32 0.632 0.230 0.035 0.057 32
34 0.010 0.368 0.036 0.058 34
