1 0.328 0.657 0.048 0.077 1
2 0.992 0.297 0.047 0.075 2
5 0.900 0.257 0.045 0.072 5
6 0.524 0.013 0.048 0.077 6
7 0.761 0.275 0.048 0.077 7
8 0.100 0.812 0.048 0.077 8
11 0.590 0.560 0.034 0.055 11
12 0.768 0.403 0.041 0.065 12
13 0.562 0.372 0.042 0.067 13
14 0.631 0.725 0.037 0.060 14
17 0.444 0.757 0.042 0.067 17
18 0.671 0.310 0.048 0.077 18
19 0.615 0.353 0.041 0.065 19
20 0.735 0.608 0.042 0.067 20
21 0.548 0.360 0.037 0.060 21
23 0.318 0.772 0.033 0.053 23
24 0.411 0.705 0.042 0.067 24
25 0.495 0.663 0.048 0.077 25
26 0.578 0.885 0.036 0.058 26
27 0.726 0.248 0.037 0.060 27
28 0.767 0.790 0.037 0.060 28
29 0.599 0.230 0.048 0.077 29
30 0.963 0.992 0.043 0.068 30
32 0.628 0.230 0.033 0.053 32
34 0.004 0.368 0.048 0.077 34
