1 0.325 0.643 0.040 0.063 1
2 0.993 0.298 0.044 0.070 2
5 0.894 0.252 0.044 0.070 5
6 0.526 0.020 0.044 0.070 6
7 0.749 0.298 0.048 0.077 7
8 0.104 0.805 0.044 0.070 8
11 0.569 0.578 0.034 0.055 11
12 0.756 0.418 0.041 0.065 12
13 0.574 0.353 0.044 0.070 13
14 0.646 0.727 0.036 0.058 14
17 0.450 0.747 0.040 0.063 17
18 0.661 0.310 0.048 0.077 18
19 0.621 0.342 0.041 0.065 19
20 0.738 0.608 0.047 0.075 20
21 0.525 0.357 0.041 0.065 21
23 0.331 0.770 0.033 0.053 23
24 0.401 0.705 0.044 0.070 24
25 0.497 0.662 0.042 0.067 25
26 0.578 0.882 0.034 0.055 26
27 0.725 0.248 0.036 0.058 27
28 0.767 0.790 0.034 0.055 28
29 0.588 0.240 0.044 0.070 29
30 0.954 0.977 0.048 0.077 30
32 0.628 0.260 0.048 0.077 32
34 0.013 0.358 0.048 0.077 34
