1 0.329 0.655 0.048 0.077 1
2 0.993 0.300 0.045 0.072 2
5 0.895 0.253 0.044 0.070 5
6 0.531 0.018 0.048 0.077 6
7 0.747 0.298 0.044 0.070 7
8 0.106 0.800 0.036 0.058 8
11 0.570 0.582 0.037 0.060 11
12 0.757 0.420 0.042 0.067 12
13 0.575 0.350 0.048 0.077 13
14 0.647 0.728 0.036 0.058 14
17 0.445 0.752 0.048 0.077 17
18 0.661 0.308 0.046 0.073 18
19 0.621 0.342 0.042 0.067 19
20 0.741 0.612 0.044 0.070 20
21 0.522 0.358 0.036 0.058 21
23 0.338 0.772 0.042 0.067 23
24 0.401 0.703 0.042 0.067 24
25 0.497 0.665 0.042 0.067 25
26 0.578 0.885 0.036 0.058 26
27 0.725 0.247 0.036 0.058 27
28 0.767 0.790 0.033 0.053 28
29 0.595 0.263 0.041 0.065 29
30 0.955 0.977 0.046 0.073 30
32 0.627 0.263 0.035 0.057 32
34 0.014 0.358 0.046 0.073 34
