1 0.331 0.655 0.048 0.077 1
2 0.993 0.297 0.048 0.077 2
5 0.898 0.253 0.043 0.068 5
6 0.527 0.007 0.048 0.077 6
7 0.758 0.285 0.047 0.075 7
8 0.100 0.815 0.048 0.077 8
11 0.580 0.565 0.036 0.058 11
12 0.762 0.403 0.037 0.060 12
13 0.560 0.357 0.048 0.077 13
14 0.636 0.728 0.042 0.067 14
17 0.443 0.750 0.041 0.065 17
18 0.667 0.305 0.048 0.077 18
19 0.619 0.352 0.042 0.067 19
20 0.735 0.607 0.044 0.070 20
21 0.537 0.362 0.036 0.058 21
23 0.324 0.773 0.034 0.055 23
24 0.408 0.698 0.040 0.063 24
25 0.496 0.667 0.042 0.067 25
26 0.578 0.885 0.035 0.057 26
27 0.725 0.250 0.037 0.060 27
28 0.765 0.790 0.040 0.063 28
29 0.594 0.230 0.046 0.073 29
30 0.956 0.988 0.046 0.073 30
32 0.625 0.247 0.035 0.057 32
34 0.011 0.367 0.036 0.058 34
