1 0.330 0.655 0.048 0.077 1
2 0.992 0.295 0.048 0.077 2
5 0.899 0.260 0.046 0.073 5
6 0.526 0.007 0.045 0.072 6
7 0.761 0.282 0.045 0.072 7
8 0.100 0.812 0.048 0.077 8
11 0.588 0.562 0.035 0.057 11
12 0.769 0.402 0.040 0.063 12
13 0.560 0.372 0.042 0.067 13
14 0.630 0.730 0.042 0.067 14
17 0.446 0.752 0.048 0.077 17
18 0.671 0.310 0.048 0.077 18
19 0.615 0.353 0.042 0.067 19
20 0.734 0.603 0.044 0.070 20
21 0.546 0.362 0.036 0.058 21
23 0.318 0.775 0.035 0.057 23
24 0.411 0.700 0.037 0.060 24
25 0.496 0.663 0.042 0.067 25
26 0.579 0.885 0.032 0.052 26
27 0.725 0.248 0.036 0.058 27
28 0.768 0.790 0.033 0.053 28
29 0.597 0.232 0.048 0.077 29
30 0.960 0.993 0.043 0.068 30
32 0.629 0.233 0.035 0.057 32
34 0.007 0.363 0.041 0.065 34
