1 0.329 0.650 0.047 0.075 1
2 0.994 0.298 0.048 0.077 2
5 0.896 0.252 0.043 0.068 5
6 0.526 0.013 0.048 0.077 6
7 0.752 0.295 0.048 0.077 7
8 0.102 0.810 0.048 0.077 8
11 0.571 0.580 0.036 0.058 11
12 0.756 0.415 0.041 0.065 12
13 0.573 0.353 0.044 0.070 13
14 0.644 0.727 0.036 0.058 14
17 0.449 0.747 0.040 0.063 17
18 0.662 0.308 0.047 0.075 18
19 0.620 0.337 0.048 0.077 19
20 0.739 0.610 0.045 0.072 20
21 0.527 0.357 0.040 0.063 21
23 0.334 0.772 0.037 0.060 23
24 0.400 0.698 0.040 0.063 24
25 0.498 0.663 0.041 0.065 25
26 0.578 0.885 0.036 0.058 26
27 0.726 0.252 0.041 0.065 27
28 0.768 0.790 0.033 0.053 28
29 0.593 0.240 0.048 0.077 29
30 0.954 0.978 0.048 0.077 30
32 0.628 0.263 0.033 0.053 32
34 0.010 0.360 0.048 0.077 34
