1 0.331 0.653 0.048 0.077 1
2 0.993 0.297 0.048 0.077 2
5 0.898 0.253 0.044 0.070 5
6 0.528 0.008 0.048 0.077 6
7 0.757 0.288 0.048 0.077 7
8 0.097 0.818 0.048 0.077 8
11 0.580 0.567 0.041 0.065 11
12 0.761 0.405 0.040 0.063 12
13 0.565 0.353 0.044 0.070 13
14 0.635 0.732 0.048 0.077 14
17 0.445 0.750 0.042 0.067 17
18 0.664 0.308 0.048 0.077 18
19 0.620 0.352 0.042 0.067 19
20 0.733 0.605 0.048 0.077 20
21 0.536 0.358 0.043 0.068 21
23 0.328 0.780 0.040 0.063 23
24 0.409 0.703 0.046 0.073 24
25 0.496 0.663 0.043 0.068 25
26 0.578 0.887 0.037 0.060 26
27 0.726 0.250 0.040 0.063 27
28 0.769 0.792 0.035 0.057 28
29 0.592 0.232 0.046 0.073 29
30 0.954 0.980 0.042 0.067 30
32 0.626 0.250 0.034 0.055 32
34 0.008 0.358 0.046 0.073 34
