1 0.328 0.655 0.046 0.073 1
2 0.992 0.295 0.048 0.077 2
5 0.899 0.258 0.044 0.070 5
6 0.528 0.005 0.048 0.077 6
7 0.760 0.277 0.048 0.077 7
8 0.100 0.818 0.048 0.077 8
11 0.588 0.563 0.036 0.058 11
12 0.768 0.403 0.042 0.067 12
13 0.561 0.373 0.041 0.065 13
14 0.631 0.723 0.040 0.063 14
17 0.444 0.755 0.040 0.063 17
18 0.670 0.312 0.048 0.077 18
19 0.614 0.355 0.042 0.067 19
20 0.734 0.603 0.048 0.077 20
21 0.541 0.363 0.042 0.067 21
23 0.316 0.770 0.040 0.063 23
24 0.411 0.698 0.037 0.060 24
25 0.497 0.665 0.045 0.072 25
26 0.580 0.883 0.035 0.057 26
27 0.725 0.248 0.037 0.060 27
28 0.765 0.792 0.040 0.063 28
29 0.598 0.230 0.048 0.077 29
30 0.959 0.990 0.046 0.073 30
32 0.627 0.233 0.033 0.053 32
34 0.010 0.363 0.031 0.050 34
