1 0.330 0.657 0.048 0.077 1
2 0.993 0.295 0.048 0.077 2
5 0.901 0.258 0.044 0.070 5
6 0.526 0.010 0.048 0.077 6
7 0.761 0.273 0.048 0.077 7
8 0.099 0.812 0.044 0.070 8
11 0.591 0.562 0.036 0.058 11
12 0.769 0.405 0.041 0.065 12
13 0.562 0.377 0.041 0.065 13
14 0.629 0.723 0.036 0.058 14
17 0.442 0.757 0.041 0.065 17
18 0.672 0.310 0.048 0.077 18
19 0.614 0.353 0.042 0.067 19
20 0.738 0.607 0.037 0.060 20
21 0.547 0.353 0.044 0.070 21
23 0.317 0.773 0.035 0.057 23
24 0.411 0.700 0.040 0.063 24
25 0.496 0.665 0.042 0.067 25
26 0.579 0.883 0.036 0.058 26
27 0.724 0.250 0.035 0.057 27
28 0.764 0.792 0.036 0.058 28
29 0.599 0.230 0.048 0.077 29
30 0.954 1.000 0.032 0.052 30
32 0.630 0.232 0.035 0.057 32
34 0.009 0.365 0.037 0.060 34
