1 0.329 0.655 0.048 0.077 1
2 0.993 0.293 0.047 0.075 2
5 0.899 0.253 0.043 0.068 5
6 0.531 0.008 0.048 0.077 6
7 0.756 0.288 0.048 0.077 7
8 0.101 0.820 0.048 0.077 8
11 0.575 0.563 0.037 0.060 11
12 0.762 0.407 0.036 0.058 12
13 0.566 0.353 0.044 0.070 13
14 0.636 0.725 0.042 0.067 14
17 0.445 0.747 0.041 0.065 17
18 0.664 0.307 0.046 0.073 18
19 0.620 0.352 0.041 0.065 19
20 0.736 0.605 0.048 0.077 20
21 0.534 0.363 0.037 0.060 21
23 0.327 0.777 0.036 0.058 23
24 0.408 0.695 0.040 0.063 24
25 0.498 0.663 0.041 0.065 25
26 0.580 0.885 0.035 0.057 26
27 0.725 0.247 0.042 0.067 27
28 0.767 0.790 0.036 0.058 28
29 0.592 0.233 0.048 0.077 29
30 0.955 0.982 0.044 0.070 30
32 0.627 0.248 0.036 0.058 32
34 0.011 0.367 0.036 0.058 34
