1 0.472 0.808 0.042 0.067 1
2 0.097 0.238 0.048 0.077 2
3 0.061 0.753 0.048 0.077 3
4 0.218 0.010 0.048 0.077 4
5 0.310 0.942 0.045 0.072 5
6 0.728 0.155 0.046 0.073 6
7 0.192 0.900 0.046 0.073 7
8 0.371 0.820 0.041 0.065 8
9 0.380 0.647 0.048 0.077 9
10 0.300 0.380 0.042 0.067 10
11 0.622 0.883 0.044 0.070 11
12 0.807 0.050 0.048 0.077 12
13 0.617 0.682 0.042 0.067 13
14 0.081 0.947 0.048 0.077 14
15 0.879 0.520 0.048 0.077 15
16 0.802 0.500 0.043 0.068 16
17 0.272 0.637 0.048 0.077 17
18 0.076 0.333 0.048 0.077 18
19 0.807 0.607 0.044 0.070 19
20 0.382 0.293 0.040 0.063 20
21 0.548 0.467 0.044 0.070 21
22 0.422 0.327 0.043 0.068 22
24 0.575 0.860 0.046 0.073 24
25 0.033 0.462 0.041 0.065 25
27 0.536 0.307 0.048 0.077 27
28 0.291 0.842 0.048 0.077 28
29 0.541 0.173 0.043 0.068 29
30 0.664 0.448 0.048 0.077 30
31 0.968 0.460 0.044 0.070 31
32 0.954 0.180 0.045 0.072 32
33 0.694 0.327 0.045 0.072 33
34 0.469 0.507 0.048 0.077 34
35 0.968 0.087 0.042 0.067 35
36 0.641 0.308 0.046 0.073 36
37 0.381 0.363 0.043 0.068 37
38 0.496 0.462 0.042 0.067 38
39 0.805 0.978 0.046 0.073 39
40 0.561 0.360 0.044 0.070 40
41 0.392 0.985 0.045 0.072 41
42 0.771 0.935 0.045 0.072 42
43 0.621 0.192 0.045 0.072 43
44 0.897 0.932 0.034 0.055 44
45 0.578 0.245 0.037 0.060 45
46 0.141 0.008 0.046 0.073 46
47 0.009 0.043 0.048 0.077 47
48 0.956 0.067 0.037 0.060 48
49 0.493 0.317 0.035 0.057 49
