1 0.466 0.802 0.042 0.067 1
2 0.098 0.243 0.048 0.077 2
3 0.065 0.747 0.048 0.077 3
4 0.211 0.005 0.048 0.077 4
5 0.308 0.942 0.044 0.070 5
6 0.723 0.150 0.048 0.077 6
7 0.185 0.892 0.044 0.070 7
8 0.371 0.813 0.035 0.057 8
9 0.374 0.673 0.048 0.077 9
10 0.294 0.380 0.041 0.065 10
11 0.622 0.883 0.044 0.070 11
12 0.814 0.050 0.047 0.075 12
13 0.621 0.683 0.048 0.077 13
14 0.085 0.947 0.046 0.073 14
15 0.872 0.517 0.048 0.077 15
16 0.799 0.492 0.046 0.073 16
17 0.272 0.648 0.044 0.070 17
18 0.081 0.333 0.040 0.063 18
19 0.805 0.622 0.044 0.070 19
20 0.372 0.277 0.041 0.065 20
21 0.547 0.470 0.043 0.068 21
22 0.426 0.332 0.044 0.070 22
24 0.583 0.852 0.048 0.077 24
25 0.036 0.440 0.040 0.063 25
27 0.535 0.313 0.048 0.077 27
28 0.285 0.845 0.044 0.070 28
29 0.539 0.172 0.047 0.075 29
30 0.666 0.443 0.047 0.075 30
31 0.971 0.455 0.048 0.077 31
32 0.955 0.177 0.047 0.075 32
33 0.698 0.325 0.046 0.073 33
34 0.465 0.513 0.042 0.067 34
35 0.959 0.068 0.044 0.070 35
36 0.646 0.308 0.048 0.077 36
37 0.374 0.378 0.042 0.067 37
38 0.493 0.460 0.042 0.067 38
39 0.810 0.978 0.044 0.070 39
40 0.567 0.362 0.047 0.075 40
41 0.386 0.988 0.043 0.068 41
42 0.766 0.932 0.048 0.077 42
43 0.624 0.188 0.044 0.070 43
44 0.881 0.920 0.042 0.067 44
45 0.568 0.243 0.041 0.065 45
46 0.144 0.015 0.041 0.065 46
47 0.003 0.030 0.046 0.073 47
48 0.960 0.040 0.035 0.057 48
49 0.494 0.322 0.030 0.048 49
