1 0.467 0.802 0.041 0.065 1
2 0.098 0.223 0.042 0.067 2
3 0.065 0.748 0.048 0.077 3
4 0.210 0.003 0.046 0.073 4
5 0.308 0.942 0.045 0.072 5
6 0.722 0.150 0.048 0.077 6
7 0.185 0.888 0.041 0.065 7
8 0.377 0.813 0.048 0.077 8
9 0.376 0.673 0.046 0.073 9
10 0.295 0.382 0.048 0.077 10
11 0.622 0.883 0.043 0.068 11
12 0.814 0.052 0.048 0.077 12
13 0.620 0.680 0.045 0.072 13
14 0.083 0.947 0.047 0.075 14
15 0.873 0.517 0.046 0.073 15
16 0.797 0.492 0.044 0.070 16
17 0.274 0.655 0.048 0.077 17
18 0.082 0.333 0.042 0.067 18
19 0.806 0.625 0.045 0.072 19
20 0.371 0.275 0.042 0.067 20
21 0.547 0.468 0.044 0.070 21
22 0.426 0.333 0.045 0.072 22
24 0.588 0.848 0.048 0.077 24
25 0.034 0.435 0.036 0.058 25
27 0.540 0.310 0.047 0.075 27
28 0.286 0.842 0.046 0.073 28
29 0.539 0.168 0.044 0.070 29
30 0.666 0.442 0.048 0.077 30
31 0.973 0.457 0.046 0.073 31
32 0.954 0.177 0.045 0.072 32
33 0.700 0.328 0.046 0.073 33
34 0.465 0.513 0.042 0.067 34
35 0.958 0.070 0.045 0.072 35
36 0.646 0.312 0.045 0.072 36
37 0.373 0.377 0.044 0.070 37
38 0.490 0.467 0.048 0.077 38
39 0.811 0.980 0.042 0.067 39
40 0.567 0.365 0.048 0.077 40
41 0.386 0.988 0.048 0.077 41
42 0.758 0.933 0.047 0.075 42
43 0.624 0.188 0.044 0.070 43
44 0.882 0.915 0.036 0.058 44
45 0.568 0.242 0.040 0.063 45
46 0.146 0.015 0.040 0.063 46
47 0.000 0.037 0.048 0.077 47
48 0.960 0.040 0.036 0.058 48
49 0.494 0.322 0.030 0.048 49
