1 0.471 0.810 0.042 0.067 1
2 0.097 0.240 0.047 0.075 2
3 0.062 0.755 0.048 0.077 3
4 0.216 0.005 0.046 0.073 4
5 0.310 0.942 0.044 0.070 5
6 0.727 0.153 0.047 0.075 6
7 0.192 0.897 0.045 0.072 7
8 0.371 0.818 0.040 0.063 8
9 0.379 0.650 0.048 0.077 9
10 0.302 0.385 0.048 0.077 10
11 0.621 0.877 0.048 0.077 11
12 0.807 0.050 0.048 0.077 12
13 0.618 0.678 0.048 0.077 13
14 0.081 0.950 0.048 0.077 14
15 0.879 0.518 0.044 0.070 15
16 0.801 0.500 0.044 0.070 16
17 0.271 0.645 0.048 0.077 17
18 0.075 0.337 0.048 0.077 18
19 0.807 0.607 0.043 0.068 19
20 0.380 0.292 0.042 0.067 20
21 0.547 0.468 0.047 0.075 21
22 0.421 0.323 0.048 0.077 22
24 0.575 0.862 0.048 0.077 24
25 0.034 0.460 0.041 0.065 25
27 0.536 0.307 0.048 0.077 27
28 0.287 0.845 0.042 0.067 28
29 0.540 0.175 0.044 0.070 29
30 0.665 0.447 0.047 0.075 30
31 0.967 0.463 0.048 0.077 31
32 0.956 0.180 0.047 0.075 32
33 0.695 0.328 0.048 0.077 33
34 0.466 0.507 0.048 0.077 34
35 0.965 0.083 0.044 0.070 35
36 0.643 0.310 0.044 0.070 36
37 0.379 0.365 0.042 0.067 37
38 0.495 0.463 0.042 0.067 38
39 0.806 0.978 0.048 0.077 39
40 0.562 0.362 0.044 0.070 40
41 0.389 0.983 0.042 0.067 41
42 0.770 0.937 0.047 0.075 42
43 0.621 0.192 0.045 0.072 43
44 0.894 0.930 0.037 0.060 44
45 0.576 0.240 0.036 0.058 45
46 0.139 0.017 0.042 0.067 46
47 0.010 0.040 0.042 0.067 47
48 0.957 0.063 0.036 0.058 48
49 0.493 0.320 0.031 0.050 49
