1 0.470 0.807 0.042 0.067 1
2 0.098 0.238 0.048 0.077 2
3 0.064 0.755 0.048 0.077 3
4 0.214 0.000 0.042 0.067 4
5 0.308 0.942 0.044 0.070 5
6 0.726 0.153 0.046 0.073 6
7 0.191 0.897 0.046 0.073 7
8 0.372 0.818 0.041 0.065 8
9 0.376 0.653 0.048 0.077 9
10 0.299 0.378 0.042 0.067 10
11 0.624 0.875 0.048 0.077 11
12 0.809 0.050 0.048 0.077 12
13 0.617 0.680 0.045 0.072 13
14 0.081 0.948 0.048 0.077 14
15 0.879 0.517 0.048 0.077 15
16 0.800 0.503 0.048 0.077 16
17 0.272 0.643 0.048 0.077 17
18 0.078 0.332 0.044 0.070 18
19 0.807 0.612 0.044 0.070 19
20 0.381 0.285 0.041 0.065 20
21 0.548 0.467 0.045 0.072 21
22 0.422 0.328 0.046 0.073 22
24 0.577 0.858 0.047 0.075 24
25 0.039 0.453 0.041 0.065 25
27 0.536 0.307 0.048 0.077 27
28 0.290 0.848 0.048 0.077 28
29 0.540 0.175 0.046 0.073 29
30 0.666 0.443 0.046 0.073 30
31 0.970 0.460 0.048 0.077 31
32 0.955 0.182 0.044 0.070 32
33 0.694 0.327 0.046 0.073 33
34 0.468 0.512 0.042 0.067 34
35 0.965 0.077 0.041 0.065 35
36 0.642 0.305 0.048 0.077 36
37 0.379 0.368 0.041 0.065 37
38 0.495 0.460 0.036 0.058 38
39 0.807 0.980 0.048 0.077 39
40 0.564 0.365 0.048 0.077 40
41 0.390 0.987 0.048 0.077 41
42 0.770 0.937 0.048 0.077 42
43 0.621 0.192 0.045 0.072 43
44 0.894 0.925 0.035 0.057 44
45 0.574 0.242 0.041 0.065 45
46 0.149 0.000 0.048 0.077 46
47 0.008 0.040 0.044 0.070 47
48 0.958 0.058 0.036 0.058 48
49 0.493 0.322 0.032 0.052 49
