1 0.470 0.790 0.042 0.067 1
2 0.094 0.243 0.048 0.077 2
3 0.062 0.750 0.048 0.077 3
4 0.208 0.023 0.044 0.070 4
5 0.305 0.940 0.046 0.073 5
6 0.722 0.158 0.048 0.077 6
7 0.181 0.895 0.042 0.067 7
8 0.371 0.808 0.037 0.060 8
9 0.389 0.685 0.048 0.077 9
10 0.294 0.400 0.033 0.053 10
11 0.622 0.878 0.048 0.077 11
12 0.816 0.063 0.045 0.072 12
13 0.618 0.675 0.047 0.075 13
14 0.079 0.948 0.048 0.077 14
15 0.869 0.525 0.048 0.077 15
16 0.793 0.495 0.045 0.072 16
17 0.273 0.658 0.048 0.077 17
18 0.078 0.337 0.044 0.070 18
19 0.796 0.638 0.044 0.070 19
20 0.355 0.278 0.037 0.060 20
21 0.547 0.465 0.045 0.072 21
22 0.429 0.327 0.044 0.070 22
24 0.592 0.837 0.048 0.077 24
25 0.025 0.423 0.041 0.065 25
27 0.540 0.320 0.048 0.077 27
28 0.284 0.833 0.047 0.075 28
29 0.542 0.165 0.048 0.077 29
30 0.670 0.445 0.046 0.073 30
31 0.976 0.450 0.046 0.073 31
32 0.953 0.178 0.048 0.077 32
33 0.700 0.327 0.048 0.077 33
34 0.459 0.508 0.044 0.070 34
35 0.947 0.068 0.047 0.075 35
36 0.645 0.320 0.046 0.073 36
37 0.374 0.400 0.042 0.067 37
38 0.490 0.457 0.042 0.067 38
39 0.807 0.980 0.044 0.070 39
40 0.573 0.357 0.036 0.058 40
41 0.383 0.983 0.044 0.070 41
42 0.767 0.942 0.045 0.072 42
43 0.625 0.180 0.044 0.070 43
44 0.868 0.923 0.042 0.067 44
45 0.560 0.253 0.040 0.063 45
46 0.140 0.010 0.036 0.058 46
47 0.001 0.038 0.034 0.055 47
48 0.956 0.018 0.035 0.057 48
49 0.493 0.322 0.030 0.048 49
