1 0.467 0.798 0.042 0.067 1
2 0.101 0.228 0.048 0.077 2
3 0.062 0.750 0.048 0.077 3
4 0.211 0.003 0.048 0.077 4
5 0.305 0.938 0.048 0.077 5
6 0.721 0.152 0.048 0.077 6
7 0.186 0.893 0.045 0.072 7
8 0.372 0.813 0.041 0.065 8
9 0.374 0.680 0.048 0.077 9
10 0.292 0.385 0.040 0.063 10
11 0.620 0.880 0.043 0.068 11
12 0.815 0.050 0.048 0.077 12
13 0.620 0.680 0.044 0.070 13
14 0.078 0.943 0.048 0.077 14
15 0.870 0.517 0.045 0.072 15
16 0.799 0.492 0.046 0.073 16
17 0.269 0.655 0.044 0.070 17
18 0.080 0.335 0.043 0.068 18
19 0.804 0.628 0.044 0.070 19
20 0.370 0.275 0.041 0.065 20
21 0.547 0.468 0.045 0.072 21
22 0.426 0.335 0.048 0.077 22
24 0.584 0.850 0.047 0.075 24
25 0.036 0.435 0.042 0.067 25
27 0.540 0.312 0.048 0.077 27
28 0.285 0.842 0.048 0.077 28
29 0.540 0.165 0.042 0.067 29
30 0.667 0.443 0.047 0.075 30
31 0.972 0.453 0.047 0.075 31
32 0.955 0.177 0.047 0.075 32
33 0.698 0.327 0.046 0.073 33
34 0.460 0.510 0.048 0.077 34
35 0.957 0.067 0.045 0.072 35
36 0.646 0.312 0.048 0.077 36
37 0.374 0.382 0.041 0.065 37
38 0.492 0.460 0.035 0.057 38
39 0.809 0.982 0.045 0.072 39
40 0.567 0.362 0.048 0.077 40
41 0.385 0.988 0.048 0.077 41
42 0.758 0.925 0.035 0.057 42
43 0.623 0.185 0.041 0.065 43
44 0.881 0.913 0.035 0.057 44
45 0.567 0.247 0.041 0.065 45
46 0.146 0.017 0.035 0.057 46
47 0.000 0.030 0.044 0.070 47
48 0.961 0.038 0.035 0.057 48
49 0.492 0.320 0.033 0.053 49
