1 0.470 0.792 0.042 0.067 1
2 0.094 0.240 0.048 0.077 2
3 0.062 0.747 0.048 0.077 3
4 0.208 0.022 0.044 0.070 4
5 0.305 0.938 0.044 0.070 5
6 0.721 0.160 0.046 0.073 6
7 0.182 0.895 0.044 0.070 7
8 0.371 0.808 0.040 0.063 8
9 0.385 0.690 0.046 0.073 9
10 0.295 0.400 0.033 0.053 10
11 0.619 0.885 0.048 0.077 11
12 0.817 0.062 0.045 0.072 12
13 0.619 0.675 0.046 0.073 13
14 0.076 0.945 0.044 0.070 14
15 0.874 0.525 0.048 0.077 15
16 0.792 0.495 0.043 0.068 16
17 0.274 0.655 0.048 0.077 17
18 0.074 0.335 0.048 0.077 18
19 0.796 0.637 0.044 0.070 19
20 0.356 0.277 0.040 0.063 20
21 0.545 0.465 0.042 0.067 21
22 0.428 0.322 0.048 0.077 22
24 0.591 0.835 0.046 0.073 24
25 0.026 0.423 0.041 0.065 25
27 0.540 0.317 0.048 0.077 27
28 0.287 0.830 0.044 0.070 28
29 0.541 0.165 0.048 0.077 29
30 0.669 0.443 0.046 0.073 30
31 0.974 0.452 0.046 0.073 31
32 0.955 0.178 0.047 0.075 32
33 0.702 0.328 0.045 0.072 33
34 0.459 0.508 0.043 0.068 34
35 0.949 0.068 0.048 0.077 35
36 0.643 0.317 0.046 0.073 36
37 0.374 0.400 0.042 0.067 37
38 0.490 0.455 0.040 0.063 38
39 0.807 0.982 0.044 0.070 39
40 0.573 0.357 0.041 0.065 40
41 0.384 0.980 0.044 0.070 41
42 0.766 0.947 0.048 0.077 42
43 0.626 0.180 0.044 0.070 43
44 0.871 0.918 0.035 0.057 44
45 0.560 0.253 0.041 0.065 45
46 0.141 0.000 0.047 0.075 46
47 0.001 0.038 0.034 0.055 47
48 0.958 0.018 0.037 0.060 48
49 0.494 0.322 0.030 0.048 49
