1 0.467 0.798 0.042 0.067 1
2 0.100 0.225 0.048 0.077 2
3 0.062 0.750 0.048 0.077 3
4 0.210 0.010 0.045 0.072 4
5 0.309 0.945 0.048 0.077 5
6 0.723 0.157 0.048 0.077 6
7 0.186 0.892 0.047 0.075 7
8 0.374 0.810 0.041 0.065 8
9 0.381 0.682 0.048 0.077 9
10 0.292 0.388 0.037 0.060 10
11 0.620 0.877 0.048 0.077 11
12 0.815 0.052 0.048 0.077 12
13 0.619 0.680 0.046 0.073 13
14 0.085 0.948 0.048 0.077 14
15 0.875 0.525 0.048 0.077 15
16 0.795 0.495 0.048 0.077 16
17 0.271 0.653 0.042 0.067 17
18 0.079 0.337 0.042 0.067 18
19 0.804 0.632 0.042 0.067 19
20 0.367 0.268 0.042 0.067 20
21 0.546 0.468 0.042 0.067 21
22 0.428 0.332 0.045 0.072 22
24 0.586 0.848 0.048 0.077 24
25 0.031 0.428 0.048 0.077 25
27 0.540 0.313 0.048 0.077 27
28 0.286 0.840 0.048 0.077 28
29 0.540 0.167 0.045 0.072 29
30 0.660 0.447 0.048 0.077 30
31 0.974 0.460 0.048 0.077 31
32 0.955 0.178 0.048 0.077 32
33 0.700 0.327 0.044 0.070 33
34 0.463 0.515 0.041 0.065 34
35 0.954 0.063 0.048 0.077 35
36 0.648 0.317 0.045 0.072 36
37 0.373 0.385 0.041 0.065 37
38 0.492 0.458 0.041 0.065 38
39 0.809 0.982 0.044 0.070 39
40 0.571 0.362 0.043 0.068 40
41 0.385 0.988 0.045 0.072 41
42 0.759 0.927 0.041 0.065 42
43 0.623 0.182 0.047 0.075 43
44 0.879 0.920 0.042 0.067 44
45 0.566 0.245 0.040 0.063 45
46 0.141 0.000 0.044 0.070 46
47 0.000 0.033 0.042 0.067 47
48 0.959 0.035 0.036 0.058 48
49 0.494 0.322 0.029 0.047 49
