1 0.467 0.802 0.043 0.068 1
2 0.100 0.223 0.044 0.070 2
3 0.062 0.750 0.048 0.077 3
4 0.215 0.013 0.032 0.052 4
5 0.309 0.945 0.048 0.077 5
6 0.720 0.155 0.047 0.075 6
7 0.186 0.892 0.044 0.070 7
8 0.373 0.812 0.036 0.058 8
9 0.377 0.677 0.045 0.072 9
10 0.291 0.383 0.042 0.067 10
11 0.620 0.882 0.046 0.073 11
12 0.816 0.050 0.048 0.077 12
13 0.621 0.682 0.047 0.075 13
14 0.084 0.945 0.046 0.073 14
15 0.871 0.517 0.047 0.075 15
16 0.798 0.492 0.042 0.067 16
17 0.271 0.653 0.045 0.072 17
18 0.080 0.335 0.043 0.068 18
19 0.804 0.628 0.043 0.068 19
20 0.369 0.272 0.037 0.060 20
21 0.547 0.468 0.044 0.070 21
22 0.426 0.332 0.045 0.072 22
24 0.584 0.852 0.044 0.070 24
25 0.034 0.437 0.040 0.063 25
27 0.540 0.308 0.048 0.077 27
28 0.285 0.842 0.047 0.075 28
29 0.540 0.168 0.044 0.070 29
30 0.666 0.443 0.047 0.075 30
31 0.967 0.452 0.048 0.077 31
32 0.954 0.177 0.045 0.072 32
33 0.699 0.325 0.044 0.070 33
34 0.463 0.512 0.044 0.070 34
35 0.957 0.070 0.048 0.077 35
36 0.648 0.313 0.044 0.070 36
37 0.374 0.380 0.041 0.065 37
38 0.493 0.460 0.042 0.067 38
39 0.809 0.980 0.045 0.072 39
40 0.571 0.360 0.041 0.065 40
41 0.390 0.987 0.048 0.077 41
42 0.760 0.928 0.042 0.067 42
43 0.624 0.188 0.044 0.070 43
44 0.883 0.917 0.035 0.057 44
45 0.567 0.245 0.041 0.065 45
46 0.142 0.000 0.048 0.077 46
47 0.000 0.032 0.046 0.073 47
48 0.961 0.038 0.035 0.057 48
49 0.494 0.318 0.035 0.057 49
