1 0.467 0.800 0.043 0.068 1
2 0.103 0.225 0.042 0.067 2
3 0.065 0.747 0.048 0.077 3
4 0.211 0.012 0.042 0.067 4
5 0.309 0.945 0.048 0.077 5
6 0.721 0.152 0.047 0.075 6
7 0.186 0.890 0.045 0.072 7
8 0.373 0.812 0.041 0.065 8
9 0.378 0.682 0.042 0.067 9
10 0.291 0.387 0.042 0.067 10
11 0.617 0.880 0.048 0.077 11
12 0.815 0.052 0.047 0.075 12
13 0.619 0.682 0.044 0.070 13
14 0.085 0.942 0.048 0.077 14
15 0.871 0.518 0.043 0.068 15
16 0.798 0.492 0.044 0.070 16
17 0.273 0.657 0.048 0.077 17
18 0.077 0.333 0.048 0.077 18
19 0.803 0.630 0.044 0.070 19
20 0.369 0.273 0.040 0.063 20
21 0.543 0.468 0.048 0.077 21
22 0.427 0.333 0.045 0.072 22
24 0.586 0.848 0.047 0.075 24
25 0.034 0.435 0.041 0.065 25
27 0.540 0.312 0.048 0.077 27
28 0.285 0.840 0.046 0.073 28
29 0.541 0.163 0.048 0.077 29
30 0.667 0.443 0.047 0.075 30
31 0.974 0.460 0.048 0.077 31
32 0.954 0.177 0.046 0.073 32
33 0.697 0.323 0.048 0.077 33
34 0.467 0.515 0.046 0.073 34
35 0.955 0.063 0.044 0.070 35
36 0.647 0.313 0.044 0.070 36
37 0.373 0.383 0.041 0.065 37
38 0.492 0.458 0.041 0.065 38
39 0.807 0.982 0.048 0.077 39
40 0.571 0.362 0.041 0.065 40
41 0.389 0.990 0.048 0.077 41
42 0.757 0.932 0.047 0.075 42
43 0.625 0.190 0.046 0.073 43
44 0.880 0.915 0.036 0.058 44
45 0.566 0.245 0.041 0.065 45
46 0.141 0.000 0.044 0.070 46
47 0.000 0.038 0.035 0.057 47
48 0.961 0.035 0.036 0.058 48
49 0.494 0.322 0.029 0.047 49
