1 0.466 0.797 0.042 0.067 1
2 0.101 0.227 0.048 0.077 2
3 0.066 0.747 0.048 0.077 3
4 0.209 0.012 0.044 0.070 4
5 0.306 0.942 0.045 0.072 5
6 0.723 0.158 0.048 0.077 6
7 0.184 0.890 0.044 0.070 7
8 0.373 0.810 0.037 0.060 8
9 0.380 0.682 0.046 0.073 9
10 0.292 0.390 0.040 0.063 10
11 0.620 0.883 0.044 0.070 11
12 0.815 0.055 0.046 0.073 12
13 0.618 0.678 0.046 0.073 13
14 0.089 0.943 0.045 0.072 14
15 0.869 0.518 0.045 0.072 15
16 0.795 0.490 0.048 0.077 16
17 0.271 0.655 0.044 0.070 17
18 0.079 0.337 0.043 0.068 18
19 0.801 0.633 0.042 0.067 19
20 0.365 0.273 0.041 0.065 20
21 0.543 0.467 0.047 0.075 21
22 0.432 0.325 0.048 0.077 22
24 0.588 0.847 0.047 0.075 24
25 0.032 0.428 0.037 0.060 25
27 0.540 0.313 0.047 0.075 27
28 0.286 0.842 0.048 0.077 28
29 0.540 0.167 0.046 0.073 29
30 0.668 0.443 0.046 0.073 30
31 0.975 0.458 0.048 0.077 31
32 0.955 0.177 0.047 0.075 32
33 0.700 0.327 0.044 0.070 33
34 0.464 0.508 0.048 0.077 34
35 0.954 0.065 0.046 0.073 35
36 0.647 0.315 0.046 0.073 36
37 0.374 0.387 0.041 0.065 37
38 0.492 0.458 0.041 0.065 38
39 0.809 0.983 0.045 0.072 39
40 0.568 0.362 0.048 0.077 40
41 0.388 0.988 0.048 0.077 41
42 0.759 0.925 0.041 0.065 42
43 0.625 0.187 0.044 0.070 43
44 0.879 0.917 0.035 0.057 44
45 0.565 0.248 0.042 0.067 45
46 0.145 0.013 0.044 0.070 46
47 0.000 0.043 0.037 0.060 47
48 0.960 0.032 0.035 0.057 48
49 0.493 0.323 0.029 0.047 49
