1 0.467 0.803 0.042 0.067 1
2 0.099 0.243 0.047 0.075 2
3 0.064 0.748 0.048 0.077 3
4 0.211 0.000 0.047 0.075 4
5 0.307 0.943 0.044 0.070 5
6 0.722 0.150 0.048 0.077 6
7 0.189 0.893 0.044 0.070 7
8 0.374 0.813 0.041 0.065 8
9 0.372 0.670 0.048 0.077 9
10 0.295 0.377 0.041 0.065 10
11 0.621 0.882 0.046 0.073 11
12 0.815 0.052 0.046 0.073 12
13 0.621 0.683 0.048 0.077 13
14 0.083 0.950 0.048 0.077 14
15 0.874 0.518 0.048 0.077 15
16 0.798 0.492 0.043 0.068 16
17 0.272 0.647 0.044 0.070 17
18 0.075 0.333 0.046 0.073 18
19 0.806 0.623 0.044 0.070 19
20 0.373 0.275 0.040 0.063 20
21 0.547 0.468 0.042 0.067 21
22 0.423 0.333 0.048 0.077 22
24 0.583 0.852 0.046 0.073 24
25 0.036 0.438 0.036 0.058 25
27 0.540 0.310 0.048 0.077 27
28 0.289 0.838 0.048 0.077 28
29 0.540 0.168 0.044 0.070 29
30 0.665 0.445 0.048 0.077 30
31 0.973 0.457 0.046 0.073 31
32 0.953 0.177 0.048 0.077 32
33 0.699 0.328 0.042 0.067 33
34 0.461 0.513 0.048 0.077 34
35 0.959 0.068 0.043 0.068 35
36 0.647 0.310 0.044 0.070 36
37 0.375 0.377 0.042 0.067 37
38 0.493 0.465 0.040 0.063 38
39 0.810 0.977 0.042 0.067 39
40 0.568 0.358 0.044 0.070 40
41 0.388 0.988 0.048 0.077 41
42 0.769 0.942 0.044 0.070 42
43 0.623 0.187 0.044 0.070 43
44 0.884 0.915 0.036 0.058 44
45 0.569 0.242 0.040 0.063 45
46 0.143 0.013 0.044 0.070 46
47 0.000 0.035 0.047 0.075 47
48 0.961 0.045 0.040 0.063 48
49 0.494 0.322 0.030 0.048 49
