1 0.467 0.793 0.041 0.065 1
2 0.094 0.245 0.048 0.077 2
3 0.062 0.748 0.048 0.077 3
4 0.209 0.015 0.044 0.070 4
5 0.306 0.940 0.045 0.072 5
6 0.720 0.155 0.046 0.073 6
7 0.184 0.892 0.044 0.070 7
8 0.373 0.812 0.042 0.067 8
9 0.383 0.687 0.042 0.067 9
10 0.293 0.395 0.040 0.063 10
11 0.620 0.883 0.044 0.070 11
12 0.817 0.057 0.048 0.077 12
13 0.618 0.677 0.048 0.077 13
14 0.078 0.947 0.046 0.073 14
15 0.869 0.522 0.046 0.073 15
16 0.793 0.493 0.042 0.067 16
17 0.271 0.652 0.048 0.077 17
18 0.075 0.337 0.048 0.077 18
19 0.800 0.633 0.045 0.072 19
20 0.360 0.272 0.040 0.063 20
21 0.546 0.467 0.043 0.068 21
22 0.428 0.330 0.044 0.070 22
24 0.589 0.842 0.047 0.075 24
25 0.030 0.427 0.040 0.063 25
27 0.541 0.315 0.048 0.077 27
28 0.286 0.835 0.046 0.073 28
29 0.543 0.168 0.042 0.067 29
30 0.667 0.443 0.047 0.075 30
31 0.973 0.453 0.048 0.077 31
32 0.953 0.175 0.044 0.070 32
33 0.702 0.327 0.044 0.070 33
34 0.460 0.512 0.043 0.068 34
35 0.951 0.065 0.045 0.072 35
36 0.648 0.317 0.048 0.077 36
37 0.374 0.390 0.048 0.077 37
38 0.494 0.460 0.048 0.077 38
39 0.808 0.982 0.045 0.072 39
40 0.571 0.363 0.036 0.058 40
41 0.382 0.988 0.048 0.077 41
42 0.769 0.943 0.048 0.077 42
43 0.626 0.185 0.044 0.070 43
44 0.874 0.915 0.036 0.058 44
45 0.561 0.248 0.041 0.065 45
46 0.146 0.013 0.042 0.067 46
47 0.000 0.038 0.034 0.055 47
48 0.959 0.027 0.036 0.058 48
49 0.503 0.313 0.048 0.077 49
