1 0.468 0.807 0.042 0.067 1
2 0.099 0.242 0.048 0.077 2
3 0.064 0.750 0.048 0.077 3
4 0.212 0.000 0.045 0.072 4
5 0.310 0.940 0.044 0.070 5
6 0.725 0.150 0.048 0.077 6
7 0.190 0.895 0.044 0.070 7
8 0.374 0.817 0.040 0.063 8
9 0.374 0.658 0.048 0.077 9
10 0.299 0.377 0.043 0.068 10
11 0.620 0.885 0.042 0.067 11
12 0.812 0.048 0.046 0.073 12
13 0.618 0.687 0.048 0.077 13
14 0.082 0.947 0.048 0.077 14
15 0.876 0.518 0.048 0.077 15
16 0.801 0.498 0.047 0.075 16
17 0.273 0.647 0.046 0.073 17
18 0.080 0.330 0.044 0.070 18
19 0.807 0.617 0.044 0.070 19
20 0.378 0.280 0.037 0.060 20
21 0.549 0.470 0.046 0.073 21
22 0.423 0.330 0.045 0.072 22
24 0.580 0.855 0.046 0.073 24
25 0.036 0.450 0.041 0.065 25
27 0.537 0.310 0.048 0.077 27
28 0.290 0.848 0.048 0.077 28
29 0.542 0.168 0.040 0.063 29
30 0.668 0.443 0.048 0.077 30
31 0.970 0.462 0.048 0.077 31
32 0.955 0.177 0.046 0.073 32
33 0.696 0.327 0.045 0.072 33
34 0.467 0.513 0.042 0.067 34
35 0.959 0.070 0.048 0.077 35
36 0.645 0.308 0.046 0.073 36
37 0.377 0.365 0.048 0.077 37
38 0.493 0.465 0.044 0.070 38
39 0.809 0.980 0.046 0.073 39
40 0.562 0.362 0.048 0.077 40
41 0.390 0.987 0.046 0.073 41
42 0.770 0.938 0.048 0.077 42
43 0.623 0.188 0.044 0.070 43
44 0.890 0.922 0.035 0.057 44
45 0.572 0.240 0.040 0.063 45
46 0.141 0.010 0.044 0.070 46
47 0.005 0.038 0.044 0.070 47
48 0.958 0.048 0.033 0.053 48
49 0.493 0.322 0.031 0.050 49
