1 0.470 0.810 0.041 0.065 1
2 0.096 0.252 0.037 0.060 2
3 0.062 0.753 0.048 0.077 3
4 0.214 0.000 0.042 0.067 4
5 0.310 0.943 0.047 0.075 5
6 0.727 0.150 0.048 0.077 6
7 0.192 0.898 0.048 0.077 7
8 0.373 0.817 0.037 0.060 8
9 0.376 0.657 0.048 0.077 9
10 0.299 0.378 0.040 0.063 10
11 0.622 0.878 0.048 0.077 11
12 0.806 0.047 0.048 0.077 12
13 0.617 0.687 0.048 0.077 13
14 0.080 0.950 0.047 0.075 14
15 0.878 0.515 0.044 0.070 15
16 0.801 0.497 0.042 0.067 16
17 0.273 0.648 0.048 0.077 17
18 0.082 0.332 0.041 0.065 18
19 0.807 0.612 0.043 0.068 19
20 0.380 0.283 0.040 0.063 20
21 0.544 0.467 0.035 0.057 21
22 0.422 0.330 0.046 0.073 22
24 0.577 0.860 0.047 0.075 24
25 0.039 0.452 0.040 0.063 25
27 0.536 0.308 0.047 0.075 27
28 0.289 0.845 0.044 0.070 28
29 0.539 0.172 0.044 0.070 29
30 0.664 0.445 0.048 0.077 30
31 0.970 0.460 0.045 0.072 31
32 0.956 0.178 0.047 0.075 32
33 0.697 0.323 0.043 0.068 33
34 0.472 0.512 0.048 0.077 34
35 0.961 0.072 0.048 0.077 35
36 0.643 0.307 0.047 0.075 36
37 0.378 0.367 0.042 0.067 37
38 0.495 0.462 0.041 0.065 38
39 0.809 0.977 0.044 0.070 39
40 0.564 0.352 0.042 0.067 40
41 0.392 0.987 0.048 0.077 41
42 0.770 0.935 0.048 0.077 42
43 0.621 0.190 0.045 0.072 43
44 0.892 0.923 0.032 0.052 44
45 0.575 0.238 0.041 0.065 45
46 0.147 0.000 0.045 0.072 46
47 0.008 0.040 0.044 0.070 47
48 0.957 0.048 0.028 0.045 48
49 0.493 0.322 0.030 0.048 49
