1 0.381 0.153 0.036 0.058 1
2 0.122 0.968 0.044 0.070 2
3 0.329 0.838 0.042 0.067 3
4 0.781 0.473 0.037 0.060 4
5 0.805 0.280 0.041 0.065 5
6 0.780 0.393 0.042 0.067 6
7 0.355 0.372 0.041 0.065 7
8 0.750 0.273 0.035 0.057 8
9 0.495 0.648 0.040 0.063 9
10 0.302 0.823 0.037 0.060 10
11 0.206 0.755 0.040 0.063 11
12 0.657 0.108 0.034 0.055 12
13 0.840 0.098 0.042 0.067 13
14 0.059 0.622 0.041 0.065 14
15 0.689 0.653 0.042 0.067 15
16 0.925 0.735 0.035 0.057 16
17 0.872 0.148 0.036 0.058 17
18 0.120 0.772 0.042 0.067 18
19 0.230 0.647 0.037 0.060 19
20 0.291 0.000 0.044 0.070 20
21 0.156 0.062 0.035 0.057 21
22 0.008 0.368 0.042 0.067 22
24 0.008 0.548 0.036 0.058 24
25 0.523 0.115 0.033 0.053 25
26 0.799 0.087 0.034 0.055 26
27 0.989 0.573 0.041 0.065 27
28 0.542 0.463 0.037 0.060 28
29 0.822 0.068 0.032 0.052 29
