1 0.381 0.152 0.037 0.060 1
2 0.121 0.967 0.042 0.067 2
3 0.324 0.835 0.040 0.063 3
4 0.782 0.473 0.042 0.067 4
5 0.804 0.278 0.042 0.067 5
6 0.778 0.392 0.040 0.063 6
7 0.355 0.373 0.041 0.065 7
8 0.751 0.277 0.042 0.067 8
9 0.495 0.647 0.036 0.058 9
10 0.301 0.825 0.040 0.063 10
11 0.205 0.758 0.035 0.057 11
12 0.658 0.110 0.035 0.057 12
13 0.838 0.098 0.037 0.060 13
14 0.059 0.625 0.036 0.058 14
15 0.686 0.653 0.040 0.063 15
16 0.926 0.737 0.036 0.058 16
17 0.873 0.147 0.036 0.058 17
18 0.118 0.773 0.042 0.067 18
19 0.233 0.647 0.037 0.060 19
20 0.287 0.000 0.041 0.065 20
21 0.156 0.062 0.034 0.055 21
22 0.010 0.368 0.037 0.060 22
24 0.008 0.548 0.036 0.058 24
25 0.523 0.105 0.048 0.077 25
26 0.802 0.083 0.030 0.048 26
27 0.988 0.575 0.042 0.067 27
28 0.542 0.460 0.035 0.057 28
29 0.822 0.067 0.035 0.057 29
