1 0.376 0.163 0.042 0.067 1
2 0.125 0.977 0.044 0.070 2
3 0.318 0.842 0.044 0.070 3
4 0.782 0.465 0.040 0.063 4
5 0.807 0.288 0.042 0.067 5
6 0.783 0.403 0.043 0.068 6
7 0.358 0.382 0.040 0.063 7
8 0.746 0.272 0.037 0.060 8
9 0.492 0.658 0.036 0.058 9
10 0.309 0.823 0.043 0.068 10
11 0.215 0.755 0.036 0.058 11
12 0.651 0.100 0.035 0.057 12
13 0.835 0.092 0.045 0.072 13
14 0.058 0.613 0.040 0.063 14
15 0.696 0.653 0.040 0.063 15
16 0.928 0.723 0.036 0.058 16
17 0.864 0.138 0.041 0.065 17
18 0.114 0.775 0.041 0.065 18
19 0.227 0.638 0.040 0.063 19
20 0.290 0.000 0.041 0.065 20
21 0.144 0.062 0.035 0.057 21
22 0.010 0.367 0.042 0.067 22
24 0.000 0.550 0.035 0.057 24
25 0.527 0.103 0.034 0.055 25
26 0.803 0.097 0.048 0.077 26
27 0.993 0.568 0.037 0.060 27
28 0.536 0.467 0.035 0.057 28
29 0.826 0.053 0.032 0.052 29
