1 0.379 0.160 0.034 0.055 1
2 0.124 0.973 0.041 0.065 2
3 0.321 0.838 0.042 0.067 3
4 0.781 0.467 0.035 0.057 4
5 0.808 0.285 0.037 0.060 5
6 0.781 0.402 0.042 0.067 6
7 0.358 0.377 0.036 0.058 7
8 0.748 0.272 0.040 0.063 8
9 0.494 0.657 0.037 0.060 9
10 0.306 0.822 0.040 0.063 10
11 0.211 0.757 0.041 0.065 11
12 0.651 0.105 0.034 0.055 12
13 0.838 0.097 0.040 0.063 13
14 0.058 0.615 0.041 0.065 14
15 0.694 0.650 0.040 0.063 15
16 0.927 0.730 0.040 0.063 16
17 0.866 0.142 0.037 0.060 17
18 0.116 0.773 0.042 0.067 18
19 0.230 0.640 0.037 0.060 19
20 0.287 0.000 0.042 0.067 20
21 0.148 0.062 0.034 0.055 21
22 0.009 0.363 0.042 0.067 22
24 0.000 0.553 0.041 0.065 24
25 0.525 0.108 0.035 0.057 25
26 0.803 0.097 0.032 0.052 26
27 0.993 0.568 0.040 0.063 27
28 0.537 0.465 0.035 0.057 28
29 0.824 0.057 0.032 0.052 29
