1 0.380 0.165 0.040 0.063 1
2 0.125 0.975 0.044 0.070 2
3 0.319 0.840 0.043 0.068 3
4 0.783 0.467 0.041 0.065 4
5 0.807 0.287 0.041 0.065 5
6 0.781 0.403 0.042 0.067 6
7 0.357 0.378 0.041 0.065 7
8 0.747 0.273 0.036 0.058 8
9 0.492 0.658 0.040 0.063 9
10 0.307 0.822 0.042 0.067 10
11 0.215 0.750 0.042 0.067 11
12 0.650 0.102 0.034 0.055 12
13 0.838 0.095 0.041 0.065 13
14 0.058 0.615 0.043 0.068 14
15 0.694 0.653 0.041 0.065 15
16 0.928 0.728 0.042 0.067 16
17 0.866 0.140 0.036 0.058 17
18 0.115 0.775 0.042 0.067 18
19 0.228 0.642 0.041 0.065 19
20 0.291 0.000 0.040 0.063 20
21 0.146 0.062 0.037 0.060 21
22 0.009 0.363 0.043 0.068 22
24 0.000 0.553 0.034 0.055 24
25 0.524 0.107 0.034 0.055 25
26 0.803 0.093 0.043 0.068 26
27 0.993 0.570 0.040 0.063 27
28 0.537 0.467 0.035 0.057 28
29 0.825 0.055 0.032 0.052 29
