1 0.380 0.168 0.042 0.067 1
2 0.125 0.973 0.040 0.063 2
3 0.317 0.845 0.042 0.067 3
4 0.781 0.463 0.037 0.060 4
5 0.807 0.287 0.040 0.063 5
6 0.783 0.403 0.042 0.067 6
7 0.357 0.383 0.040 0.063 7
8 0.747 0.270 0.040 0.063 8
9 0.493 0.657 0.035 0.057 9
10 0.308 0.822 0.041 0.065 10
11 0.215 0.755 0.035 0.057 11
12 0.651 0.102 0.032 0.052 12
13 0.838 0.093 0.040 0.063 13
14 0.057 0.617 0.041 0.065 14
15 0.696 0.653 0.040 0.063 15
16 0.927 0.727 0.040 0.063 16
17 0.864 0.138 0.040 0.063 17
18 0.114 0.778 0.043 0.068 18
19 0.228 0.638 0.037 0.060 19
20 0.290 0.000 0.041 0.065 20
21 0.143 0.060 0.036 0.058 21
22 0.013 0.363 0.040 0.063 22
24 0.000 0.553 0.034 0.055 24
25 0.528 0.102 0.042 0.067 25
26 0.799 0.098 0.035 0.057 26
27 0.995 0.570 0.042 0.067 27
28 0.536 0.467 0.035 0.057 28
29 0.826 0.055 0.040 0.063 29
