1 0.947 0.502 0.041 0.065 1
2 0.523 0.098 0.048 0.077 2
3 0.505 0.117 0.044 0.070 3
4 0.683 0.073 0.044 0.070 4
6 0.664 0.132 0.044 0.070 6
7 0.131 0.518 0.048 0.077 7
8 0.327 0.487 0.048 0.077 8
9 0.422 0.700 0.048 0.077 9
11 0.627 0.007 0.048 0.077 11
13 0.177 0.778 0.044 0.070 13
14 0.314 0.803 0.047 0.075 14
15 0.580 0.180 0.048 0.077 15
18 0.397 0.077 0.048 0.077 18
19 0.672 0.098 0.048 0.077 19
20 0.776 0.385 0.048 0.077 20
21 0.695 0.227 0.046 0.073 21
22 0.294 0.803 0.048 0.077 22
23 0.773 0.040 0.048 0.077 23
29 0.986 0.837 0.036 0.058 29
30 0.711 0.192 0.037 0.060 30
