1 0.943 0.507 0.042 0.067 1
2 0.522 0.087 0.048 0.077 2
3 0.508 0.118 0.047 0.075 3
4 0.682 0.065 0.048 0.077 4
6 0.664 0.130 0.048 0.077 6
7 0.133 0.525 0.048 0.077 7
8 0.327 0.490 0.048 0.077 8
9 0.416 0.695 0.047 0.075 9
11 0.624 0.010 0.046 0.073 11
13 0.180 0.778 0.048 0.077 13
14 0.316 0.798 0.048 0.077 14
15 0.580 0.182 0.048 0.077 15
18 0.400 0.075 0.041 0.065 18
19 0.675 0.095 0.048 0.077 19
20 0.776 0.388 0.048 0.077 20
21 0.695 0.228 0.048 0.077 21
22 0.297 0.810 0.048 0.077 22
23 0.772 0.033 0.048 0.077 23
29 0.973 0.835 0.045 0.072 29
30 0.710 0.190 0.048 0.077 30
