1 0.948 0.500 0.042 0.067 1
2 0.526 0.083 0.046 0.073 2
3 0.506 0.117 0.043 0.068 3
4 0.676 0.060 0.043 0.068 4
6 0.664 0.135 0.044 0.070 6
7 0.129 0.510 0.048 0.077 7
8 0.327 0.488 0.048 0.077 8
9 0.424 0.698 0.046 0.073 9
11 0.627 0.007 0.048 0.077 11
13 0.175 0.778 0.048 0.077 13
14 0.314 0.803 0.048 0.077 14
15 0.581 0.185 0.048 0.077 15
18 0.398 0.075 0.048 0.077 18
19 0.674 0.097 0.048 0.077 19
20 0.775 0.382 0.048 0.077 20
21 0.703 0.222 0.046 0.073 21
22 0.299 0.813 0.048 0.077 22
23 0.774 0.037 0.048 0.077 23
29 0.986 0.838 0.041 0.065 29
30 0.708 0.192 0.048 0.077 30
