1 0.927 0.512 0.042 0.067 1
2 0.523 0.080 0.048 0.077 2
3 0.508 0.117 0.044 0.070 3
4 0.669 0.052 0.048 0.077 4
6 0.658 0.133 0.036 0.058 6
7 0.145 0.523 0.047 0.075 7
8 0.338 0.483 0.048 0.077 8
9 0.411 0.683 0.044 0.070 9
11 0.633 0.038 0.044 0.070 11
13 0.189 0.772 0.048 0.077 13
14 0.320 0.785 0.048 0.077 14
15 0.572 0.177 0.046 0.073 15
18 0.396 0.075 0.047 0.075 18
19 0.690 0.095 0.048 0.077 19
20 0.769 0.407 0.047 0.075 20
21 0.688 0.232 0.048 0.077 21
22 0.292 0.808 0.046 0.073 22
23 0.767 0.033 0.048 0.077 23
29 0.986 0.833 0.042 0.067 29
30 0.711 0.190 0.034 0.055 30
