1 0.940 0.510 0.042 0.067 1
2 0.520 0.088 0.048 0.077 2
3 0.508 0.115 0.048 0.077 3
4 0.680 0.060 0.042 0.067 4
6 0.661 0.135 0.043 0.068 6
7 0.132 0.520 0.048 0.077 7
8 0.331 0.492 0.048 0.077 8
9 0.417 0.693 0.047 0.075 9
11 0.642 0.018 0.037 0.060 11
13 0.179 0.777 0.046 0.073 13
14 0.318 0.797 0.048 0.077 14
15 0.581 0.175 0.048 0.077 15
18 0.400 0.073 0.044 0.070 18
19 0.681 0.093 0.036 0.058 19
20 0.775 0.395 0.048 0.077 20
21 0.698 0.225 0.047 0.075 21
22 0.299 0.807 0.048 0.077 22
23 0.767 0.033 0.048 0.077 23
29 0.979 0.835 0.047 0.075 29
30 0.708 0.190 0.033 0.053 30
