1 0.927 0.515 0.043 0.068 1
2 0.522 0.085 0.048 0.077 2
3 0.509 0.115 0.046 0.073 3
4 0.672 0.057 0.047 0.075 4
6 0.656 0.130 0.048 0.077 6
7 0.146 0.522 0.048 0.077 7
8 0.340 0.485 0.048 0.077 8
9 0.409 0.680 0.048 0.077 9
11 0.632 0.040 0.046 0.073 11
13 0.190 0.773 0.048 0.077 13
14 0.321 0.783 0.048 0.077 14
15 0.574 0.170 0.048 0.077 15
18 0.402 0.068 0.048 0.077 18
19 0.692 0.092 0.044 0.070 19
20 0.769 0.405 0.047 0.075 20
21 0.691 0.228 0.048 0.077 21
22 0.295 0.808 0.045 0.072 22
23 0.767 0.033 0.048 0.077 23
29 0.986 0.833 0.042 0.067 29
30 0.709 0.192 0.037 0.060 30
