1 0.931 0.507 0.048 0.077 1
2 0.524 0.088 0.048 0.077 2
3 0.508 0.118 0.044 0.070 3
4 0.673 0.062 0.048 0.077 4
6 0.660 0.130 0.048 0.077 6
7 0.140 0.523 0.046 0.073 7
8 0.335 0.487 0.048 0.077 8
9 0.411 0.687 0.048 0.077 9
11 0.641 0.030 0.036 0.058 11
13 0.188 0.778 0.048 0.077 13
14 0.321 0.788 0.048 0.077 14
15 0.578 0.170 0.048 0.077 15
18 0.400 0.073 0.044 0.070 18
19 0.693 0.088 0.045 0.072 19
20 0.777 0.398 0.048 0.077 20
21 0.693 0.240 0.037 0.060 21
22 0.290 0.803 0.044 0.070 22
23 0.767 0.033 0.048 0.077 23
29 0.989 0.810 0.046 0.073 29
30 0.711 0.190 0.048 0.077 30
