1 0.925 0.513 0.043 0.068 1
2 0.524 0.082 0.047 0.075 2
3 0.509 0.120 0.047 0.075 3
4 0.670 0.058 0.048 0.077 4
6 0.661 0.142 0.048 0.077 6
7 0.146 0.522 0.044 0.070 7
8 0.341 0.483 0.047 0.075 8
9 0.411 0.677 0.048 0.077 9
11 0.630 0.040 0.047 0.075 11
13 0.191 0.770 0.048 0.077 13
14 0.321 0.775 0.047 0.075 14
15 0.575 0.177 0.048 0.077 15
18 0.400 0.078 0.048 0.077 18
19 0.695 0.093 0.048 0.077 19
20 0.769 0.407 0.048 0.077 20
21 0.693 0.230 0.048 0.077 21
22 0.301 0.805 0.048 0.077 22
23 0.769 0.037 0.048 0.077 23
29 0.986 0.833 0.042 0.067 29
30 0.709 0.193 0.040 0.063 30
