1 0.949 0.498 0.037 0.060 1
2 0.524 0.090 0.048 0.077 2
3 0.507 0.117 0.042 0.067 3
4 0.679 0.060 0.044 0.070 4
6 0.664 0.133 0.044 0.070 6
7 0.131 0.517 0.048 0.077 7
8 0.326 0.492 0.048 0.077 8
9 0.422 0.698 0.048 0.077 9
11 0.632 0.007 0.048 0.077 11
13 0.176 0.778 0.048 0.077 13
14 0.315 0.807 0.047 0.075 14
15 0.578 0.183 0.048 0.077 15
18 0.398 0.078 0.044 0.070 18
19 0.670 0.100 0.045 0.072 19
20 0.777 0.382 0.048 0.077 20
21 0.696 0.227 0.048 0.077 21
22 0.298 0.818 0.046 0.073 22
23 0.769 0.032 0.048 0.077 23
29 0.985 0.843 0.035 0.057 29
30 0.709 0.190 0.034 0.055 30
