1 0.943 0.507 0.040 0.063 1
2 0.524 0.085 0.048 0.077 2
3 0.507 0.118 0.047 0.075 3
4 0.680 0.060 0.042 0.067 4
6 0.660 0.133 0.042 0.067 6
7 0.132 0.518 0.047 0.075 7
8 0.324 0.483 0.048 0.077 8
9 0.419 0.698 0.045 0.072 9
11 0.625 0.008 0.045 0.072 11
13 0.181 0.778 0.048 0.077 13
14 0.316 0.797 0.048 0.077 14
15 0.580 0.175 0.048 0.077 15
18 0.395 0.077 0.048 0.077 18
19 0.680 0.097 0.046 0.073 19
20 0.776 0.388 0.047 0.075 20
21 0.692 0.225 0.047 0.075 21
22 0.298 0.810 0.045 0.072 22
23 0.772 0.038 0.048 0.077 23
29 0.975 0.838 0.044 0.070 29
30 0.709 0.190 0.034 0.055 30
