1 0.930 0.512 0.042 0.067 1
2 0.522 0.083 0.048 0.077 2
3 0.510 0.113 0.048 0.077 3
4 0.662 0.053 0.041 0.065 4
6 0.662 0.142 0.048 0.077 6
7 0.143 0.525 0.048 0.077 7
8 0.336 0.487 0.048 0.077 8
9 0.410 0.682 0.048 0.077 9
11 0.635 0.030 0.048 0.077 11
13 0.184 0.772 0.048 0.077 13
14 0.320 0.788 0.048 0.077 14
15 0.575 0.172 0.044 0.070 15
18 0.400 0.075 0.043 0.068 18
19 0.693 0.087 0.043 0.068 19
20 0.772 0.402 0.048 0.077 20
21 0.688 0.233 0.048 0.077 21
22 0.298 0.802 0.048 0.077 22
23 0.766 0.032 0.048 0.077 23
29 0.986 0.833 0.042 0.067 29
30 0.710 0.190 0.035 0.057 30
