1 0.953 0.502 0.048 0.077 1
2 0.525 0.087 0.043 0.068 2
3 0.505 0.117 0.043 0.068 3
4 0.676 0.063 0.048 0.077 4
6 0.664 0.133 0.045 0.072 6
7 0.130 0.507 0.046 0.073 7
8 0.327 0.490 0.048 0.077 8
9 0.424 0.700 0.046 0.073 9
11 0.626 0.007 0.048 0.077 11
13 0.175 0.783 0.047 0.075 13
14 0.312 0.805 0.048 0.077 14
15 0.580 0.183 0.048 0.077 15
18 0.399 0.072 0.044 0.070 18
19 0.671 0.097 0.048 0.077 19
20 0.777 0.380 0.048 0.077 20
21 0.695 0.225 0.046 0.073 21
22 0.295 0.808 0.048 0.077 22
23 0.770 0.033 0.047 0.075 23
29 0.981 0.845 0.033 0.053 29
30 0.711 0.193 0.048 0.077 30
