1 0.938 0.512 0.042 0.067 1
2 0.524 0.083 0.048 0.077 2
3 0.510 0.115 0.048 0.077 3
4 0.678 0.058 0.042 0.067 4
6 0.660 0.135 0.041 0.065 6
7 0.136 0.523 0.046 0.073 7
8 0.333 0.488 0.048 0.077 8
9 0.414 0.688 0.048 0.077 9
11 0.641 0.025 0.041 0.065 11
13 0.182 0.777 0.048 0.077 13
14 0.320 0.792 0.048 0.077 14
15 0.582 0.178 0.044 0.070 15
18 0.395 0.073 0.048 0.077 18
19 0.691 0.078 0.042 0.067 19
20 0.779 0.393 0.048 0.077 20
21 0.707 0.225 0.048 0.077 21
22 0.297 0.800 0.048 0.077 22
23 0.770 0.032 0.048 0.077 23
29 0.979 0.842 0.040 0.063 29
30 0.709 0.195 0.037 0.060 30
