1 0.943 0.507 0.041 0.065 1
2 0.521 0.097 0.044 0.070 2
3 0.505 0.117 0.044 0.070 3
4 0.679 0.060 0.042 0.067 4
6 0.661 0.133 0.042 0.067 6
7 0.132 0.518 0.048 0.077 7
8 0.325 0.483 0.048 0.077 8
9 0.418 0.695 0.048 0.077 9
11 0.626 0.010 0.045 0.072 11
13 0.180 0.782 0.047 0.075 13
14 0.316 0.798 0.048 0.077 14
15 0.582 0.177 0.048 0.077 15
18 0.399 0.068 0.040 0.063 18
19 0.673 0.098 0.045 0.072 19
20 0.776 0.388 0.048 0.077 20
21 0.695 0.223 0.048 0.077 21
22 0.297 0.807 0.044 0.070 22
23 0.767 0.032 0.048 0.077 23
29 0.973 0.835 0.045 0.072 29
30 0.711 0.190 0.044 0.070 30
