1 0.949 0.498 0.041 0.065 1
2 0.524 0.090 0.048 0.077 2
3 0.506 0.115 0.043 0.068 3
4 0.678 0.062 0.048 0.077 4
6 0.662 0.132 0.044 0.070 6
7 0.129 0.507 0.048 0.077 7
8 0.326 0.493 0.048 0.077 8
9 0.426 0.700 0.046 0.073 9
11 0.624 0.013 0.047 0.075 11
13 0.174 0.778 0.048 0.077 13
14 0.315 0.807 0.048 0.077 14
15 0.579 0.185 0.048 0.077 15
18 0.400 0.072 0.043 0.068 18
19 0.672 0.098 0.048 0.077 19
20 0.777 0.377 0.048 0.077 20
21 0.696 0.227 0.048 0.077 21
22 0.297 0.813 0.044 0.070 22
23 0.774 0.038 0.048 0.077 23
29 0.984 0.837 0.044 0.070 29
30 0.710 0.195 0.041 0.065 30
