1 0.931 0.512 0.040 0.063 1
2 0.520 0.083 0.048 0.077 2
3 0.509 0.117 0.043 0.068 3
4 0.661 0.050 0.046 0.073 4
6 0.662 0.140 0.048 0.077 6
7 0.144 0.523 0.048 0.077 7
8 0.336 0.487 0.048 0.077 8
9 0.410 0.682 0.048 0.077 9
11 0.635 0.037 0.043 0.068 11
13 0.188 0.775 0.048 0.077 13
14 0.321 0.787 0.048 0.077 14
15 0.575 0.172 0.046 0.073 15
18 0.398 0.078 0.044 0.070 18
19 0.690 0.088 0.048 0.077 19
20 0.767 0.408 0.041 0.065 20
21 0.695 0.232 0.046 0.073 21
22 0.296 0.802 0.048 0.077 22
23 0.770 0.040 0.048 0.077 23
29 0.986 0.833 0.042 0.067 29
30 0.711 0.190 0.037 0.060 30
