1 0.941 0.508 0.042 0.067 1
2 0.520 0.090 0.048 0.077 2
3 0.506 0.117 0.044 0.070 3
4 0.680 0.062 0.043 0.068 4
6 0.657 0.130 0.044 0.070 6
7 0.132 0.518 0.046 0.073 7
8 0.328 0.490 0.048 0.077 8
9 0.415 0.693 0.047 0.075 9
11 0.639 0.013 0.044 0.070 11
13 0.181 0.778 0.048 0.077 13
14 0.317 0.797 0.048 0.077 14
15 0.577 0.180 0.048 0.077 15
18 0.400 0.075 0.048 0.077 18
19 0.679 0.097 0.046 0.073 19
20 0.775 0.390 0.048 0.077 20
21 0.695 0.228 0.044 0.070 21
22 0.295 0.807 0.048 0.077 22
23 0.765 0.030 0.048 0.077 23
29 0.973 0.845 0.033 0.053 29
30 0.709 0.192 0.036 0.058 30
