1 0.930 0.517 0.044 0.070 1
2 0.524 0.083 0.045 0.072 2
3 0.511 0.115 0.048 0.077 3
4 0.660 0.050 0.048 0.077 4
6 0.662 0.142 0.048 0.077 6
7 0.145 0.523 0.048 0.077 7
8 0.336 0.485 0.048 0.077 8
9 0.409 0.680 0.048 0.077 9
11 0.622 0.025 0.032 0.052 11
13 0.189 0.773 0.048 0.077 13
14 0.321 0.778 0.048 0.077 14
15 0.575 0.170 0.048 0.077 15
18 0.399 0.073 0.042 0.067 18
19 0.693 0.095 0.044 0.070 19
20 0.772 0.405 0.048 0.077 20
21 0.689 0.230 0.048 0.077 21
22 0.296 0.802 0.048 0.077 22
23 0.760 0.037 0.047 0.075 23
29 0.986 0.833 0.042 0.067 29
30 0.710 0.190 0.035 0.057 30
