1 0.330 0.657 0.048 0.077 1
2 0.993 0.297 0.048 0.077 2
5 0.900 0.255 0.043 0.068 5
6 0.524 0.008 0.048 0.077 6
7 0.759 0.282 0.047 0.075 7
8 0.103 0.805 0.045 0.072 8
11 0.582 0.565 0.035 0.057 11
12 0.766 0.400 0.037 0.060 12
13 0.561 0.370 0.041 0.065 13
14 0.634 0.722 0.035 0.057 14
17 0.442 0.748 0.036 0.058 17
18 0.669 0.307 0.046 0.073 18
19 0.618 0.355 0.042 0.067 19
20 0.739 0.607 0.041 0.065 20
21 0.542 0.362 0.043 0.068 21
23 0.323 0.775 0.034 0.055 23
24 0.410 0.700 0.041 0.065 24
25 0.497 0.667 0.043 0.068 25
26 0.579 0.885 0.035 0.057 26
27 0.725 0.248 0.036 0.058 27
28 0.768 0.790 0.035 0.057 28
29 0.596 0.232 0.048 0.077 29
30 0.959 0.993 0.043 0.068 30
32 0.626 0.240 0.034 0.055 32
34 0.006 0.358 0.046 0.073 34
