1 0.328 0.653 0.048 0.077 1
2 0.994 0.295 0.048 0.077 2
5 0.899 0.250 0.042 0.067 5
6 0.529 0.017 0.044 0.070 6
7 0.753 0.298 0.044 0.070 7
8 0.104 0.810 0.048 0.077 8
11 0.573 0.575 0.035 0.057 11
12 0.758 0.412 0.041 0.065 12
13 0.569 0.348 0.047 0.075 13
14 0.643 0.725 0.036 0.058 14
17 0.447 0.748 0.041 0.065 17
18 0.661 0.308 0.047 0.075 18
19 0.623 0.345 0.043 0.068 19
20 0.735 0.607 0.048 0.077 20
21 0.531 0.363 0.042 0.067 21
23 0.329 0.772 0.032 0.052 23
24 0.403 0.695 0.040 0.063 24
25 0.496 0.665 0.042 0.067 25
26 0.579 0.885 0.032 0.052 26
27 0.726 0.250 0.040 0.063 27
28 0.768 0.792 0.036 0.058 28
29 0.588 0.238 0.048 0.077 29
30 0.954 0.980 0.048 0.077 30
32 0.628 0.255 0.037 0.060 32
34 0.010 0.358 0.048 0.077 34
