1 0.329 0.652 0.048 0.077 1
2 0.994 0.295 0.048 0.077 2
5 0.896 0.250 0.045 0.072 5
6 0.525 0.010 0.048 0.077 6
7 0.753 0.295 0.048 0.077 7
8 0.105 0.810 0.048 0.077 8
11 0.571 0.577 0.035 0.057 11
12 0.757 0.417 0.042 0.067 12
13 0.575 0.357 0.048 0.077 13
14 0.644 0.730 0.042 0.067 14
17 0.451 0.748 0.047 0.075 17
18 0.661 0.308 0.047 0.075 18
19 0.621 0.345 0.042 0.067 19
20 0.738 0.610 0.048 0.077 20
21 0.530 0.353 0.044 0.070 21
23 0.328 0.773 0.040 0.063 23
24 0.403 0.698 0.042 0.067 24
25 0.497 0.662 0.041 0.065 25
26 0.579 0.885 0.035 0.057 26
27 0.723 0.247 0.040 0.063 27
28 0.767 0.788 0.040 0.063 28
29 0.589 0.240 0.046 0.073 29
30 0.954 0.978 0.048 0.077 30
32 0.628 0.260 0.035 0.057 32
34 0.010 0.360 0.046 0.073 34
