1 0.330 0.653 0.048 0.077 1
2 0.990 0.298 0.043 0.068 2
5 0.899 0.255 0.044 0.070 5
6 0.528 0.013 0.048 0.077 6
7 0.756 0.288 0.048 0.077 7
8 0.093 0.820 0.044 0.070 8
11 0.576 0.568 0.036 0.058 11
12 0.759 0.408 0.041 0.065 12
13 0.567 0.358 0.042 0.067 13
14 0.637 0.722 0.033 0.053 14
17 0.448 0.755 0.035 0.057 17
18 0.662 0.310 0.047 0.075 18
19 0.621 0.348 0.042 0.067 19
20 0.738 0.607 0.045 0.072 20
21 0.532 0.363 0.037 0.060 21
23 0.327 0.777 0.032 0.052 23
24 0.406 0.698 0.040 0.063 24
25 0.496 0.665 0.042 0.067 25
26 0.579 0.883 0.034 0.055 26
27 0.727 0.250 0.041 0.065 27
28 0.767 0.790 0.035 0.057 28
29 0.591 0.232 0.045 0.072 29
30 0.955 0.982 0.045 0.072 30
32 0.625 0.252 0.033 0.053 32
34 0.013 0.368 0.035 0.057 34
