1 0.329 0.655 0.047 0.075 1
2 0.992 0.295 0.048 0.077 2
5 0.900 0.253 0.044 0.070 5
6 0.524 0.008 0.048 0.077 6
7 0.758 0.285 0.048 0.077 7
8 0.096 0.810 0.046 0.073 8
11 0.584 0.562 0.033 0.053 11
12 0.766 0.403 0.042 0.067 12
13 0.565 0.370 0.045 0.072 13
14 0.633 0.723 0.040 0.063 14
17 0.444 0.752 0.041 0.065 17
18 0.669 0.310 0.047 0.075 18
19 0.617 0.357 0.041 0.065 19
20 0.739 0.608 0.042 0.067 20
21 0.542 0.362 0.036 0.058 21
23 0.321 0.773 0.032 0.052 23
24 0.410 0.698 0.037 0.060 24
25 0.497 0.667 0.041 0.065 25
26 0.579 0.885 0.032 0.052 26
27 0.725 0.248 0.037 0.060 27
28 0.767 0.792 0.032 0.052 28
29 0.596 0.227 0.044 0.070 29
30 0.958 0.988 0.040 0.063 30
32 0.626 0.237 0.032 0.052 32
34 0.007 0.360 0.045 0.072 34
