1 0.328 0.657 0.048 0.077 1
2 0.990 0.293 0.044 0.070 2
5 0.901 0.257 0.045 0.072 5
6 0.527 0.005 0.047 0.075 6
7 0.760 0.277 0.048 0.077 7
8 0.101 0.813 0.048 0.077 8
11 0.590 0.563 0.037 0.060 11
12 0.768 0.402 0.041 0.065 12
13 0.562 0.375 0.040 0.063 13
14 0.630 0.725 0.040 0.063 14
17 0.449 0.758 0.048 0.077 17
18 0.672 0.308 0.047 0.075 18
19 0.615 0.352 0.041 0.065 19
20 0.736 0.608 0.042 0.067 20
21 0.547 0.357 0.041 0.065 21
23 0.317 0.772 0.033 0.053 23
24 0.411 0.698 0.042 0.067 24
25 0.496 0.667 0.043 0.068 25
26 0.578 0.885 0.035 0.057 26
27 0.726 0.250 0.041 0.065 27
28 0.768 0.790 0.036 0.058 28
29 0.599 0.228 0.046 0.073 29
30 0.961 0.995 0.044 0.070 30
32 0.629 0.230 0.033 0.053 32
34 0.009 0.363 0.035 0.057 34
