0 0.554 0.888 0.042 0.067
0 0.827 0.933 0.035 0.057
0 0.855 0.602 0.042 0.067
0 0.086 0.620 0.044 0.070
0 0.320 0.493 0.040 0.063
0 0.032 0.428 0.040 0.063
0 0.551 0.332 0.043 0.068
0 0.823 0.412 0.040 0.063
0 0.051 0.737 0.036 0.058
0 0.659 0.920 0.040 0.063
0 0.828 0.725 0.042 0.067
0 0.590 0.070 0.040 0.063
0 0.765 0.397 0.048 0.077
0 0.128 0.918 0.048 0.077
0 0.359 0.107 0.044 0.070
0 0.768 0.458 0.042 0.067
0 0.376 0.693 0.044 0.070
0 0.680 0.213 0.036 0.058
0 0.631 0.415 0.044 0.070
0 0.165 0.278 0.040 0.063
0 0.546 0.587 0.042 0.067
0 0.666 0.577 0.041 0.065
0 0.549 0.797 0.043 0.068
0 0.008 0.562 0.046 0.073
0 0.760 0.163 0.036 0.058
0 0.857 0.962 0.035 0.057
0 0.976 0.987 0.044 0.070
0 0.287 0.863 0.041 0.065
0 0.410 0.452 0.040 0.063
0 0.474 0.403 0.035 0.057
0 0.815 0.577 0.037 0.060
0 0.315 0.257 0.037 0.060
0 0.607 0.773 0.037 0.060
0 0.646 0.578 0.037 0.060
0 0.716 0.040 0.042 0.067
0 0.470 0.143 0.045 0.072
0 0.778 0.763 0.034 0.055
0 0.732 0.525 0.037 0.060
0 0.954 0.680 0.036 0.058
0 0.127 0.577 0.035 0.057
0 0.692 0.827 0.035 0.057
0 0.000 0.710 0.043 0.068
0 0.273 0.792 0.035 0.057
0 0.883 0.445 0.040 0.063
0 0.675 0.797 0.036 0.058
0 0.671 0.547 0.037 0.060
0 0.348 0.328 0.044 0.070
0 0.225 0.803 0.044 0.070
0 0.932 0.168 0.037 0.060
0 0.439 1.000 0.033 0.053
0 0.185 0.035 0.040 0.063
0 0.584 0.322 0.042 0.067
0 0.590 0.265 0.040 0.063
0 0.789 1.000 0.044 0.070
0 0.540 0.238 0.035 0.057
0 0.791 0.612 0.036 0.058
