0 0.672 0.317 0.041 0.065
0 0.019 0.140 0.048 0.077
0 0.706 0.618 0.043 0.068
0 0.031 0.690 0.042 0.067
0 0.055 0.178 0.046 0.073
0 0.810 0.795 0.041 0.065
0 0.404 0.620 0.036 0.058
0 0.280 0.448 0.037 0.060
0 0.028 0.248 0.044 0.070
0 0.144 0.532 0.042 0.067
0 0.273 0.417 0.036 0.058
0 0.650 0.663 0.035 0.057
0 0.660 0.372 0.036 0.058
0 0.273 0.560 0.036 0.058
0 0.757 0.287 0.035 0.057
0 0.695 0.505 0.037 0.060
0 0.884 1.000 0.042 0.067
0 0.650 0.317 0.041 0.065
0 0.419 0.697 0.036 0.058
0 0.520 1.000 0.034 0.055
0 0.415 0.652 0.033 0.053
0 0.493 0.998 0.033 0.053
0 0.309 0.437 0.035 0.057
0 0.718 0.995 0.034 0.055
