0 0.549 0.867 0.042 0.067
0 0.834 0.958 0.044 0.070
0 0.855 0.592 0.044 0.070
0 0.100 0.613 0.035 0.057
0 0.322 0.483 0.040 0.063
0 0.028 0.442 0.037 0.060
0 0.550 0.337 0.048 0.077
0 0.823 0.408 0.044 0.070
0 0.060 0.738 0.042 0.067
0 0.653 0.920 0.041 0.065
0 0.827 0.745 0.036 0.058
0 0.590 0.058 0.042 0.067
0 0.765 0.388 0.040 0.063
0 0.125 0.910 0.046 0.073
0 0.356 0.090 0.042 0.067
0 0.764 0.435 0.040 0.063
0 0.373 0.703 0.042 0.067
0 0.684 0.217 0.042 0.067
0 0.633 0.417 0.046 0.073
0 0.169 0.282 0.042 0.067
0 0.554 0.570 0.037 0.060
0 0.669 0.575 0.043 0.068
0 0.552 0.778 0.042 0.067
0 0.009 0.557 0.044 0.070
0 0.765 0.152 0.037 0.060
0 0.864 0.958 0.035 0.057
0 0.977 0.972 0.036 0.058
0 0.291 0.863 0.042 0.067
0 0.419 0.448 0.036 0.058
0 0.468 0.413 0.048 0.077
0 0.806 0.568 0.042 0.067
0 0.318 0.265 0.042 0.067
0 0.598 0.757 0.036 0.058
0 0.645 0.582 0.033 0.053
0 0.726 0.035 0.037 0.060
0 0.475 0.135 0.048 0.077
0 0.784 0.757 0.032 0.052
0 0.736 0.543 0.037 0.060
0 0.951 0.692 0.036 0.058
0 0.125 0.585 0.036 0.058
0 0.681 0.828 0.036 0.058
0 0.006 0.712 0.042 0.067
0 0.269 0.815 0.040 0.063
0 0.881 0.438 0.035 0.057
0 0.674 0.787 0.036 0.058
0 0.669 0.548 0.035 0.057
0 0.365 0.322 0.033 0.053
0 0.231 0.792 0.048 0.077
0 0.928 0.175 0.035 0.057
0 0.449 0.998 0.033 0.053
0 0.184 0.047 0.033 0.053
0 0.588 0.318 0.048 0.077
0 0.588 0.265 0.041 0.065
0 0.789 1.000 0.036 0.058
0 0.545 0.228 0.035 0.057
0 0.802 0.607 0.037 0.060
