0 0.549 0.860 0.042 0.067
0 0.833 0.958 0.045 0.072
0 0.854 0.592 0.046 0.073
0 0.101 0.615 0.043 0.068
0 0.323 0.482 0.037 0.060
0 0.029 0.445 0.040 0.063
0 0.553 0.345 0.037 0.060
0 0.821 0.407 0.041 0.065
0 0.060 0.732 0.037 0.060
0 0.651 0.917 0.041 0.065
0 0.830 0.745 0.037 0.060
0 0.589 0.055 0.042 0.067
0 0.766 0.392 0.044 0.070
0 0.130 0.908 0.044 0.070
0 0.357 0.093 0.044 0.070
0 0.762 0.432 0.037 0.060
0 0.372 0.705 0.042 0.067
0 0.685 0.220 0.040 0.063
0 0.630 0.417 0.044 0.070
0 0.170 0.283 0.043 0.068
0 0.555 0.568 0.042 0.067
0 0.666 0.577 0.041 0.065
0 0.552 0.777 0.044 0.070
0 0.011 0.553 0.041 0.065
0 0.767 0.152 0.037 0.060
0 0.865 0.955 0.036 0.058
0 0.969 0.955 0.033 0.053
0 0.292 0.867 0.043 0.068
0 0.417 0.447 0.042 0.067
0 0.468 0.415 0.048 0.077
0 0.806 0.572 0.042 0.067
0 0.318 0.270 0.040 0.063
0 0.598 0.755 0.037 0.060
0 0.647 0.580 0.037 0.060
0 0.725 0.035 0.041 0.065
0 0.475 0.138 0.035 0.057
0 0.785 0.757 0.034 0.055
0 0.740 0.543 0.037 0.060
0 0.950 0.695 0.036 0.058
0 0.125 0.587 0.036 0.058
0 0.678 0.830 0.040 0.063
0 0.008 0.708 0.043 0.068
0 0.271 0.817 0.037 0.060
0 0.878 0.440 0.036 0.058
0 0.673 0.785 0.035 0.057
0 0.669 0.547 0.040 0.063
0 0.365 0.327 0.042 0.067
0 0.229 0.797 0.041 0.065
0 0.927 0.175 0.035 0.057
0 0.452 1.000 0.030 0.048
0 0.183 0.043 0.041 0.065
0 0.588 0.307 0.047 0.075
0 0.585 0.263 0.037 0.060
0 0.789 1.000 0.036 0.058
0 0.547 0.227 0.030 0.048
0 0.804 0.607 0.040 0.063
