0 0.097 0.522 0.048 0.077
0 0.026 0.800 0.044 0.070
0 0.872 0.282 0.035 0.057
0 0.771 0.923 0.033 0.053
0 0.066 0.257 0.048 0.077
0 0.024 0.370 0.041 0.065
0 0.703 0.555 0.041 0.065
0 0.664 0.568 0.042 0.067
0 0.076 0.837 0.036 0.058
0 0.807 0.160 0.041 0.065
0 0.603 0.575 0.048 0.077
0 0.075 0.643 0.036 0.058
0 0.121 0.440 0.041 0.065
0 0.648 0.997 0.035 0.057
0 0.030 0.425 0.041 0.065
0 0.091 0.445 0.041 0.065
0 0.637 0.527 0.048 0.077
0 0.057 0.532 0.048 0.077
0 0.167 0.038 0.040 0.063
0 0.829 0.763 0.042 0.067
0 0.591 0.010 0.040 0.063
0 1.000 0.212 0.030 0.048
0 0.545 0.257 0.037 0.060
0 0.396 0.395 0.042 0.067
0 0.418 0.142 0.040 0.063
0 0.860 0.890 0.042 0.067
0 0.206 0.507 0.043 0.068
0 0.509 0.803 0.037 0.060
0 0.082 0.593 0.037 0.060
0 0.727 0.235 0.041 0.065
0 0.003 0.632 0.042 0.067
