0 0.096 0.528 0.048 0.077
0 0.024 0.797 0.048 0.077
0 0.877 0.280 0.037 0.060
0 0.774 0.933 0.032 0.052
0 0.067 0.258 0.042 0.067
0 0.022 0.373 0.041 0.065
0 0.704 0.553 0.041 0.065
0 0.662 0.575 0.048 0.077
0 0.082 0.838 0.035 0.057
0 0.806 0.162 0.042 0.067
0 0.604 0.570 0.036 0.058
0 0.074 0.640 0.040 0.063
0 0.121 0.450 0.035 0.057
0 0.646 1.000 0.031 0.050
0 0.034 0.418 0.048 0.077
0 0.087 0.445 0.042 0.067
0 0.634 0.528 0.047 0.075
0 0.053 0.537 0.048 0.077
0 0.167 0.040 0.042 0.067
0 0.830 0.763 0.042 0.067
0 0.585 0.013 0.042 0.067
0 1.000 0.213 0.035 0.057
0 0.547 0.258 0.037 0.060
0 0.391 0.402 0.047 0.075
0 0.417 0.153 0.035 0.057
0 0.864 0.892 0.044 0.070
0 0.206 0.502 0.048 0.077
0 0.507 0.800 0.037 0.060
0 0.084 0.592 0.041 0.065
0 0.725 0.247 0.033 0.053
0 0.009 0.627 0.037 0.060
