0 0.101 0.518 0.048 0.077
0 0.025 0.787 0.048 0.077
0 0.860 0.290 0.040 0.063
0 0.766 0.912 0.032 0.052
0 0.060 0.272 0.048 0.077
0 0.031 0.372 0.042 0.067
0 0.699 0.555 0.037 0.060
0 0.661 0.568 0.042 0.067
0 0.065 0.827 0.037 0.060
0 0.806 0.150 0.048 0.077
0 0.619 0.570 0.048 0.077
0 0.075 0.640 0.037 0.060
0 0.120 0.430 0.035 0.057
0 0.650 1.000 0.043 0.068
0 0.024 0.427 0.040 0.063
0 0.097 0.445 0.037 0.060
0 0.642 0.518 0.040 0.063
0 0.064 0.527 0.044 0.070
0 0.164 0.048 0.041 0.065
0 0.830 0.763 0.042 0.067
0 0.592 0.017 0.046 0.073
0 1.000 0.193 0.036 0.058
0 0.537 0.253 0.041 0.065
0 0.409 0.382 0.042 0.067
0 0.408 0.123 0.037 0.060
0 0.855 0.885 0.046 0.073
0 0.210 0.517 0.042 0.067
0 0.511 0.823 0.040 0.063
0 0.084 0.588 0.041 0.065
0 0.729 0.218 0.037 0.060
0 0.000 0.652 0.035 0.057
