0 0.375 0.172 0.035 0.057
0 0.127 0.983 0.044 0.070
0 0.309 0.860 0.040 0.063
0 0.781 0.462 0.041 0.065
0 0.805 0.297 0.041 0.065
0 0.787 0.407 0.042 0.067
0 0.364 0.387 0.042 0.067
0 0.746 0.263 0.042 0.067
0 0.489 0.668 0.035 0.057
0 0.311 0.825 0.042 0.067
0 0.224 0.758 0.037 0.060
0 0.650 0.090 0.032 0.052
0 0.840 0.085 0.042 0.067
0 0.057 0.605 0.041 0.065
0 0.699 0.660 0.041 0.065
0 0.929 0.717 0.037 0.060
0 0.859 0.138 0.036 0.058
0 0.109 0.780 0.041 0.065
0 0.224 0.635 0.040 0.063
0 0.294 0.000 0.045 0.072
0 0.130 0.065 0.046 0.073
0 0.013 0.365 0.042 0.067
0 0.002 0.552 0.035 0.057
0 0.527 0.093 0.035 0.057
0 0.796 0.112 0.032 0.052
0 0.997 0.562 0.042 0.067
0 0.535 0.477 0.037 0.060
0 0.831 0.043 0.035 0.057
