0 0.369 0.920 0.041 0.065
0 0.626 0.937 0.048 0.077
0 0.264 0.070 0.042 0.067
0 0.706 0.967 0.048 0.077
0 0.218 0.027 0.048 0.077
0 0.577 0.000 0.033 0.053
0 0.934 0.837 0.042 0.067
0 0.125 0.792 0.048 0.077
0 0.770 0.602 0.048 0.077
0 0.399 0.082 0.048 0.077
0 0.963 1.000 0.048 0.077
0 0.040 0.253 0.046 0.073
0 0.718 0.215 0.042 0.067
0 0.500 0.260 0.041 0.065
0 0.819 0.950 0.048 0.077
0 0.159 0.147 0.042 0.067
0 0.473 0.147 0.042 0.067
0 0.755 0.550 0.042 0.067
0 0.646 0.633 0.040 0.063
0 0.600 0.532 0.042 0.067
0 0.568 0.328 0.035 0.057
0 0.052 0.015 0.041 0.065
0 0.134 0.597 0.042 0.067
0 0.457 0.373 0.048 0.077
0 0.536 0.432 0.048 0.077
0 0.349 0.428 0.035 0.057
0 0.468 0.097 0.047 0.075
0 0.744 0.368 0.048 0.077
0 0.936 0.000 0.047 0.075
0 0.823 0.583 0.036 0.058
0 0.432 0.047 0.042 0.067
0 0.036 0.138 0.048 0.077
0 0.744 0.708 0.042 0.067
0 0.117 0.770 0.048 0.077
0 0.674 0.337 0.042 0.067
0 0.809 0.247 0.048 0.077
0 0.686 0.907 0.036 0.058
0 0.491 0.388 0.035 0.057
0 0.979 0.053 0.041 0.065
0 0.463 0.707 0.040 0.063
0 0.647 0.437 0.035 0.057
