0 0.374 0.168 0.040 0.063
0 0.127 0.978 0.042 0.067
0 0.312 0.855 0.042 0.067
0 0.780 0.462 0.041 0.065
0 0.808 0.297 0.041 0.065
0 0.785 0.405 0.044 0.070
0 0.360 0.383 0.040 0.063
0 0.747 0.265 0.037 0.060
0 0.486 0.665 0.036 0.058
0 0.311 0.823 0.042 0.067
0 0.222 0.753 0.036 0.058
0 0.649 0.093 0.032 0.052
0 0.839 0.088 0.041 0.065
0 0.057 0.608 0.041 0.065
0 0.699 0.657 0.040 0.063
0 0.928 0.718 0.037 0.060
0 0.859 0.138 0.040 0.063
0 0.109 0.780 0.040 0.063
0 0.225 0.635 0.037 0.060
0 0.293 0.000 0.044 0.070
0 0.131 0.065 0.048 0.077
0 0.011 0.363 0.044 0.070
0 0.002 0.552 0.035 0.057
0 0.525 0.093 0.042 0.067
0 0.799 0.105 0.042 0.067
0 0.997 0.562 0.043 0.068
0 0.536 0.477 0.035 0.057
0 0.829 0.050 0.036 0.058
