0 0.253 0.670 0.048 0.077
0 0.794 0.088 0.047 0.075
0 0.688 0.417 0.048 0.077
0 0.171 0.818 0.046 0.073
0 0.548 0.412 0.048 0.077
0 0.707 0.385 0.048 0.077
0 0.321 0.193 0.048 0.077
0 0.103 0.643 0.048 0.077
0 0.412 0.740 0.047 0.075
0 0.395 0.793 0.048 0.077
0 0.997 0.120 0.048 0.077
0 0.920 0.157 0.048 0.077
0 0.131 0.205 0.048 0.077
0 0.853 0.245 0.044 0.070
0 0.899 0.063 0.042 0.067
0 0.154 0.843 0.046 0.073
0 0.526 0.025 0.048 0.077
0 0.952 0.327 0.048 0.077
0 0.221 0.642 0.048 0.077
0 0.386 0.820 0.048 0.077
0 0.297 0.368 0.048 0.077
0 0.887 0.122 0.048 0.077
0 0.916 0.777 0.048 0.077
0 0.116 0.743 0.048 0.077
0 0.672 0.085 0.048 0.077
0 0.186 0.858 0.048 0.077
0 0.953 1.000 0.048 0.077
0 0.008 0.780 0.047 0.075
0 0.059 0.713 0.048 0.077
0 0.511 0.065 0.048 0.077
0 0.449 0.608 0.044 0.070
0 0.671 0.120 0.048 0.077
0 0.388 0.857 0.048 0.077
0 0.408 0.965 0.045 0.072
0 0.970 0.313 0.046 0.073
0 0.101 0.738 0.046 0.073
0 0.871 0.060 0.048 0.077
0 0.013 0.080 0.045 0.072
0 0.401 0.032 0.048 0.077
0 0.175 0.752 0.046 0.073
0 0.827 0.535 0.048 0.077
0 0.214 0.785 0.044 0.070
0 0.881 0.580 0.048 0.077
