0 0.285 0.472 0.042 0.067
0 0.209 0.465 0.040 0.063
0 0.209 0.608 0.044 0.070
0 0.216 0.645 0.042 0.067
0 0.228 0.733 0.048 0.077
0 0.321 0.852 0.048 0.077
0 0.364 0.832 0.041 0.065
0 0.099 0.340 0.048 0.077
0 0.645 0.772 0.044 0.070
0 0.396 0.235 0.048 0.077
0 0.030 0.770 0.044 0.070
0 0.568 0.240 0.042 0.067
0 0.228 0.150 0.041 0.065
0 0.185 0.505 0.048 0.077
0 0.171 0.755 0.036 0.058
0 0.796 0.365 0.045 0.072
0 0.114 0.370 0.048 0.077
0 0.887 0.742 0.042 0.067
0 0.378 0.493 0.035 0.057
0 0.377 0.780 0.035 0.057
0 0.873 1.000 0.033 0.053
