0 0.331 0.653 0.048 0.077
0 0.993 0.297 0.048 0.077
0 0.898 0.253 0.044 0.070
0 0.528 0.008 0.048 0.077
0 0.757 0.288 0.048 0.077
0 0.097 0.818 0.048 0.077
0 0.580 0.567 0.041 0.065
0 0.761 0.405 0.040 0.063
0 0.565 0.353 0.044 0.070
0 0.635 0.732 0.048 0.077
0 0.445 0.750 0.042 0.067
0 0.664 0.308 0.048 0.077
0 0.620 0.352 0.042 0.067
0 0.733 0.605 0.048 0.077
0 0.536 0.358 0.043 0.068
0 0.328 0.780 0.040 0.063
0 0.409 0.703 0.046 0.073
0 0.496 0.663 0.043 0.068
0 0.578 0.887 0.037 0.060
0 0.726 0.250 0.040 0.063
0 0.769 0.792 0.035 0.057
0 0.592 0.232 0.046 0.073
0 0.954 0.980 0.042 0.067
0 0.626 0.250 0.034 0.055
0 0.008 0.358 0.046 0.073
