0 0.534 0.418 0.041 0.065
0 0.207 0.492 0.048 0.077
0 0.651 0.442 0.043 0.068
0 0.396 0.573 0.044 0.070
0 0.669 0.525 0.042 0.067
0 0.290 0.182 0.048 0.077
0 0.583 1.000 0.040 0.063
0 0.674 0.208 0.046 0.073
0 0.713 0.757 0.048 0.077
0 0.217 0.430 0.046 0.073
0 0.338 0.482 0.042 0.067
0 0.802 0.672 0.041 0.065
0 0.964 0.865 0.040 0.063
0 0.331 0.995 0.034 0.055
0 0.192 0.373 0.048 0.077
0 0.816 0.483 0.035 0.057
0 0.898 0.792 0.040 0.063
0 0.731 0.128 0.037 0.060
0 0.645 0.765 0.048 0.077
0 0.167 0.572 0.035 0.057
0 0.020 0.740 0.041 0.065
0 0.285 0.390 0.036 0.058
0 0.042 0.027 0.040 0.063
0 0.272 0.985 0.042 0.067
