0 0.328 0.657 0.048 0.077
0 0.990 0.293 0.044 0.070
0 0.901 0.257 0.045 0.072
0 0.527 0.005 0.047 0.075
0 0.760 0.277 0.048 0.077
0 0.101 0.813 0.048 0.077
0 0.590 0.563 0.037 0.060
0 0.768 0.402 0.041 0.065
0 0.562 0.375 0.040 0.063
0 0.630 0.725 0.040 0.063
0 0.449 0.758 0.048 0.077
0 0.672 0.308 0.047 0.075
0 0.615 0.352 0.041 0.065
0 0.736 0.608 0.042 0.067
0 0.547 0.357 0.041 0.065
0 0.317 0.772 0.033 0.053
0 0.411 0.698 0.042 0.067
0 0.496 0.667 0.043 0.068
0 0.578 0.885 0.035 0.057
0 0.726 0.250 0.041 0.065
0 0.768 0.790 0.036 0.058
0 0.599 0.228 0.046 0.073
0 0.961 0.995 0.044 0.070
0 0.629 0.230 0.033 0.053
0 0.009 0.363 0.035 0.057
