0 0.467 0.793 0.042 0.067
0 0.097 0.245 0.048 0.077
0 0.062 0.747 0.048 0.077
0 0.208 0.017 0.044 0.070
0 0.306 0.940 0.045 0.072
0 0.722 0.157 0.047 0.075
0 0.184 0.892 0.044 0.070
0 0.371 0.813 0.035 0.057
0 0.384 0.685 0.048 0.077
0 0.292 0.395 0.042 0.067
0 0.623 0.883 0.048 0.077
0 0.817 0.058 0.044 0.070
0 0.618 0.678 0.047 0.075
0 0.078 0.943 0.044 0.070
0 0.869 0.522 0.048 0.077
0 0.794 0.490 0.044 0.070
0 0.272 0.657 0.044 0.070
0 0.078 0.337 0.042 0.067
0 0.799 0.635 0.043 0.068
0 0.360 0.273 0.041 0.065
0 0.547 0.465 0.042 0.067
0 0.429 0.330 0.045 0.072
0 0.589 0.843 0.048 0.077
0 0.029 0.427 0.041 0.065
0 0.548 0.313 0.047 0.075
0 0.286 0.833 0.044 0.070
0 0.542 0.165 0.046 0.073
0 0.668 0.442 0.048 0.077
0 0.977 0.457 0.048 0.077
0 0.954 0.177 0.047 0.075
0 0.703 0.333 0.048 0.077
0 0.460 0.512 0.042 0.067
0 0.952 0.063 0.047 0.075
0 0.646 0.315 0.045 0.072
0 0.373 0.393 0.041 0.065
0 0.490 0.458 0.041 0.065
0 0.803 0.975 0.034 0.055
0 0.573 0.360 0.042 0.067
0 0.384 0.983 0.042 0.067
0 0.768 0.940 0.046 0.073
0 0.624 0.180 0.046 0.073
0 0.873 0.917 0.037 0.060
0 0.562 0.248 0.041 0.065
0 0.147 0.013 0.041 0.065
0 0.000 0.038 0.033 0.053
0 0.959 0.027 0.040 0.063
0 0.503 0.313 0.048 0.077
