0 0.541 0.855 0.041 0.065
0 0.834 0.960 0.048 0.077
0 0.851 0.590 0.048 0.077
0 0.107 0.602 0.044 0.070
0 0.328 0.478 0.036 0.058
0 0.028 0.453 0.042 0.067
0 0.551 0.348 0.041 0.065
0 0.823 0.408 0.044 0.070
0 0.059 0.718 0.036 0.058
0 0.653 0.907 0.040 0.063
0 0.833 0.752 0.041 0.065
0 0.595 0.053 0.040 0.063
0 0.761 0.388 0.037 0.060
0 0.130 0.910 0.047 0.075
0 0.353 0.088 0.042 0.067
0 0.756 0.422 0.037 0.060
0 0.369 0.708 0.045 0.072
0 0.682 0.220 0.040 0.063
0 0.626 0.417 0.042 0.067
0 0.171 0.275 0.042 0.067
0 0.554 0.555 0.047 0.075
0 0.664 0.582 0.041 0.065
0 0.546 0.767 0.037 0.060
0 0.007 0.552 0.044 0.070
0 0.772 0.152 0.037 0.060
0 0.868 0.953 0.034 0.055
0 0.975 0.968 0.036 0.058
0 0.294 0.870 0.040 0.063
0 0.423 0.453 0.044 0.070
0 0.469 0.418 0.045 0.072
0 0.800 0.570 0.040 0.063
0 0.314 0.277 0.041 0.065
0 0.589 0.760 0.037 0.060
0 0.647 0.580 0.037 0.060
0 0.729 0.030 0.042 0.067
0 0.483 0.118 0.040 0.063
0 0.787 0.750 0.033 0.053
0 0.749 0.548 0.040 0.063
0 0.951 0.705 0.036 0.058
0 0.128 0.593 0.042 0.067
0 0.674 0.835 0.035 0.057
0 0.017 0.712 0.035 0.057
0 0.279 0.830 0.036 0.058
0 0.880 0.438 0.035 0.057
0 0.670 0.782 0.035 0.057
0 0.665 0.550 0.040 0.063
0 0.367 0.313 0.044 0.070
0 0.235 0.787 0.035 0.057
0 0.925 0.178 0.035 0.057
0 0.456 0.998 0.035 0.057
0 0.182 0.052 0.035 0.057
0 0.590 0.298 0.044 0.070
0 0.586 0.263 0.037 0.060
0 0.786 0.997 0.035 0.057
0 0.548 0.218 0.034 0.055
0 0.810 0.608 0.044 0.070
