0 0.331 0.653 0.048 0.077
0 0.991 0.295 0.046 0.073
0 0.897 0.258 0.048 0.077
0 0.527 0.010 0.048 0.077
0 0.756 0.287 0.048 0.077
0 0.095 0.818 0.048 0.077
0 0.578 0.567 0.036 0.058
0 0.764 0.407 0.042 0.067
0 0.562 0.360 0.040 0.063
0 0.635 0.730 0.046 0.073
0 0.445 0.747 0.041 0.065
0 0.665 0.307 0.047 0.075
0 0.619 0.353 0.042 0.067
0 0.740 0.607 0.042 0.067
0 0.534 0.363 0.035 0.057
0 0.326 0.775 0.035 0.057
0 0.408 0.697 0.042 0.067
0 0.497 0.663 0.041 0.065
0 0.578 0.883 0.035 0.057
0 0.724 0.248 0.036 0.058
0 0.767 0.790 0.035 0.057
0 0.593 0.235 0.048 0.077
0 0.955 0.987 0.048 0.077
0 0.624 0.247 0.035 0.057
0 0.008 0.358 0.046 0.073
