0 0.330 0.655 0.048 0.077
0 0.993 0.295 0.048 0.077
0 0.900 0.255 0.045 0.072
0 0.524 0.008 0.048 0.077
0 0.760 0.285 0.044 0.070
0 0.104 0.805 0.043 0.068
0 0.583 0.560 0.034 0.055
0 0.767 0.405 0.042 0.067
0 0.564 0.368 0.044 0.070
0 0.633 0.723 0.037 0.060
0 0.445 0.752 0.041 0.065
0 0.669 0.308 0.048 0.077
0 0.617 0.355 0.042 0.067
0 0.740 0.605 0.037 0.060
0 0.542 0.363 0.036 0.058
0 0.318 0.778 0.044 0.070
0 0.411 0.700 0.037 0.060
0 0.497 0.663 0.041 0.065
0 0.578 0.882 0.033 0.053
0 0.728 0.258 0.048 0.077
0 0.767 0.790 0.032 0.052
0 0.596 0.233 0.048 0.077
0 0.959 0.990 0.043 0.068
0 0.626 0.237 0.033 0.053
0 0.007 0.367 0.034 0.055
