0 0.677 0.327 0.041 0.065
0 0.014 0.133 0.048 0.077
0 0.706 0.617 0.042 0.067
0 0.051 0.688 0.042 0.067
0 0.053 0.172 0.042 0.067
0 0.814 0.807 0.037 0.060
0 0.403 0.615 0.036 0.058
0 0.275 0.457 0.041 0.065
0 0.024 0.247 0.041 0.065
0 0.157 0.532 0.041 0.065
0 0.274 0.413 0.036 0.058
0 0.637 0.678 0.034 0.055
0 0.664 0.370 0.035 0.057
0 0.261 0.562 0.036 0.058
0 0.754 0.288 0.035 0.057
0 0.696 0.505 0.040 0.063
0 0.893 1.000 0.043 0.068
0 0.650 0.313 0.032 0.052
0 0.420 0.700 0.035 0.057
0 0.519 1.000 0.035 0.057
0 0.415 0.655 0.035 0.057
0 0.491 0.998 0.032 0.052
0 0.309 0.435 0.034 0.055
0 0.726 0.995 0.033 0.053
