0 0.367 0.918 0.041 0.065
0 0.624 0.937 0.048 0.077
0 0.264 0.067 0.042 0.067
0 0.708 0.963 0.044 0.070
0 0.223 0.025 0.048 0.077
0 0.577 0.000 0.041 0.065
0 0.933 0.830 0.042 0.067
0 0.131 0.790 0.041 0.065
0 0.773 0.610 0.046 0.073
0 0.396 0.083 0.044 0.070
0 0.960 1.000 0.042 0.067
0 0.043 0.258 0.048 0.077
0 0.717 0.212 0.048 0.077
0 0.496 0.263 0.041 0.065
0 0.814 0.950 0.048 0.077
0 0.158 0.142 0.042 0.067
0 0.466 0.145 0.048 0.077
0 0.755 0.547 0.042 0.067
0 0.647 0.632 0.045 0.072
0 0.600 0.528 0.042 0.067
0 0.575 0.337 0.048 0.077
0 0.049 0.025 0.048 0.077
0 0.132 0.593 0.044 0.070
0 0.454 0.372 0.048 0.077
0 0.537 0.445 0.048 0.077
0 0.347 0.430 0.042 0.067
0 0.468 0.098 0.048 0.077
0 0.748 0.377 0.035 0.057
0 0.932 0.005 0.048 0.077
0 0.821 0.583 0.040 0.063
0 0.434 0.040 0.048 0.077
0 0.031 0.142 0.042 0.067
0 0.744 0.712 0.037 0.060
0 0.118 0.770 0.048 0.077
0 0.675 0.338 0.048 0.077
0 0.808 0.248 0.036 0.058
0 0.685 0.908 0.037 0.060
0 0.489 0.397 0.048 0.077
0 0.982 0.055 0.048 0.077
0 0.459 0.697 0.043 0.068
0 0.646 0.443 0.037 0.060
