0 0.298 1.000 0.047 0.075
0 0.778 0.743 0.048 0.077
0 0.327 0.458 0.036 0.058
0 0.294 0.487 0.044 0.070
0 0.736 0.050 0.042 0.067
0 0.886 0.997 0.048 0.077
0 0.668 0.292 0.048 0.077
0 0.482 0.835 0.048 0.077
0 0.415 0.593 0.042 0.067
0 0.518 0.758 0.048 0.077
0 0.370 0.155 0.048 0.077
0 0.834 0.808 0.045 0.072
0 0.316 0.918 0.048 0.077
0 0.754 0.748 0.048 0.077
0 0.608 0.190 0.042 0.067
0 0.635 0.733 0.044 0.070
0 0.386 0.872 0.048 0.077
0 0.416 0.903 0.048 0.077
0 0.549 0.160 0.045 0.072
0 0.674 0.870 0.036 0.058
0 0.372 0.317 0.042 0.067
0 0.392 0.817 0.037 0.060
0 0.903 0.403 0.041 0.065
0 0.496 0.630 0.041 0.065
0 0.685 0.973 0.045 0.072
0 0.750 0.847 0.040 0.063
0 0.569 0.243 0.040 0.063
0 0.700 0.810 0.042 0.067
0 0.068 0.915 0.036 0.058
0 0.877 0.962 0.036 0.058
0 0.720 0.295 0.042 0.067
0 0.893 0.238 0.048 0.077
0 0.243 0.697 0.048 0.077
0 0.917 0.965 0.048 0.077
0 0.949 0.990 0.042 0.067
0 0.887 0.383 0.041 0.065
