0 0.534 0.418 0.041 0.065
0 0.208 0.495 0.048 0.077
0 0.652 0.437 0.045 0.072
0 0.395 0.563 0.035 0.057
0 0.669 0.525 0.042 0.067
0 0.291 0.182 0.048 0.077
0 0.583 1.000 0.042 0.067
0 0.675 0.208 0.044 0.070
0 0.711 0.755 0.046 0.073
0 0.219 0.428 0.043 0.068
0 0.340 0.487 0.042 0.067
0 0.797 0.673 0.042 0.067
0 0.963 0.868 0.035 0.057
0 0.331 0.995 0.034 0.055
0 0.191 0.372 0.044 0.070
0 0.817 0.487 0.040 0.063
0 0.899 0.792 0.041 0.065
0 0.735 0.125 0.042 0.067
0 0.643 0.767 0.045 0.072
0 0.166 0.580 0.042 0.067
0 0.022 0.738 0.036 0.058
0 0.284 0.390 0.037 0.060
0 0.046 0.028 0.046 0.073
0 0.274 0.983 0.042 0.067
