0 0.256 0.665 0.048 0.077
0 0.795 0.085 0.048 0.077
0 0.690 0.423 0.048 0.077
0 0.170 0.818 0.048 0.077
0 0.549 0.407 0.048 0.077
0 0.710 0.388 0.048 0.077
0 0.324 0.183 0.047 0.075
0 0.108 0.643 0.048 0.077
0 0.399 0.747 0.048 0.077
0 0.405 0.790 0.048 0.077
0 1.000 0.117 0.048 0.077
0 0.920 0.167 0.047 0.075
0 0.135 0.217 0.048 0.077
0 0.855 0.245 0.048 0.077
0 0.904 0.075 0.048 0.077
0 0.156 0.855 0.048 0.077
0 0.521 0.013 0.048 0.077
0 0.950 0.325 0.048 0.077
0 0.220 0.647 0.048 0.077
0 0.381 0.820 0.044 0.070
0 0.298 0.368 0.048 0.077
0 0.884 0.112 0.048 0.077
0 0.916 0.777 0.048 0.077
0 0.116 0.740 0.048 0.077
0 0.672 0.088 0.048 0.077
0 0.188 0.858 0.048 0.077
0 0.951 1.000 0.048 0.077
0 0.008 0.795 0.041 0.065
0 0.062 0.710 0.046 0.073
0 0.507 0.065 0.040 0.063
0 0.445 0.615 0.045 0.072
0 0.679 0.120 0.044 0.070
0 0.389 0.858 0.047 0.075
0 0.411 0.960 0.048 0.077
0 0.973 0.312 0.045 0.072
0 0.102 0.730 0.044 0.070
0 0.865 0.067 0.045 0.072
0 0.017 0.082 0.048 0.077
0 0.393 0.033 0.047 0.075
0 0.174 0.752 0.048 0.077
0 0.833 0.537 0.048 0.077
0 0.214 0.783 0.048 0.077
0 0.878 0.583 0.048 0.077
