0 0.285 0.470 0.043 0.068
0 0.210 0.467 0.042 0.067
0 0.210 0.608 0.044 0.070
0 0.215 0.643 0.040 0.063
0 0.229 0.740 0.044 0.070
0 0.315 0.847 0.048 0.077
0 0.364 0.833 0.040 0.063
0 0.106 0.343 0.046 0.073
0 0.646 0.772 0.042 0.067
0 0.393 0.228 0.044 0.070
0 0.030 0.770 0.044 0.070
0 0.568 0.235 0.035 0.057
0 0.231 0.152 0.044 0.070
0 0.184 0.492 0.048 0.077
0 0.173 0.760 0.037 0.060
0 0.796 0.363 0.045 0.072
0 0.111 0.365 0.041 0.065
0 0.886 0.743 0.041 0.065
0 0.376 0.488 0.044 0.070
0 0.376 0.780 0.036 0.058
0 0.872 1.000 0.034 0.055
