0 0.381 0.155 0.035 0.057
0 0.121 0.972 0.042 0.067
0 0.323 0.833 0.048 0.077
0 0.783 0.470 0.041 0.065
0 0.806 0.278 0.040 0.063
0 0.780 0.395 0.042 0.067
0 0.355 0.373 0.041 0.065
0 0.749 0.278 0.042 0.067
0 0.493 0.650 0.036 0.058
0 0.303 0.822 0.037 0.060
0 0.207 0.753 0.037 0.060
0 0.655 0.108 0.035 0.057
0 0.838 0.098 0.037 0.060
0 0.059 0.618 0.040 0.063
0 0.690 0.653 0.037 0.060
0 0.925 0.733 0.036 0.058
0 0.869 0.145 0.042 0.067
0 0.118 0.772 0.042 0.067
0 0.232 0.643 0.041 0.065
0 0.291 0.000 0.046 0.073
0 0.153 0.062 0.035 0.057
0 0.007 0.365 0.044 0.070
0 0.000 0.548 0.041 0.065
0 0.523 0.103 0.045 0.072
0 0.803 0.088 0.033 0.053
0 0.991 0.573 0.041 0.065
0 0.541 0.460 0.046 0.073
0 0.823 0.063 0.033 0.053
