0 0.380 0.153 0.036 0.058
0 0.121 0.968 0.041 0.065
0 0.330 0.840 0.035 0.057
0 0.781 0.472 0.037 0.060
0 0.804 0.278 0.041 0.065
0 0.778 0.397 0.041 0.065
0 0.354 0.373 0.042 0.067
0 0.751 0.278 0.041 0.065
0 0.497 0.650 0.035 0.057
0 0.306 0.820 0.048 0.077
0 0.206 0.755 0.042 0.067
0 0.656 0.110 0.033 0.053
0 0.839 0.098 0.040 0.063
0 0.058 0.623 0.042 0.067
0 0.693 0.653 0.036 0.058
0 0.926 0.735 0.040 0.063
0 0.870 0.145 0.037 0.060
0 0.119 0.773 0.042 0.067
0 0.231 0.647 0.041 0.065
0 0.291 0.000 0.044 0.070
0 0.155 0.062 0.035 0.057
0 0.007 0.368 0.042 0.067
0 0.000 0.550 0.048 0.077
0 0.524 0.110 0.048 0.077
0 0.800 0.088 0.033 0.053
0 0.990 0.572 0.041 0.065
0 0.542 0.460 0.036 0.058
0 0.824 0.067 0.035 0.057
