0 0.330 0.655 0.048 0.077
0 0.992 0.295 0.048 0.077
0 0.899 0.260 0.046 0.073
0 0.526 0.007 0.045 0.072
0 0.761 0.282 0.045 0.072
0 0.100 0.812 0.048 0.077
0 0.588 0.562 0.035 0.057
0 0.769 0.402 0.040 0.063
0 0.560 0.372 0.042 0.067
0 0.630 0.730 0.042 0.067
0 0.446 0.752 0.048 0.077
0 0.671 0.310 0.048 0.077
0 0.615 0.353 0.042 0.067
0 0.734 0.603 0.044 0.070
0 0.546 0.362 0.036 0.058
0 0.318 0.775 0.035 0.057
0 0.411 0.700 0.037 0.060
0 0.496 0.663 0.042 0.067
0 0.579 0.885 0.032 0.052
0 0.725 0.248 0.036 0.058
0 0.768 0.790 0.033 0.053
0 0.597 0.232 0.048 0.077
0 0.960 0.993 0.043 0.068
0 0.629 0.233 0.035 0.057
0 0.007 0.363 0.041 0.065
