0 0.668 0.320 0.042 0.067
0 0.019 0.137 0.042 0.067
0 0.706 0.615 0.042 0.067
0 0.030 0.687 0.037 0.060
0 0.055 0.177 0.048 0.077
0 0.805 0.790 0.036 0.058
0 0.403 0.618 0.035 0.057
0 0.283 0.448 0.042 0.067
0 0.028 0.248 0.043 0.068
0 0.141 0.533 0.037 0.060
0 0.272 0.418 0.041 0.065
0 0.653 0.660 0.034 0.055
0 0.659 0.378 0.033 0.053
0 0.275 0.562 0.035 0.057
0 0.757 0.287 0.037 0.060
0 0.696 0.507 0.037 0.060
0 0.883 1.000 0.044 0.070
0 0.652 0.317 0.040 0.063
0 0.419 0.697 0.037 0.060
0 0.519 1.000 0.033 0.053
0 0.415 0.655 0.036 0.058
0 0.491 1.000 0.033 0.053
0 0.304 0.442 0.037 0.060
0 0.714 0.993 0.036 0.058
