0 0.330 0.657 0.048 0.077
0 0.992 0.295 0.048 0.077
0 0.902 0.260 0.044 0.070
0 0.525 0.007 0.048 0.077
0 0.761 0.270 0.048 0.077
0 0.099 0.813 0.048 0.077
0 0.593 0.563 0.037 0.060
0 0.770 0.402 0.042 0.067
0 0.564 0.377 0.041 0.065
0 0.628 0.728 0.043 0.068
0 0.443 0.760 0.041 0.065
0 0.672 0.310 0.048 0.077
0 0.614 0.350 0.040 0.063
0 0.736 0.598 0.048 0.077
0 0.551 0.358 0.036 0.058
0 0.317 0.768 0.041 0.065
0 0.411 0.708 0.042 0.067
0 0.496 0.663 0.045 0.072
0 0.578 0.883 0.035 0.057
0 0.725 0.252 0.040 0.063
0 0.767 0.792 0.035 0.057
0 0.597 0.250 0.044 0.070
0 0.963 0.988 0.044 0.070
0 0.630 0.230 0.035 0.057
0 0.009 0.367 0.035 0.057
