0 0.330 0.657 0.048 0.077
0 0.993 0.297 0.048 0.077
0 0.900 0.255 0.043 0.068
0 0.524 0.008 0.048 0.077
0 0.759 0.282 0.047 0.075
0 0.103 0.805 0.045 0.072
0 0.582 0.565 0.035 0.057
0 0.766 0.400 0.037 0.060
0 0.561 0.370 0.041 0.065
0 0.634 0.722 0.035 0.057
0 0.442 0.748 0.036 0.058
0 0.669 0.307 0.046 0.073
0 0.618 0.355 0.042 0.067
0 0.739 0.607 0.041 0.065
0 0.542 0.362 0.043 0.068
0 0.323 0.775 0.034 0.055
0 0.410 0.700 0.041 0.065
0 0.497 0.667 0.043 0.068
0 0.579 0.885 0.035 0.057
0 0.725 0.248 0.036 0.058
0 0.768 0.790 0.035 0.057
0 0.596 0.232 0.048 0.077
0 0.959 0.993 0.043 0.068
0 0.626 0.240 0.034 0.055
0 0.006 0.358 0.046 0.073
