0 0.277 0.472 0.048 0.077
0 0.209 0.500 0.048 0.077
0 0.211 0.615 0.044 0.070
0 0.223 0.658 0.044 0.070
0 0.222 0.737 0.048 0.077
0 0.328 0.848 0.041 0.065
0 0.376 0.817 0.044 0.070
0 0.092 0.333 0.044 0.070
0 0.656 0.747 0.044 0.070
0 0.399 0.257 0.048 0.077
0 0.035 0.752 0.040 0.063
0 0.574 0.250 0.048 0.077
0 0.226 0.178 0.048 0.077
0 0.185 0.497 0.042 0.067
0 0.172 0.755 0.040 0.063
0 0.800 0.360 0.048 0.077
0 0.102 0.363 0.048 0.077
0 0.884 0.730 0.042 0.067
0 0.397 0.495 0.044 0.070
0 0.376 0.780 0.040 0.063
0 0.869 0.998 0.042 0.067
