0 0.867 0.083 0.048 0.077
0 0.276 0.628 0.047 0.075
0 0.151 0.005 0.048 0.077
0 0.886 0.145 0.048 0.077
0 0.534 0.825 0.042 0.067
0 0.175 0.038 0.047 0.075
0 0.534 0.080 0.044 0.070
0 0.723 0.682 0.048 0.077
0 0.342 0.505 0.048 0.077
0 0.485 0.885 0.048 0.077
0 0.326 0.998 0.048 0.077
0 0.343 0.027 0.048 0.077
0 0.829 0.490 0.046 0.073
0 0.994 0.043 0.044 0.070
0 0.355 0.155 0.046 0.073
0 0.276 0.473 0.048 0.077
0 0.865 0.373 0.032 0.052
0 0.795 0.500 0.045 0.072
0 0.145 0.998 0.035 0.057
0 0.451 0.015 0.041 0.065
