0 0.866 0.082 0.047 0.075
0 0.273 0.627 0.048 0.077
0 0.145 0.000 0.047 0.075
0 0.878 0.137 0.047 0.075
0 0.542 0.817 0.047 0.075
0 0.154 0.048 0.042 0.067
0 0.541 0.073 0.043 0.068
0 0.730 0.687 0.048 0.077
0 0.348 0.505 0.048 0.077
0 0.486 0.872 0.048 0.077
0 0.319 1.000 0.046 0.073
0 0.335 0.023 0.048 0.077
0 0.825 0.502 0.048 0.077
0 0.988 0.037 0.047 0.075
0 0.357 0.158 0.048 0.077
0 0.281 0.510 0.045 0.072
0 0.867 0.372 0.048 0.077
0 0.794 0.508 0.048 0.077
0 0.130 1.000 0.044 0.070
0 0.466 0.013 0.032 0.052
