0 0.374 0.172 0.036 0.058
0 0.127 0.985 0.043 0.068
0 0.309 0.860 0.042 0.067
0 0.779 0.460 0.041 0.065
0 0.804 0.298 0.041 0.065
0 0.789 0.407 0.042 0.067
0 0.362 0.383 0.040 0.063
0 0.747 0.265 0.041 0.065
0 0.487 0.668 0.040 0.063
0 0.311 0.823 0.048 0.077
0 0.224 0.755 0.037 0.060
0 0.651 0.088 0.033 0.053
0 0.841 0.088 0.040 0.063
0 0.058 0.603 0.041 0.065
0 0.698 0.662 0.042 0.067
0 0.930 0.715 0.036 0.058
0 0.858 0.138 0.036 0.058
0 0.107 0.780 0.041 0.065
0 0.224 0.637 0.040 0.063
0 0.295 0.000 0.045 0.072
0 0.133 0.065 0.037 0.060
0 0.013 0.367 0.048 0.077
0 0.002 0.552 0.035 0.057
0 0.525 0.092 0.041 0.065
0 0.794 0.105 0.036 0.058
0 1.000 0.558 0.044 0.070
0 0.536 0.477 0.035 0.057
0 0.831 0.048 0.040 0.063
