0 0.553 0.873 0.042 0.067
0 0.835 0.962 0.044 0.070
0 0.854 0.593 0.045 0.072
0 0.097 0.618 0.035 0.057
0 0.320 0.487 0.037 0.060
0 0.030 0.440 0.040 0.063
0 0.554 0.342 0.037 0.060
0 0.824 0.410 0.044 0.070
0 0.058 0.737 0.037 0.060
0 0.654 0.922 0.042 0.067
0 0.828 0.738 0.041 0.065
0 0.586 0.063 0.043 0.068
0 0.766 0.388 0.040 0.063
0 0.128 0.910 0.048 0.077
0 0.359 0.093 0.043 0.068
0 0.767 0.440 0.035 0.057
0 0.373 0.700 0.044 0.070
0 0.685 0.217 0.037 0.060
0 0.629 0.418 0.046 0.073
0 0.169 0.282 0.041 0.065
0 0.551 0.580 0.041 0.065
0 0.668 0.578 0.041 0.065
0 0.552 0.783 0.041 0.065
0 0.011 0.560 0.042 0.067
0 0.765 0.155 0.036 0.058
0 0.860 0.960 0.037 0.060
0 0.978 0.975 0.035 0.057
0 0.290 0.865 0.042 0.067
0 0.415 0.448 0.041 0.065
0 0.466 0.410 0.046 0.073
0 0.811 0.575 0.042 0.067
0 0.317 0.263 0.041 0.065
0 0.603 0.762 0.040 0.063
0 0.647 0.578 0.037 0.060
0 0.722 0.040 0.042 0.067
0 0.475 0.130 0.037 0.060
0 0.781 0.760 0.035 0.057
0 0.733 0.537 0.040 0.063
0 0.951 0.690 0.035 0.057
0 0.125 0.582 0.035 0.057
0 0.683 0.827 0.035 0.057
0 0.008 0.713 0.036 0.058
0 0.266 0.810 0.036 0.058
0 0.881 0.440 0.036 0.058
0 0.674 0.793 0.035 0.057
0 0.671 0.543 0.032 0.052
0 0.358 0.335 0.044 0.070
0 0.231 0.793 0.048 0.077
0 0.928 0.172 0.036 0.058
0 0.449 0.998 0.030 0.048
0 0.186 0.040 0.037 0.060
0 0.588 0.318 0.042 0.067
0 0.585 0.265 0.036 0.058
0 0.789 1.000 0.040 0.063
0 0.545 0.232 0.031 0.050
0 0.799 0.608 0.035 0.057
