0 0.670 0.317 0.041 0.065
0 0.020 0.142 0.048 0.077
0 0.706 0.615 0.041 0.065
0 0.030 0.690 0.042 0.067
0 0.054 0.178 0.045 0.072
0 0.806 0.792 0.036 0.058
0 0.404 0.620 0.036 0.058
0 0.284 0.450 0.042 0.067
0 0.026 0.247 0.040 0.063
0 0.143 0.530 0.042 0.067
0 0.271 0.413 0.043 0.068
0 0.653 0.662 0.036 0.058
0 0.658 0.373 0.037 0.060
0 0.273 0.560 0.034 0.055
0 0.757 0.285 0.036 0.058
0 0.695 0.503 0.041 0.065
0 0.880 0.997 0.048 0.077
0 0.655 0.315 0.048 0.077
0 0.421 0.700 0.033 0.053
0 0.520 0.998 0.032 0.052
0 0.414 0.655 0.035 0.057
0 0.493 1.000 0.032 0.052
0 0.309 0.435 0.034 0.055
0 0.715 0.993 0.032 0.052
