0 0.864 0.085 0.048 0.077
0 0.275 0.627 0.046 0.073
0 0.128 0.000 0.034 0.055
0 0.885 0.152 0.047 0.075
0 0.535 0.822 0.048 0.077
0 0.173 0.035 0.047 0.075
0 0.533 0.077 0.046 0.073
0 0.726 0.680 0.048 0.077
0 0.343 0.503 0.048 0.077
0 0.484 0.878 0.046 0.073
0 0.324 0.998 0.048 0.077
0 0.339 0.030 0.048 0.077
0 0.829 0.493 0.048 0.077
0 0.995 0.040 0.048 0.077
0 0.351 0.158 0.046 0.073
0 0.276 0.478 0.048 0.077
0 0.864 0.372 0.035 0.057
0 0.791 0.517 0.047 0.075
0 0.151 1.000 0.042 0.067
0 0.443 0.008 0.046 0.073
