0 0.330 0.655 0.048 0.077
0 0.992 0.295 0.048 0.077
0 0.901 0.257 0.045 0.072
0 0.526 0.008 0.048 0.077
0 0.761 0.272 0.048 0.077
0 0.105 0.810 0.046 0.073
0 0.591 0.562 0.035 0.057
0 0.769 0.403 0.042 0.067
0 0.559 0.372 0.048 0.077
0 0.629 0.725 0.037 0.060
0 0.443 0.758 0.042 0.067
0 0.672 0.308 0.047 0.075
0 0.614 0.353 0.042 0.067
0 0.736 0.605 0.041 0.065
0 0.549 0.358 0.037 0.060
0 0.317 0.772 0.035 0.057
0 0.410 0.702 0.041 0.065
0 0.496 0.665 0.044 0.070
0 0.578 0.885 0.036 0.058
0 0.725 0.247 0.042 0.067
0 0.767 0.795 0.035 0.057
0 0.600 0.230 0.047 0.075
0 0.965 0.987 0.037 0.060
0 0.630 0.227 0.033 0.053
0 0.005 0.360 0.045 0.072
