0 0.543 0.857 0.041 0.065
0 0.829 0.953 0.047 0.075
0 0.853 0.587 0.044 0.070
0 0.104 0.605 0.042 0.067
0 0.326 0.478 0.040 0.063
0 0.027 0.452 0.036 0.058
0 0.553 0.350 0.036 0.058
0 0.823 0.408 0.043 0.068
0 0.062 0.723 0.042 0.067
0 0.653 0.908 0.037 0.060
0 0.831 0.748 0.041 0.065
0 0.596 0.055 0.042 0.067
0 0.761 0.392 0.040 0.063
0 0.129 0.912 0.048 0.077
0 0.353 0.087 0.044 0.070
0 0.758 0.425 0.040 0.063
0 0.371 0.713 0.040 0.063
0 0.682 0.220 0.037 0.060
0 0.628 0.412 0.048 0.077
0 0.172 0.277 0.042 0.067
0 0.552 0.560 0.042 0.067
0 0.662 0.582 0.036 0.058
0 0.547 0.765 0.037 0.060
0 0.008 0.552 0.042 0.067
0 0.770 0.152 0.036 0.058
0 0.867 0.955 0.033 0.053
0 0.976 0.970 0.035 0.057
0 0.293 0.868 0.042 0.067
0 0.421 0.455 0.044 0.070
0 0.471 0.415 0.048 0.077
0 0.800 0.570 0.041 0.065
0 0.316 0.277 0.040 0.063
0 0.591 0.758 0.035 0.057
0 0.648 0.582 0.032 0.052
0 0.727 0.028 0.044 0.070
0 0.483 0.120 0.040 0.063
0 0.787 0.752 0.034 0.055
0 0.746 0.548 0.041 0.065
0 0.950 0.705 0.032 0.052
0 0.125 0.590 0.041 0.065
0 0.677 0.835 0.037 0.060
0 0.016 0.712 0.035 0.057
0 0.277 0.828 0.035 0.057
0 0.880 0.440 0.035 0.057
0 0.671 0.782 0.035 0.057
0 0.667 0.548 0.037 0.060
0 0.365 0.317 0.041 0.065
0 0.234 0.793 0.040 0.063
0 0.926 0.180 0.037 0.060
0 0.454 0.998 0.032 0.052
0 0.183 0.052 0.035 0.057
0 0.593 0.303 0.042 0.067
0 0.586 0.263 0.037 0.060
0 0.787 1.000 0.039 0.062
0 0.550 0.220 0.032 0.052
0 0.810 0.607 0.041 0.065
