0 0.530 0.417 0.042 0.067
0 0.207 0.493 0.048 0.077
0 0.653 0.443 0.043 0.068
0 0.392 0.575 0.042 0.067
0 0.672 0.525 0.045 0.072
0 0.290 0.187 0.048 0.077
0 0.579 1.000 0.037 0.060
0 0.676 0.212 0.046 0.073
0 0.717 0.760 0.046 0.073
0 0.216 0.425 0.045 0.072
0 0.334 0.502 0.041 0.065
0 0.809 0.668 0.040 0.063
0 0.958 0.850 0.040 0.063
0 0.338 1.000 0.041 0.065
0 0.192 0.367 0.048 0.077
0 0.809 0.475 0.037 0.060
0 0.902 0.787 0.040 0.063
0 0.738 0.112 0.042 0.067
0 0.644 0.758 0.046 0.073
0 0.168 0.577 0.041 0.065
0 0.021 0.747 0.048 0.077
0 0.276 0.410 0.048 0.077
0 0.043 0.022 0.037 0.060
0 0.269 0.998 0.044 0.070
