0 0.300 1.000 0.041 0.065
0 0.777 0.743 0.048 0.077
0 0.318 0.460 0.042 0.067
0 0.295 0.490 0.046 0.073
0 0.738 0.045 0.036 0.058
0 0.885 1.000 0.048 0.077
0 0.665 0.292 0.048 0.077
0 0.483 0.832 0.048 0.077
0 0.418 0.608 0.047 0.075
0 0.518 0.763 0.046 0.073
0 0.370 0.155 0.048 0.077
0 0.833 0.805 0.048 0.077
0 0.322 0.915 0.035 0.057
0 0.751 0.747 0.046 0.073
0 0.607 0.195 0.048 0.077
0 0.636 0.737 0.044 0.070
0 0.384 0.875 0.044 0.070
0 0.416 0.898 0.048 0.077
0 0.549 0.165 0.046 0.073
0 0.674 0.868 0.035 0.057
0 0.372 0.318 0.040 0.063
0 0.391 0.812 0.043 0.068
0 0.904 0.402 0.041 0.065
0 0.498 0.625 0.046 0.073
0 0.681 0.975 0.048 0.077
0 0.749 0.848 0.037 0.060
0 0.570 0.237 0.048 0.077
0 0.701 0.807 0.042 0.067
0 0.071 0.915 0.048 0.077
0 0.879 0.957 0.048 0.077
0 0.723 0.295 0.048 0.077
0 0.896 0.238 0.048 0.077
0 0.239 0.698 0.043 0.068
0 0.914 0.972 0.041 0.065
0 0.950 0.990 0.041 0.065
0 0.897 0.378 0.048 0.077
