0 0.537 0.418 0.042 0.067
0 0.210 0.490 0.044 0.070
0 0.651 0.438 0.044 0.070
0 0.394 0.572 0.044 0.070
0 0.668 0.523 0.044 0.070
0 0.291 0.177 0.048 0.077
0 0.584 0.988 0.036 0.058
0 0.672 0.212 0.041 0.065
0 0.707 0.755 0.047 0.075
0 0.220 0.430 0.042 0.067
0 0.342 0.477 0.040 0.063
0 0.795 0.665 0.044 0.070
0 0.965 0.877 0.037 0.060
0 0.344 1.000 0.043 0.068
0 0.190 0.368 0.048 0.077
0 0.820 0.493 0.037 0.060
0 0.901 0.797 0.036 0.058
0 0.732 0.133 0.040 0.063
0 0.643 0.773 0.043 0.068
0 0.168 0.577 0.041 0.065
0 0.026 0.737 0.036 0.058
0 0.282 0.390 0.045 0.072
0 0.047 0.027 0.042 0.067
0 0.277 0.985 0.046 0.073
