0 0.467 0.795 0.043 0.068
0 0.096 0.250 0.048 0.077
0 0.066 0.747 0.048 0.077
0 0.209 0.015 0.044 0.070
0 0.305 0.938 0.048 0.077
0 0.720 0.157 0.046 0.073
0 0.185 0.892 0.044 0.070
0 0.373 0.810 0.040 0.063
0 0.380 0.683 0.045 0.072
0 0.292 0.395 0.037 0.060
0 0.620 0.883 0.044 0.070
0 0.815 0.053 0.048 0.077
0 0.618 0.678 0.048 0.077
0 0.090 0.943 0.044 0.070
0 0.871 0.522 0.048 0.077
0 0.795 0.490 0.044 0.070
0 0.271 0.655 0.041 0.065
0 0.078 0.337 0.044 0.070
0 0.801 0.632 0.045 0.072
0 0.362 0.272 0.037 0.060
0 0.547 0.468 0.044 0.070
0 0.430 0.328 0.048 0.077
0 0.588 0.847 0.048 0.077
0 0.032 0.428 0.037 0.060
0 0.535 0.310 0.048 0.077
0 0.286 0.838 0.046 0.073
0 0.539 0.165 0.048 0.077
0 0.668 0.443 0.046 0.073
0 0.975 0.458 0.048 0.077
0 0.955 0.177 0.046 0.073
0 0.699 0.325 0.046 0.073
0 0.461 0.513 0.042 0.067
0 0.952 0.065 0.046 0.073
0 0.647 0.317 0.046 0.073
0 0.372 0.395 0.048 0.077
0 0.491 0.460 0.043 0.068
0 0.809 0.983 0.044 0.070
0 0.571 0.362 0.042 0.067
0 0.385 0.987 0.044 0.070
0 0.765 0.923 0.048 0.077
0 0.625 0.185 0.045 0.072
0 0.875 0.917 0.040 0.063
0 0.564 0.245 0.042 0.067
0 0.147 0.015 0.040 0.063
0 0.000 0.033 0.044 0.070
0 0.960 0.028 0.036 0.058
0 0.492 0.323 0.032 0.052
