0 0.248 0.672 0.048 0.077
0 0.798 0.090 0.048 0.077
0 0.688 0.415 0.048 0.077
0 0.170 0.818 0.046 0.073
0 0.550 0.413 0.048 0.077
0 0.706 0.382 0.048 0.077
0 0.321 0.193 0.048 0.077
0 0.102 0.648 0.048 0.077
0 0.405 0.740 0.046 0.073
0 0.396 0.795 0.046 0.073
0 0.994 0.112 0.048 0.077
0 0.921 0.153 0.047 0.075
0 0.142 0.225 0.048 0.077
0 0.857 0.257 0.042 0.067
0 0.895 0.058 0.035 0.057
0 0.155 0.843 0.040 0.063
0 0.520 0.018 0.048 0.077
0 0.950 0.327 0.048 0.077
0 0.211 0.657 0.048 0.077
0 0.381 0.820 0.044 0.070
0 0.298 0.368 0.048 0.077
0 0.890 0.122 0.048 0.077
0 0.915 0.780 0.044 0.070
0 0.116 0.743 0.048 0.077
0 0.671 0.082 0.048 0.077
0 0.185 0.862 0.048 0.077
0 0.945 0.995 0.048 0.077
0 0.019 0.777 0.044 0.070
0 0.058 0.715 0.048 0.077
0 0.509 0.063 0.048 0.077
0 0.446 0.603 0.044 0.070
0 0.667 0.130 0.048 0.077
0 0.386 0.870 0.048 0.077
0 0.406 0.973 0.044 0.070
0 0.967 0.313 0.047 0.075
0 0.098 0.743 0.048 0.077
0 0.865 0.068 0.048 0.077
0 0.010 0.085 0.048 0.077
0 0.400 0.037 0.042 0.067
0 0.174 0.753 0.046 0.073
0 0.833 0.537 0.037 0.060
0 0.212 0.795 0.048 0.077
0 0.879 0.580 0.047 0.075
