0 0.667 0.323 0.042 0.067
0 0.015 0.140 0.047 0.075
0 0.706 0.615 0.041 0.065
0 0.025 0.680 0.041 0.065
0 0.053 0.177 0.046 0.073
0 0.805 0.783 0.042 0.067
0 0.404 0.618 0.035 0.057
0 0.281 0.445 0.041 0.065
0 0.025 0.245 0.040 0.063
0 0.139 0.532 0.037 0.060
0 0.272 0.415 0.042 0.067
0 0.658 0.662 0.036 0.058
0 0.655 0.378 0.037 0.060
0 0.279 0.563 0.037 0.060
0 0.761 0.282 0.033 0.053
0 0.695 0.502 0.041 0.065
0 0.879 0.997 0.041 0.065
0 0.653 0.322 0.043 0.068
0 0.419 0.698 0.035 0.057
0 0.518 0.997 0.035 0.057
0 0.415 0.653 0.035 0.057
0 0.492 1.000 0.033 0.053
0 0.310 0.437 0.036 0.058
0 0.709 1.000 0.033 0.053
