0 0.727 0.828 0.040 0.063
0 0.766 0.532 0.048 0.077
0 0.934 0.182 0.048 0.077
0 0.353 0.515 0.045 0.072
0 0.188 0.738 0.044 0.070
0 0.738 0.067 0.048 0.077
0 0.261 0.508 0.042 0.067
0 0.352 0.208 0.037 0.060
0 0.005 0.738 0.048 0.077
0 0.377 0.357 0.041 0.065
0 0.267 0.067 0.037 0.060
0 0.695 0.212 0.045 0.072
0 0.542 0.698 0.044 0.070
0 0.284 0.652 0.048 0.077
0 0.875 0.837 0.044 0.070
0 0.271 0.717 0.044 0.070
0 0.733 0.935 0.042 0.067
0 0.922 0.600 0.042 0.067
0 0.560 0.877 0.042 0.067
0 0.464 0.570 0.037 0.060
0 0.857 0.657 0.037 0.060
0 0.133 0.805 0.048 0.077
0 0.694 0.672 0.042 0.067
0 0.646 0.297 0.042 0.067
0 0.935 0.418 0.036 0.058
0 0.114 0.225 0.040 0.063
0 0.578 0.033 0.044 0.070
0 0.468 0.598 0.041 0.065
0 0.609 0.303 0.042 0.067
0 0.656 0.733 0.048 0.077
0 0.799 0.272 0.042 0.067
0 0.361 0.288 0.036 0.058
0 0.248 0.677 0.048 0.077
0 0.608 0.653 0.043 0.068
0 0.838 0.448 0.042 0.067
0 0.902 0.777 0.042 0.067
0 0.589 0.613 0.048 0.077
0 0.676 0.302 0.040 0.063
0 0.011 0.058 0.044 0.070
0 0.833 0.000 0.036 0.058
0 0.669 0.022 0.042 0.067
