0 0.675 0.320 0.041 0.065
0 0.019 0.135 0.047 0.075
0 0.707 0.617 0.041 0.065
0 0.043 0.693 0.042 0.067
0 0.054 0.177 0.048 0.077
0 0.814 0.807 0.048 0.077
0 0.407 0.620 0.042 0.067
0 0.277 0.453 0.037 0.060
0 0.025 0.245 0.040 0.063
0 0.152 0.533 0.037 0.060
0 0.272 0.412 0.042 0.067
0 0.643 0.668 0.035 0.057
0 0.661 0.372 0.040 0.063
0 0.265 0.560 0.035 0.057
0 0.754 0.292 0.041 0.065
0 0.697 0.507 0.042 0.067
0 0.890 0.997 0.042 0.067
0 0.647 0.315 0.037 0.060
0 0.418 0.697 0.040 0.063
0 0.517 1.000 0.036 0.058
0 0.415 0.653 0.034 0.055
0 0.491 1.000 0.032 0.052
0 0.307 0.438 0.031 0.050
0 0.722 0.990 0.037 0.060
