0 0.253 0.665 0.047 0.075
0 0.797 0.088 0.048 0.077
0 0.691 0.422 0.046 0.073
0 0.170 0.817 0.048 0.077
0 0.549 0.407 0.047 0.075
0 0.710 0.377 0.048 0.077
0 0.320 0.177 0.035 0.057
0 0.111 0.643 0.048 0.077
0 0.396 0.748 0.048 0.077
0 0.406 0.790 0.048 0.077
0 1.000 0.110 0.048 0.077
0 0.915 0.167 0.048 0.077
0 0.140 0.215 0.047 0.075
0 0.852 0.243 0.048 0.077
0 0.905 0.078 0.048 0.077
0 0.159 0.845 0.048 0.077
0 0.524 0.017 0.048 0.077
0 0.950 0.323 0.048 0.077
0 0.222 0.638 0.048 0.077
0 0.384 0.818 0.037 0.060
0 0.299 0.367 0.048 0.077
0 0.891 0.112 0.048 0.077
0 0.916 0.777 0.048 0.077
0 0.117 0.740 0.048 0.077
0 0.664 0.073 0.032 0.052
0 0.191 0.858 0.048 0.077
0 0.956 1.000 0.048 0.077
0 0.010 0.790 0.048 0.077
0 0.062 0.713 0.048 0.077
0 0.503 0.070 0.048 0.077
0 0.443 0.617 0.045 0.072
0 0.679 0.115 0.044 0.070
0 0.385 0.870 0.048 0.077
0 0.417 0.962 0.042 0.067
0 0.975 0.308 0.044 0.070
0 0.104 0.725 0.046 0.073
0 0.864 0.073 0.042 0.067
0 0.020 0.078 0.046 0.073
0 0.400 0.035 0.045 0.072
0 0.175 0.753 0.046 0.073
0 0.831 0.535 0.041 0.065
0 0.217 0.785 0.048 0.077
0 0.872 0.580 0.046 0.073
