0 0.674 0.318 0.041 0.065
0 0.017 0.135 0.048 0.077
0 0.707 0.615 0.041 0.065
0 0.042 0.692 0.036 0.058
0 0.052 0.177 0.047 0.075
0 0.806 0.803 0.043 0.068
0 0.404 0.617 0.040 0.063
0 0.279 0.453 0.044 0.070
0 0.025 0.245 0.040 0.063
0 0.148 0.528 0.042 0.067
0 0.273 0.417 0.040 0.063
0 0.643 0.668 0.034 0.055
0 0.662 0.365 0.044 0.070
0 0.267 0.562 0.035 0.057
0 0.757 0.292 0.041 0.065
0 0.695 0.505 0.040 0.063
0 0.890 1.000 0.037 0.060
0 0.647 0.313 0.042 0.067
0 0.419 0.700 0.036 0.058
0 0.517 1.000 0.033 0.053
0 0.414 0.655 0.032 0.052
0 0.492 1.000 0.033 0.053
0 0.304 0.438 0.044 0.070
0 0.721 0.985 0.034 0.055
