0 0.325 0.643 0.040 0.063
0 0.993 0.298 0.044 0.070
0 0.894 0.252 0.044 0.070
0 0.526 0.020 0.044 0.070
0 0.749 0.298 0.048 0.077
0 0.104 0.805 0.044 0.070
0 0.569 0.578 0.034 0.055
0 0.756 0.418 0.041 0.065
0 0.574 0.353 0.044 0.070
0 0.646 0.727 0.036 0.058
0 0.450 0.747 0.040 0.063
0 0.661 0.310 0.048 0.077
0 0.621 0.342 0.041 0.065
0 0.738 0.608 0.047 0.075
0 0.525 0.357 0.041 0.065
0 0.331 0.770 0.033 0.053
0 0.401 0.705 0.044 0.070
0 0.497 0.662 0.042 0.067
0 0.578 0.882 0.034 0.055
0 0.725 0.248 0.036 0.058
0 0.767 0.790 0.034 0.055
0 0.588 0.240 0.044 0.070
0 0.954 0.977 0.048 0.077
0 0.628 0.260 0.048 0.077
0 0.013 0.358 0.048 0.077
