0 0.470 0.810 0.041 0.065
0 0.098 0.230 0.048 0.077
0 0.059 0.752 0.048 0.077
0 0.216 0.005 0.046 0.073
0 0.309 0.942 0.046 0.073
0 0.725 0.155 0.048 0.077
0 0.190 0.897 0.044 0.070
0 0.372 0.815 0.041 0.065
0 0.377 0.655 0.048 0.077
0 0.298 0.378 0.042 0.067
0 0.622 0.878 0.044 0.070
0 0.808 0.048 0.048 0.077
0 0.616 0.688 0.048 0.077
0 0.081 0.948 0.048 0.077
0 0.877 0.518 0.048 0.077
0 0.801 0.502 0.045 0.072
0 0.269 0.633 0.048 0.077
0 0.078 0.330 0.042 0.067
0 0.807 0.608 0.045 0.072
0 0.382 0.288 0.041 0.065
0 0.548 0.470 0.045 0.072
0 0.421 0.325 0.048 0.077
0 0.576 0.860 0.048 0.077
0 0.037 0.455 0.036 0.058
0 0.535 0.308 0.046 0.073
0 0.292 0.850 0.048 0.077
0 0.539 0.173 0.043 0.068
0 0.665 0.445 0.046 0.073
0 0.968 0.457 0.048 0.077
0 0.955 0.178 0.046 0.073
0 0.694 0.328 0.048 0.077
0 0.468 0.508 0.042 0.067
0 0.964 0.078 0.048 0.077
0 0.642 0.310 0.046 0.073
0 0.380 0.365 0.042 0.067
0 0.496 0.462 0.042 0.067
0 0.807 0.978 0.044 0.070
0 0.562 0.360 0.045 0.072
0 0.390 0.985 0.048 0.077
0 0.770 0.937 0.047 0.075
0 0.622 0.190 0.045 0.072
0 0.895 0.928 0.035 0.057
0 0.576 0.240 0.037 0.060
0 0.138 0.013 0.037 0.060
0 0.010 0.043 0.043 0.068
0 0.957 0.060 0.036 0.058
0 0.492 0.318 0.032 0.052
