0 0.374 0.172 0.037 0.060
0 0.127 0.980 0.042 0.067
0 0.311 0.853 0.040 0.063
0 0.780 0.462 0.041 0.065
0 0.807 0.297 0.041 0.065
0 0.786 0.403 0.042 0.067
0 0.361 0.385 0.041 0.065
0 0.747 0.265 0.040 0.063
0 0.490 0.665 0.037 0.060
0 0.311 0.827 0.042 0.067
0 0.220 0.753 0.036 0.058
0 0.648 0.090 0.034 0.055
0 0.839 0.088 0.041 0.065
0 0.058 0.607 0.040 0.063
0 0.698 0.660 0.042 0.067
0 0.929 0.718 0.036 0.058
0 0.860 0.140 0.036 0.058
0 0.109 0.778 0.042 0.067
0 0.227 0.638 0.046 0.073
0 0.296 0.000 0.048 0.077
0 0.134 0.065 0.035 0.057
0 0.010 0.363 0.043 0.068
0 0.002 0.552 0.035 0.057
0 0.527 0.097 0.034 0.055
0 0.800 0.105 0.044 0.070
0 0.999 0.560 0.044 0.070
0 0.536 0.475 0.036 0.058
0 0.830 0.050 0.037 0.060
