0 0.255 0.663 0.048 0.077
0 0.795 0.085 0.048 0.077
0 0.689 0.415 0.048 0.077
0 0.170 0.817 0.048 0.077
0 0.550 0.410 0.044 0.070
0 0.709 0.383 0.042 0.067
0 0.324 0.183 0.047 0.075
0 0.110 0.648 0.048 0.077
0 0.400 0.745 0.048 0.077
0 0.407 0.790 0.048 0.077
0 1.000 0.115 0.048 0.077
0 0.918 0.165 0.046 0.073
0 0.136 0.222 0.046 0.073
0 0.854 0.243 0.048 0.077
0 0.903 0.075 0.045 0.072
0 0.155 0.850 0.045 0.072
0 0.526 0.023 0.048 0.077
0 0.950 0.325 0.048 0.077
0 0.223 0.628 0.046 0.073
0 0.388 0.817 0.048 0.077
0 0.298 0.368 0.048 0.077
0 0.884 0.117 0.048 0.077
0 0.916 0.777 0.048 0.077
0 0.115 0.738 0.048 0.077
0 0.673 0.093 0.047 0.075
0 0.189 0.858 0.044 0.070
0 0.955 1.000 0.048 0.077
0 0.008 0.793 0.044 0.070
0 0.061 0.710 0.046 0.073
0 0.505 0.070 0.048 0.077
0 0.443 0.613 0.042 0.067
0 0.676 0.117 0.048 0.077
0 0.378 0.867 0.048 0.077
0 0.415 0.958 0.034 0.055
0 0.974 0.310 0.045 0.072
0 0.101 0.727 0.048 0.077
0 0.867 0.067 0.048 0.077
0 0.018 0.080 0.048 0.077
0 0.400 0.032 0.048 0.077
0 0.174 0.753 0.048 0.077
0 0.830 0.535 0.044 0.070
0 0.218 0.783 0.048 0.077
0 0.880 0.583 0.048 0.077
