0 0.276 0.467 0.043 0.068
0 0.209 0.490 0.042 0.067
0 0.210 0.608 0.042 0.067
0 0.223 0.660 0.048 0.077
0 0.223 0.742 0.044 0.070
0 0.330 0.852 0.040 0.063
0 0.379 0.815 0.042 0.067
0 0.092 0.332 0.043 0.068
0 0.651 0.753 0.048 0.077
0 0.401 0.255 0.042 0.067
0 0.034 0.752 0.035 0.057
0 0.574 0.257 0.040 0.063
0 0.225 0.172 0.041 0.065
0 0.179 0.493 0.047 0.075
0 0.173 0.757 0.032 0.052
0 0.798 0.362 0.044 0.070
0 0.097 0.360 0.041 0.065
0 0.886 0.732 0.044 0.070
0 0.396 0.490 0.035 0.057
0 0.380 0.780 0.035 0.057
0 0.869 0.998 0.042 0.067
