0 0.381 0.148 0.036 0.058
0 0.121 0.967 0.042 0.067
0 0.332 0.835 0.042 0.067
0 0.780 0.475 0.041 0.065
0 0.804 0.277 0.037 0.060
0 0.780 0.392 0.042 0.067
0 0.354 0.367 0.037 0.060
0 0.752 0.278 0.042 0.067
0 0.498 0.643 0.037 0.060
0 0.303 0.825 0.043 0.068
0 0.203 0.755 0.037 0.060
0 0.659 0.112 0.035 0.057
0 0.835 0.100 0.043 0.068
0 0.060 0.627 0.042 0.067
0 0.689 0.657 0.042 0.067
0 0.925 0.738 0.036 0.058
0 0.875 0.148 0.041 0.065
0 0.122 0.775 0.042 0.067
0 0.233 0.648 0.040 0.063
0 0.292 0.000 0.045 0.072
0 0.159 0.063 0.035 0.057
0 0.007 0.368 0.045 0.072
0 0.009 0.548 0.036 0.058
0 0.521 0.118 0.034 0.055
0 0.802 0.082 0.030 0.048
0 0.988 0.575 0.041 0.065
0 0.544 0.460 0.036 0.058
0 0.820 0.073 0.032 0.052
