0 0.372 0.928 0.041 0.065
0 0.627 0.942 0.048 0.077
0 0.265 0.082 0.042 0.067
0 0.707 0.963 0.045 0.072
0 0.208 0.040 0.048 0.077
0 0.583 0.018 0.048 0.077
0 0.926 0.843 0.042 0.067
0 0.132 0.803 0.048 0.077
0 0.769 0.577 0.048 0.077
0 0.396 0.080 0.048 0.077
0 0.961 0.978 0.048 0.077
0 0.042 0.247 0.045 0.072
0 0.717 0.210 0.048 0.077
0 0.509 0.250 0.048 0.077
0 0.825 0.947 0.048 0.077
0 0.158 0.158 0.042 0.067
0 0.478 0.168 0.048 0.077
0 0.755 0.550 0.041 0.065
0 0.648 0.632 0.044 0.070
0 0.603 0.538 0.043 0.068
0 0.568 0.312 0.036 0.058
0 0.055 0.020 0.048 0.077
0 0.135 0.583 0.036 0.058
0 0.453 0.382 0.046 0.073
0 0.536 0.437 0.044 0.070
0 0.355 0.425 0.040 0.063
0 0.467 0.092 0.048 0.077
0 0.734 0.362 0.036 0.058
0 0.938 0.000 0.036 0.058
0 0.818 0.582 0.048 0.077
0 0.438 0.040 0.048 0.077
0 0.028 0.137 0.048 0.077
0 0.742 0.702 0.037 0.060
0 0.118 0.777 0.048 0.077
0 0.677 0.343 0.037 0.060
0 0.819 0.247 0.042 0.067
0 0.693 0.900 0.035 0.057
0 0.491 0.390 0.042 0.067
0 0.980 0.052 0.044 0.070
0 0.457 0.720 0.044 0.070
0 0.647 0.422 0.048 0.077
