0 0.372 0.922 0.042 0.067
0 0.627 0.938 0.047 0.075
0 0.264 0.075 0.042 0.067
0 0.708 0.962 0.045 0.072
0 0.214 0.032 0.045 0.072
0 0.577 0.005 0.040 0.063
0 0.929 0.838 0.041 0.065
0 0.129 0.793 0.048 0.077
0 0.772 0.578 0.037 0.060
0 0.398 0.078 0.044 0.070
0 0.965 0.985 0.041 0.065
0 0.041 0.250 0.045 0.072
0 0.716 0.213 0.042 0.067
0 0.503 0.258 0.042 0.067
0 0.823 0.948 0.048 0.077
0 0.158 0.153 0.043 0.068
0 0.476 0.152 0.041 0.065
0 0.755 0.552 0.041 0.065
0 0.645 0.635 0.042 0.067
0 0.608 0.533 0.048 0.077
0 0.571 0.312 0.048 0.077
0 0.052 0.015 0.048 0.077
0 0.129 0.587 0.046 0.073
0 0.455 0.378 0.040 0.063
0 0.535 0.432 0.048 0.077
0 0.351 0.423 0.040 0.063
0 0.467 0.087 0.037 0.060
0 0.738 0.368 0.040 0.063
0 0.935 0.000 0.045 0.072
0 0.828 0.582 0.047 0.075
0 0.434 0.040 0.048 0.077
0 0.033 0.140 0.037 0.060
0 0.743 0.707 0.037 0.060
0 0.117 0.768 0.047 0.075
0 0.678 0.333 0.048 0.077
0 0.817 0.245 0.036 0.058
0 0.690 0.897 0.048 0.077
0 0.493 0.395 0.048 0.077
0 0.982 0.055 0.046 0.073
0 0.463 0.710 0.040 0.063
0 0.644 0.430 0.036 0.058
