0 0.466 0.798 0.042 0.067
0 0.100 0.230 0.043 0.068
0 0.062 0.750 0.048 0.077
0 0.210 0.007 0.048 0.077
0 0.307 0.943 0.048 0.077
0 0.720 0.152 0.048 0.077
0 0.185 0.888 0.044 0.070
0 0.373 0.812 0.041 0.065
0 0.377 0.680 0.045 0.072
0 0.292 0.387 0.040 0.063
0 0.620 0.883 0.044 0.070
0 0.815 0.053 0.047 0.075
0 0.619 0.678 0.044 0.070
0 0.086 0.945 0.046 0.073
0 0.873 0.520 0.048 0.077
0 0.796 0.490 0.044 0.070
0 0.273 0.653 0.048 0.077
0 0.083 0.337 0.048 0.077
0 0.803 0.630 0.044 0.070
0 0.368 0.272 0.040 0.063
0 0.546 0.468 0.044 0.070
0 0.427 0.333 0.047 0.075
0 0.586 0.848 0.048 0.077
0 0.036 0.430 0.043 0.068
0 0.539 0.312 0.048 0.077
0 0.287 0.838 0.045 0.072
0 0.541 0.167 0.044 0.070
0 0.670 0.445 0.048 0.077
0 0.973 0.458 0.047 0.075
0 0.954 0.177 0.045 0.072
0 0.700 0.327 0.044 0.070
0 0.464 0.517 0.046 0.073
0 0.955 0.065 0.046 0.073
0 0.642 0.310 0.034 0.055
0 0.372 0.382 0.044 0.070
0 0.492 0.458 0.041 0.065
0 0.808 0.980 0.048 0.077
0 0.571 0.360 0.041 0.065
0 0.385 0.988 0.044 0.070
0 0.762 0.933 0.048 0.077
0 0.624 0.188 0.046 0.073
0 0.879 0.917 0.037 0.060
0 0.565 0.245 0.040 0.063
0 0.146 0.000 0.048 0.077
0 0.000 0.032 0.044 0.070
0 0.961 0.033 0.035 0.057
0 0.493 0.320 0.032 0.052
