0 0.373 0.928 0.040 0.063
0 0.628 0.938 0.048 0.077
0 0.266 0.083 0.041 0.065
0 0.707 0.958 0.044 0.070
0 0.208 0.033 0.041 0.065
0 0.582 0.017 0.035 0.057
0 0.925 0.843 0.042 0.067
0 0.128 0.795 0.047 0.075
0 0.775 0.575 0.048 0.077
0 0.391 0.082 0.048 0.077
0 0.968 0.977 0.042 0.067
0 0.040 0.248 0.045 0.072
0 0.713 0.208 0.043 0.068
0 0.509 0.253 0.037 0.060
0 0.828 0.948 0.048 0.077
0 0.159 0.163 0.044 0.070
0 0.479 0.158 0.043 0.068
0 0.756 0.550 0.041 0.065
0 0.649 0.637 0.044 0.070
0 0.604 0.538 0.044 0.070
0 0.569 0.303 0.048 0.077
0 0.057 0.025 0.048 0.077
0 0.133 0.585 0.042 0.067
0 0.452 0.370 0.048 0.077
0 0.537 0.437 0.041 0.065
0 0.355 0.422 0.046 0.073
0 0.467 0.095 0.048 0.077
0 0.732 0.360 0.041 0.065
0 0.935 0.000 0.048 0.077
0 0.822 0.580 0.034 0.055
0 0.434 0.040 0.048 0.077
0 0.033 0.137 0.037 0.060
0 0.741 0.702 0.037 0.060
0 0.117 0.777 0.036 0.058
0 0.677 0.337 0.048 0.077
0 0.822 0.242 0.035 0.057
0 0.695 0.903 0.040 0.063
0 0.489 0.390 0.035 0.057
0 0.981 0.055 0.048 0.077
0 0.460 0.723 0.036 0.058
0 0.641 0.422 0.036 0.058
