0 0.330 0.653 0.048 0.077
0 0.992 0.295 0.046 0.073
0 0.899 0.255 0.044 0.070
0 0.526 0.000 0.048 0.077
0 0.759 0.285 0.048 0.077
0 0.101 0.813 0.048 0.077
0 0.580 0.565 0.036 0.058
0 0.764 0.402 0.040 0.063
0 0.564 0.365 0.041 0.065
0 0.633 0.727 0.045 0.072
0 0.444 0.750 0.041 0.065
0 0.666 0.308 0.048 0.077
0 0.619 0.353 0.042 0.067
0 0.735 0.603 0.048 0.077
0 0.535 0.358 0.044 0.070
0 0.325 0.772 0.036 0.058
0 0.405 0.695 0.048 0.077
0 0.496 0.663 0.042 0.067
0 0.578 0.883 0.034 0.055
0 0.725 0.248 0.036 0.058
0 0.766 0.793 0.033 0.053
0 0.594 0.228 0.044 0.070
0 0.957 0.987 0.046 0.073
0 0.625 0.243 0.033 0.053
0 0.010 0.358 0.046 0.073
