0 0.298 1.000 0.042 0.067
0 0.777 0.743 0.048 0.077
0 0.320 0.457 0.048 0.077
0 0.293 0.492 0.048 0.077
0 0.739 0.045 0.035 0.057
0 0.889 0.998 0.048 0.077
0 0.673 0.292 0.048 0.077
0 0.485 0.835 0.042 0.067
0 0.416 0.592 0.041 0.065
0 0.517 0.767 0.048 0.077
0 0.369 0.155 0.047 0.075
0 0.829 0.805 0.042 0.067
0 0.322 0.915 0.035 0.057
0 0.752 0.748 0.044 0.070
0 0.608 0.188 0.042 0.067
0 0.636 0.737 0.044 0.070
0 0.388 0.875 0.046 0.073
0 0.416 0.900 0.048 0.077
0 0.549 0.165 0.045 0.072
0 0.670 0.865 0.041 0.065
0 0.370 0.315 0.048 0.077
0 0.395 0.815 0.036 0.058
0 0.907 0.395 0.048 0.077
0 0.493 0.632 0.048 0.077
0 0.681 0.978 0.048 0.077
0 0.748 0.850 0.037 0.060
0 0.569 0.242 0.041 0.065
0 0.702 0.818 0.037 0.060
0 0.068 0.923 0.042 0.067
0 0.877 0.968 0.042 0.067
0 0.723 0.293 0.048 0.077
0 0.895 0.243 0.036 0.058
0 0.237 0.697 0.043 0.068
0 0.920 0.972 0.032 0.052
0 0.951 0.983 0.048 0.077
0 0.886 0.380 0.035 0.057
