0 0.677 0.322 0.040 0.063
0 0.014 0.132 0.048 0.077
0 0.707 0.615 0.041 0.065
0 0.048 0.692 0.040 0.063
0 0.053 0.177 0.048 0.077
0 0.812 0.808 0.041 0.065
0 0.404 0.617 0.037 0.060
0 0.278 0.457 0.041 0.065
0 0.028 0.247 0.048 0.077
0 0.154 0.530 0.036 0.058
0 0.272 0.412 0.041 0.065
0 0.639 0.673 0.034 0.055
0 0.664 0.370 0.035 0.057
0 0.261 0.563 0.035 0.057
0 0.754 0.288 0.037 0.060
0 0.696 0.505 0.036 0.058
0 0.893 0.992 0.036 0.058
0 0.649 0.313 0.032 0.052
0 0.419 0.698 0.037 0.060
0 0.518 1.000 0.035 0.057
0 0.415 0.652 0.032 0.052
0 0.491 1.000 0.032 0.052
0 0.310 0.435 0.035 0.057
0 0.726 0.992 0.034 0.055
