0 0.101 0.517 0.048 0.077
0 0.024 0.787 0.048 0.077
0 0.861 0.290 0.036 0.058
0 0.767 0.912 0.035 0.057
0 0.061 0.265 0.042 0.067
0 0.031 0.370 0.042 0.067
0 0.698 0.555 0.040 0.063
0 0.661 0.573 0.048 0.077
0 0.069 0.828 0.033 0.053
0 0.804 0.155 0.044 0.070
0 0.618 0.582 0.044 0.070
0 0.076 0.638 0.035 0.057
0 0.121 0.432 0.037 0.060
0 0.648 1.000 0.043 0.068
0 0.024 0.428 0.042 0.067
0 0.096 0.443 0.040 0.063
0 0.639 0.523 0.045 0.072
0 0.066 0.517 0.046 0.073
0 0.165 0.048 0.037 0.060
0 0.829 0.762 0.040 0.063
0 0.596 0.017 0.037 0.060
0 0.999 0.195 0.036 0.058
0 0.539 0.255 0.042 0.067
0 0.408 0.383 0.042 0.067
0 0.409 0.125 0.035 0.057
0 0.856 0.883 0.044 0.070
0 0.210 0.512 0.041 0.065
0 0.512 0.820 0.042 0.067
0 0.087 0.587 0.042 0.067
0 0.730 0.222 0.037 0.060
0 0.000 0.650 0.040 0.063
