0 0.531 0.417 0.042 0.067
0 0.209 0.492 0.044 0.070
0 0.652 0.442 0.041 0.065
0 0.394 0.573 0.044 0.070
0 0.671 0.525 0.044 0.070
0 0.290 0.187 0.048 0.077
0 0.580 1.000 0.039 0.062
0 0.673 0.210 0.042 0.067
0 0.718 0.760 0.048 0.077
0 0.220 0.423 0.036 0.058
0 0.335 0.500 0.042 0.067
0 0.809 0.667 0.042 0.067
0 0.957 0.852 0.036 0.058
0 0.341 0.998 0.041 0.065
0 0.193 0.367 0.042 0.067
0 0.811 0.478 0.041 0.065
0 0.901 0.783 0.040 0.063
0 0.736 0.113 0.040 0.063
0 0.645 0.760 0.046 0.073
0 0.167 0.577 0.042 0.067
0 0.020 0.752 0.041 0.065
0 0.280 0.408 0.044 0.070
0 0.043 0.018 0.044 0.070
0 0.264 1.000 0.048 0.077
