0 0.372 0.925 0.040 0.063
0 0.628 0.937 0.048 0.077
0 0.265 0.082 0.035 0.057
0 0.709 0.963 0.048 0.077
0 0.216 0.030 0.048 0.077
0 0.577 0.010 0.042 0.067
0 0.928 0.838 0.044 0.070
0 0.128 0.790 0.046 0.073
0 0.772 0.580 0.035 0.057
0 0.394 0.082 0.048 0.077
0 0.959 0.982 0.048 0.077
0 0.042 0.250 0.046 0.073
0 0.715 0.212 0.043 0.068
0 0.502 0.260 0.044 0.070
0 0.830 0.953 0.048 0.077
0 0.160 0.153 0.047 0.075
0 0.476 0.155 0.046 0.073
0 0.756 0.550 0.041 0.065
0 0.649 0.630 0.048 0.077
0 0.603 0.533 0.045 0.072
0 0.569 0.318 0.037 0.060
0 0.053 0.023 0.041 0.065
0 0.133 0.588 0.041 0.065
0 0.455 0.378 0.041 0.065
0 0.536 0.432 0.048 0.077
0 0.352 0.425 0.041 0.065
0 0.468 0.095 0.048 0.077
0 0.736 0.367 0.043 0.068
0 0.935 0.005 0.048 0.077
0 0.822 0.582 0.035 0.057
0 0.435 0.038 0.048 0.077
0 0.033 0.137 0.037 0.060
0 0.742 0.705 0.036 0.058
0 0.117 0.773 0.048 0.077
0 0.677 0.333 0.047 0.075
0 0.818 0.242 0.035 0.057
0 0.695 0.898 0.048 0.077
0 0.490 0.388 0.036 0.058
0 0.979 0.057 0.048 0.077
0 0.463 0.713 0.040 0.063
0 0.647 0.427 0.048 0.077
