0 0.253 0.670 0.048 0.077
0 0.795 0.088 0.048 0.077
0 0.690 0.417 0.048 0.077
0 0.169 0.817 0.044 0.070
0 0.553 0.407 0.048 0.077
0 0.707 0.383 0.047 0.075
0 0.321 0.193 0.048 0.077
0 0.105 0.643 0.046 0.073
0 0.405 0.742 0.044 0.070
0 0.394 0.793 0.048 0.077
0 0.992 0.107 0.037 0.060
0 0.919 0.162 0.048 0.077
0 0.129 0.208 0.048 0.077
0 0.855 0.248 0.048 0.077
0 0.902 0.070 0.048 0.077
0 0.156 0.845 0.048 0.077
0 0.527 0.025 0.048 0.077
0 0.952 0.327 0.048 0.077
0 0.216 0.647 0.048 0.077
0 0.386 0.815 0.044 0.070
0 0.298 0.368 0.048 0.077
0 0.886 0.118 0.048 0.077
0 0.917 0.780 0.044 0.070
0 0.117 0.740 0.048 0.077
0 0.672 0.085 0.048 0.077
0 0.188 0.858 0.048 0.077
0 0.946 0.997 0.048 0.077
0 0.008 0.778 0.046 0.073
0 0.059 0.712 0.048 0.077
0 0.510 0.068 0.044 0.070
0 0.446 0.610 0.041 0.065
0 0.673 0.123 0.048 0.077
0 0.385 0.870 0.048 0.077
0 0.410 0.968 0.040 0.063
0 0.969 0.312 0.045 0.072
0 0.101 0.737 0.046 0.073
0 0.866 0.065 0.048 0.077
0 0.013 0.080 0.045 0.072
0 0.398 0.032 0.041 0.065
0 0.174 0.752 0.048 0.077
0 0.832 0.535 0.040 0.063
0 0.216 0.790 0.048 0.077
0 0.879 0.580 0.048 0.077
