0 0.468 0.792 0.041 0.065
0 0.095 0.250 0.048 0.077
0 0.064 0.747 0.048 0.077
0 0.209 0.018 0.044 0.070
0 0.306 0.940 0.045 0.072
0 0.721 0.158 0.046 0.073
0 0.184 0.893 0.048 0.077
0 0.373 0.810 0.041 0.065
0 0.386 0.685 0.048 0.077
0 0.293 0.402 0.041 0.065
0 0.620 0.882 0.043 0.068
0 0.816 0.062 0.045 0.072
0 0.619 0.675 0.046 0.073
0 0.076 0.943 0.044 0.070
0 0.869 0.523 0.048 0.077
0 0.794 0.493 0.046 0.073
0 0.270 0.653 0.042 0.067
0 0.076 0.335 0.046 0.073
0 0.799 0.635 0.045 0.072
0 0.359 0.277 0.042 0.067
0 0.547 0.470 0.048 0.077
0 0.430 0.330 0.048 0.077
0 0.590 0.840 0.048 0.077
0 0.028 0.423 0.037 0.060
0 0.536 0.312 0.047 0.075
0 0.286 0.833 0.044 0.070
0 0.542 0.165 0.048 0.077
0 0.669 0.443 0.046 0.073
0 0.976 0.452 0.046 0.073
0 0.954 0.178 0.048 0.077
0 0.701 0.327 0.047 0.075
0 0.459 0.515 0.046 0.073
0 0.950 0.065 0.047 0.075
0 0.645 0.317 0.045 0.072
0 0.373 0.397 0.042 0.067
0 0.491 0.458 0.042 0.067
0 0.806 0.983 0.048 0.077
0 0.569 0.360 0.048 0.077
0 0.382 0.985 0.045 0.072
0 0.768 0.947 0.048 0.077
0 0.625 0.182 0.044 0.070
0 0.870 0.917 0.036 0.058
0 0.565 0.255 0.047 0.075
0 0.145 0.010 0.046 0.073
0 0.000 0.040 0.031 0.050
0 0.959 0.023 0.035 0.057
0 0.493 0.323 0.030 0.048
