0 0.927 0.515 0.043 0.068
0 0.522 0.085 0.048 0.077
0 0.509 0.115 0.046 0.073
0 0.672 0.057 0.047 0.075
0 0.656 0.130 0.048 0.077
0 0.146 0.522 0.048 0.077
0 0.340 0.485 0.048 0.077
0 0.409 0.680 0.048 0.077
0 0.632 0.040 0.046 0.073
0 0.190 0.773 0.048 0.077
0 0.321 0.783 0.048 0.077
0 0.574 0.170 0.048 0.077
0 0.402 0.068 0.048 0.077
0 0.692 0.092 0.044 0.070
0 0.769 0.405 0.047 0.075
0 0.691 0.228 0.048 0.077
0 0.295 0.808 0.045 0.072
0 0.767 0.033 0.048 0.077
0 0.986 0.833 0.042 0.067
0 0.709 0.192 0.037 0.060
