0 0.381 0.143 0.037 0.060
0 0.117 0.967 0.041 0.065
0 0.336 0.838 0.042 0.067
0 0.779 0.477 0.040 0.063
0 0.801 0.275 0.042 0.067
0 0.781 0.383 0.042 0.067
0 0.355 0.365 0.042 0.067
0 0.756 0.272 0.035 0.057
0 0.497 0.635 0.035 0.057
0 0.300 0.828 0.036 0.058
0 0.199 0.758 0.040 0.063
0 0.664 0.117 0.036 0.058
0 0.835 0.100 0.041 0.065
0 0.061 0.628 0.042 0.067
0 0.685 0.662 0.040 0.063
0 0.925 0.745 0.037 0.060
0 0.877 0.153 0.041 0.065
0 0.124 0.768 0.042 0.067
0 0.234 0.652 0.041 0.065
0 0.295 0.000 0.047 0.075
0 0.164 0.067 0.033 0.053
0 0.010 0.367 0.035 0.057
0 0.014 0.547 0.040 0.063
0 0.518 0.118 0.037 0.060
0 0.798 0.082 0.035 0.057
0 0.982 0.575 0.037 0.060
0 0.548 0.460 0.035 0.057
0 0.820 0.080 0.034 0.055
