0 0.549 0.867 0.042 0.067
0 0.832 0.958 0.048 0.077
0 0.854 0.595 0.047 0.075
0 0.098 0.620 0.042 0.067
0 0.321 0.483 0.040 0.063
0 0.029 0.443 0.037 0.060
0 0.553 0.342 0.044 0.070
0 0.822 0.407 0.042 0.067
0 0.058 0.738 0.041 0.065
0 0.653 0.917 0.040 0.063
0 0.828 0.740 0.041 0.065
0 0.590 0.058 0.040 0.063
0 0.767 0.388 0.042 0.067
0 0.125 0.910 0.045 0.072
0 0.357 0.093 0.042 0.067
0 0.762 0.430 0.044 0.070
0 0.373 0.703 0.042 0.067
0 0.686 0.217 0.040 0.063
0 0.631 0.417 0.043 0.068
0 0.170 0.282 0.042 0.067
0 0.554 0.570 0.037 0.060
0 0.666 0.578 0.037 0.060
0 0.552 0.778 0.037 0.060
0 0.011 0.557 0.042 0.067
0 0.765 0.153 0.037 0.060
0 0.863 0.957 0.037 0.060
0 0.974 0.963 0.036 0.058
0 0.291 0.865 0.042 0.067
0 0.417 0.447 0.041 0.065
0 0.468 0.412 0.048 0.077
0 0.806 0.573 0.036 0.058
0 0.318 0.267 0.040 0.063
0 0.601 0.757 0.036 0.058
0 0.647 0.577 0.042 0.067
0 0.724 0.038 0.041 0.065
0 0.478 0.127 0.040 0.063
0 0.782 0.760 0.036 0.058
0 0.738 0.542 0.041 0.065
0 0.951 0.692 0.040 0.063
0 0.124 0.583 0.040 0.063
0 0.681 0.828 0.036 0.058
0 0.011 0.715 0.034 0.055
0 0.268 0.815 0.040 0.063
0 0.882 0.438 0.033 0.053
0 0.673 0.785 0.035 0.057
0 0.671 0.547 0.037 0.060
0 0.362 0.333 0.047 0.075
0 0.231 0.793 0.044 0.070
0 0.930 0.178 0.042 0.067
0 0.450 1.000 0.030 0.048
0 0.185 0.043 0.035 0.057
0 0.591 0.313 0.040 0.063
0 0.584 0.263 0.035 0.057
0 0.792 0.998 0.044 0.070
0 0.545 0.228 0.035 0.057
0 0.802 0.607 0.037 0.060
