0 0.278 0.463 0.048 0.077
0 0.208 0.500 0.046 0.073
0 0.214 0.610 0.045 0.072
0 0.225 0.665 0.040 0.063
0 0.224 0.738 0.044 0.070
0 0.329 0.852 0.041 0.065
0 0.379 0.815 0.042 0.067
0 0.091 0.330 0.045 0.072
0 0.653 0.755 0.042 0.067
0 0.401 0.257 0.042 0.067
0 0.035 0.750 0.037 0.060
0 0.574 0.258 0.040 0.063
0 0.226 0.170 0.042 0.067
0 0.185 0.498 0.044 0.070
0 0.172 0.757 0.034 0.055
0 0.799 0.360 0.048 0.077
0 0.101 0.362 0.047 0.075
0 0.885 0.728 0.041 0.065
0 0.395 0.502 0.048 0.077
0 0.384 0.782 0.044 0.070
0 0.868 1.000 0.043 0.068
