0 0.870 0.093 0.048 0.077
0 0.276 0.628 0.046 0.073
0 0.155 0.022 0.042 0.067
0 0.879 0.155 0.047 0.075
0 0.524 0.823 0.044 0.070
0 0.181 0.028 0.048 0.077
0 0.539 0.088 0.044 0.070
0 0.717 0.678 0.044 0.070
0 0.335 0.502 0.048 0.077
0 0.487 0.890 0.048 0.077
0 0.323 0.983 0.037 0.060
0 0.349 0.030 0.048 0.077
0 0.838 0.482 0.048 0.077
0 0.999 0.037 0.044 0.070
0 0.343 0.152 0.048 0.077
0 0.271 0.482 0.048 0.077
0 0.865 0.373 0.033 0.053
0 0.795 0.493 0.048 0.077
0 0.144 1.000 0.048 0.077
0 0.442 0.013 0.048 0.077
