0 0.673 0.317 0.041 0.065
0 0.023 0.122 0.045 0.072
0 0.707 0.615 0.041 0.065
0 0.036 0.692 0.041 0.065
0 0.051 0.178 0.048 0.077
0 0.812 0.802 0.044 0.070
0 0.405 0.618 0.036 0.058
0 0.280 0.450 0.037 0.060
0 0.025 0.245 0.040 0.063
0 0.147 0.532 0.037 0.060
0 0.273 0.412 0.040 0.063
0 0.646 0.663 0.034 0.055
0 0.659 0.368 0.042 0.067
0 0.270 0.562 0.037 0.060
0 0.756 0.285 0.035 0.057
0 0.695 0.507 0.036 0.058
0 0.881 1.000 0.037 0.060
0 0.655 0.317 0.033 0.053
0 0.419 0.697 0.037 0.060
0 0.519 1.000 0.034 0.055
0 0.414 0.655 0.035 0.057
0 0.492 0.998 0.033 0.053
0 0.307 0.437 0.035 0.057
0 0.719 0.990 0.040 0.063
