0 0.372 0.925 0.040 0.063
0 0.628 0.938 0.048 0.077
0 0.267 0.082 0.037 0.060
0 0.709 0.960 0.048 0.077
0 0.210 0.032 0.044 0.070
0 0.580 0.010 0.042 0.067
0 0.927 0.840 0.044 0.070
0 0.128 0.782 0.048 0.077
0 0.773 0.582 0.048 0.077
0 0.395 0.083 0.048 0.077
0 0.963 0.980 0.048 0.077
0 0.041 0.252 0.046 0.073
0 0.711 0.207 0.048 0.077
0 0.505 0.253 0.045 0.072
0 0.824 0.945 0.048 0.077
0 0.159 0.157 0.041 0.065
0 0.476 0.155 0.041 0.065
0 0.757 0.553 0.044 0.070
0 0.641 0.630 0.048 0.077
0 0.603 0.533 0.044 0.070
0 0.567 0.318 0.035 0.057
0 0.049 0.025 0.048 0.077
0 0.134 0.585 0.037 0.060
0 0.454 0.378 0.042 0.067
0 0.531 0.442 0.048 0.077
0 0.353 0.427 0.035 0.057
0 0.467 0.095 0.048 0.077
0 0.738 0.367 0.041 0.065
0 0.944 0.000 0.044 0.070
0 0.827 0.582 0.048 0.077
0 0.436 0.042 0.048 0.077
0 0.033 0.133 0.048 0.077
0 0.742 0.705 0.042 0.067
0 0.114 0.777 0.035 0.057
0 0.672 0.338 0.048 0.077
0 0.818 0.245 0.036 0.058
0 0.693 0.897 0.048 0.077
0 0.494 0.403 0.048 0.077
0 0.981 0.057 0.048 0.077
0 0.463 0.713 0.040 0.063
0 0.645 0.425 0.042 0.067
