0 0.865 0.082 0.048 0.077
0 0.275 0.627 0.045 0.072
0 0.132 0.000 0.035 0.057
0 0.882 0.137 0.048 0.077
0 0.539 0.817 0.048 0.077
0 0.168 0.038 0.048 0.077
0 0.539 0.073 0.043 0.068
0 0.723 0.690 0.046 0.073
0 0.346 0.505 0.048 0.077
0 0.485 0.875 0.048 0.077
0 0.329 1.000 0.048 0.077
0 0.336 0.027 0.045 0.072
0 0.825 0.498 0.046 0.073
0 0.985 0.040 0.042 0.067
0 0.356 0.155 0.048 0.077
0 0.279 0.468 0.048 0.077
0 0.863 0.377 0.040 0.063
0 0.792 0.508 0.048 0.077
0 0.151 1.000 0.033 0.053
0 0.456 0.013 0.046 0.073
