0 0.329 0.650 0.047 0.075
0 0.994 0.298 0.048 0.077
0 0.896 0.252 0.043 0.068
0 0.526 0.013 0.048 0.077
0 0.752 0.295 0.048 0.077
0 0.102 0.810 0.048 0.077
0 0.571 0.580 0.036 0.058
0 0.756 0.415 0.041 0.065
0 0.573 0.353 0.044 0.070
0 0.644 0.727 0.036 0.058
0 0.449 0.747 0.040 0.063
0 0.662 0.308 0.047 0.075
0 0.620 0.337 0.048 0.077
0 0.739 0.610 0.045 0.072
0 0.527 0.357 0.040 0.063
0 0.334 0.772 0.037 0.060
0 0.400 0.698 0.040 0.063
0 0.498 0.663 0.041 0.065
0 0.578 0.885 0.036 0.058
0 0.726 0.252 0.041 0.065
0 0.768 0.790 0.033 0.053
0 0.593 0.240 0.048 0.077
0 0.954 0.978 0.048 0.077
0 0.628 0.263 0.033 0.053
0 0.010 0.360 0.048 0.077
