0 0.727 0.822 0.040 0.063
0 0.770 0.527 0.048 0.077
0 0.932 0.188 0.048 0.077
0 0.350 0.522 0.042 0.067
0 0.191 0.735 0.044 0.070
0 0.736 0.063 0.046 0.073
0 0.267 0.517 0.041 0.065
0 0.347 0.217 0.033 0.053
0 0.006 0.735 0.048 0.077
0 0.375 0.350 0.047 0.075
0 0.269 0.082 0.040 0.063
0 0.693 0.212 0.046 0.073
0 0.541 0.692 0.048 0.077
0 0.282 0.648 0.044 0.070
0 0.875 0.837 0.043 0.068
0 0.273 0.713 0.047 0.075
0 0.740 0.937 0.042 0.067
0 0.924 0.598 0.042 0.067
0 0.557 0.880 0.042 0.067
0 0.465 0.570 0.042 0.067
0 0.856 0.658 0.044 0.070
0 0.129 0.805 0.042 0.067
0 0.696 0.675 0.044 0.070
0 0.640 0.308 0.037 0.060
0 0.944 0.415 0.037 0.060
0 0.113 0.233 0.042 0.067
0 0.580 0.030 0.043 0.068
0 0.465 0.608 0.037 0.060
0 0.609 0.302 0.044 0.070
0 0.652 0.723 0.032 0.052
0 0.799 0.268 0.042 0.067
0 0.368 0.288 0.041 0.065
0 0.252 0.685 0.048 0.077
0 0.605 0.650 0.048 0.077
0 0.834 0.447 0.042 0.067
0 0.902 0.780 0.042 0.067
0 0.589 0.612 0.046 0.073
0 0.679 0.310 0.040 0.063
0 0.013 0.073 0.036 0.058
0 0.832 0.000 0.040 0.063
0 0.683 0.000 0.030 0.048
