0 0.291 0.980 0.033 0.053
0 0.774 0.745 0.048 0.077
0 0.323 0.463 0.048 0.077
0 0.295 0.487 0.048 0.077
0 0.742 0.038 0.036 0.058
0 0.890 1.000 0.043 0.068
0 0.671 0.292 0.048 0.077
0 0.487 0.822 0.044 0.070
0 0.415 0.590 0.048 0.077
0 0.519 0.770 0.045 0.072
0 0.370 0.157 0.048 0.077
0 0.822 0.813 0.048 0.077
0 0.312 0.908 0.043 0.068
0 0.754 0.747 0.048 0.077
0 0.608 0.195 0.044 0.070
0 0.644 0.730 0.048 0.077
0 0.384 0.883 0.042 0.067
0 0.419 0.907 0.048 0.077
0 0.556 0.173 0.044 0.070
0 0.674 0.878 0.042 0.067
0 0.374 0.322 0.048 0.077
0 0.412 0.803 0.042 0.067
0 0.900 0.393 0.048 0.077
0 0.487 0.618 0.037 0.060
0 0.688 0.970 0.046 0.073
0 0.741 0.863 0.036 0.058
0 0.576 0.238 0.048 0.077
0 0.700 0.812 0.045 0.072
0 0.070 0.935 0.044 0.070
0 0.879 0.970 0.048 0.077
0 0.719 0.295 0.048 0.077
0 0.893 0.258 0.040 0.063
0 0.236 0.705 0.044 0.070
0 0.917 0.972 0.042 0.067
0 0.957 0.980 0.048 0.077
0 0.889 0.380 0.040 0.063
