0 0.468 0.807 0.041 0.065
0 0.099 0.242 0.048 0.077
0 0.064 0.750 0.048 0.077
0 0.214 0.000 0.043 0.068
0 0.309 0.940 0.044 0.070
0 0.724 0.150 0.047 0.075
0 0.190 0.892 0.044 0.070
0 0.373 0.815 0.040 0.063
0 0.376 0.662 0.046 0.073
0 0.297 0.377 0.041 0.065
0 0.623 0.877 0.048 0.077
0 0.812 0.048 0.047 0.075
0 0.618 0.685 0.046 0.073
0 0.079 0.950 0.048 0.077
0 0.875 0.517 0.048 0.077
0 0.801 0.497 0.044 0.070
0 0.273 0.648 0.048 0.077
0 0.077 0.335 0.047 0.075
0 0.805 0.618 0.046 0.073
0 0.377 0.280 0.040 0.063
0 0.549 0.470 0.043 0.068
0 0.421 0.330 0.048 0.077
0 0.580 0.857 0.047 0.075
0 0.037 0.445 0.036 0.058
0 0.539 0.310 0.048 0.077
0 0.287 0.842 0.045 0.072
0 0.539 0.170 0.044 0.070
0 0.665 0.445 0.047 0.075
0 0.970 0.457 0.048 0.077
0 0.954 0.182 0.044 0.070
0 0.698 0.325 0.044 0.070
0 0.467 0.512 0.042 0.067
0 0.963 0.073 0.043 0.068
0 0.646 0.310 0.045 0.072
0 0.377 0.372 0.042 0.067
0 0.494 0.462 0.042 0.067
0 0.808 0.980 0.048 0.077
0 0.566 0.362 0.043 0.068
0 0.389 0.988 0.048 0.077
0 0.771 0.938 0.048 0.077
0 0.621 0.190 0.045 0.072
0 0.890 0.922 0.040 0.063
0 0.571 0.242 0.041 0.065
0 0.144 0.000 0.042 0.067
0 0.007 0.033 0.042 0.067
0 0.960 0.050 0.037 0.060
0 0.494 0.318 0.030 0.048
