0 0.292 0.987 0.040 0.063
0 0.776 0.745 0.046 0.073
0 0.319 0.452 0.048 0.077
0 0.294 0.490 0.043 0.068
0 0.740 0.045 0.042 0.067
0 0.886 1.000 0.047 0.075
0 0.668 0.295 0.048 0.077
0 0.493 0.830 0.042 0.067
0 0.414 0.593 0.042 0.067
0 0.520 0.770 0.044 0.070
0 0.370 0.157 0.047 0.075
0 0.826 0.815 0.048 0.077
0 0.320 0.905 0.035 0.057
0 0.753 0.747 0.047 0.075
0 0.609 0.190 0.048 0.077
0 0.645 0.732 0.048 0.077
0 0.383 0.877 0.045 0.072
0 0.418 0.903 0.048 0.077
0 0.554 0.175 0.048 0.077
0 0.673 0.863 0.047 0.075
0 0.370 0.317 0.043 0.068
0 0.410 0.808 0.048 0.077
0 0.901 0.393 0.048 0.077
0 0.491 0.622 0.035 0.057
0 0.684 0.977 0.048 0.077
0 0.741 0.853 0.048 0.077
0 0.569 0.237 0.048 0.077
0 0.704 0.820 0.046 0.073
0 0.070 0.932 0.037 0.060
0 0.877 0.962 0.048 0.077
0 0.726 0.288 0.035 0.057
0 0.890 0.253 0.048 0.077
0 0.237 0.702 0.043 0.068
0 0.918 0.965 0.048 0.077
0 0.958 0.978 0.046 0.073
0 0.892 0.378 0.048 0.077
