0 0.372 0.927 0.040 0.063
0 0.627 0.940 0.046 0.073
0 0.266 0.080 0.042 0.067
0 0.709 0.968 0.048 0.077
0 0.215 0.030 0.048 0.077
0 0.577 0.008 0.048 0.077
0 0.926 0.842 0.046 0.073
0 0.128 0.793 0.048 0.077
0 0.774 0.580 0.047 0.075
0 0.391 0.082 0.048 0.077
0 0.965 0.985 0.046 0.073
0 0.042 0.248 0.044 0.070
0 0.709 0.213 0.048 0.077
0 0.508 0.253 0.040 0.063
0 0.825 0.945 0.048 0.077
0 0.159 0.157 0.041 0.065
0 0.478 0.157 0.042 0.067
0 0.756 0.550 0.042 0.067
0 0.651 0.633 0.048 0.077
0 0.603 0.537 0.042 0.067
0 0.566 0.317 0.048 0.077
0 0.052 0.017 0.048 0.077
0 0.133 0.583 0.035 0.057
0 0.454 0.370 0.048 0.077
0 0.534 0.438 0.040 0.063
0 0.356 0.425 0.037 0.060
0 0.469 0.095 0.048 0.077
0 0.735 0.363 0.042 0.067
0 0.935 0.000 0.048 0.077
0 0.824 0.578 0.036 0.058
0 0.434 0.047 0.032 0.052
0 0.033 0.138 0.040 0.063
0 0.740 0.703 0.041 0.065
0 0.119 0.768 0.048 0.077
0 0.676 0.337 0.048 0.077
0 0.820 0.243 0.035 0.057
0 0.695 0.898 0.036 0.058
0 0.489 0.393 0.042 0.067
0 0.979 0.052 0.042 0.067
0 0.463 0.718 0.041 0.065
0 0.642 0.423 0.035 0.057
