0 0.470 0.790 0.042 0.067
0 0.096 0.243 0.048 0.077
0 0.064 0.745 0.046 0.073
0 0.209 0.022 0.045 0.072
0 0.309 0.942 0.037 0.060
0 0.720 0.158 0.047 0.075
0 0.181 0.892 0.048 0.077
0 0.371 0.810 0.041 0.065
0 0.385 0.690 0.047 0.075
0 0.296 0.398 0.044 0.070
0 0.618 0.887 0.048 0.077
0 0.815 0.057 0.048 0.077
0 0.618 0.675 0.047 0.075
0 0.080 0.947 0.048 0.077
0 0.870 0.523 0.048 0.077
0 0.792 0.495 0.043 0.068
0 0.271 0.652 0.048 0.077
0 0.078 0.338 0.042 0.067
0 0.797 0.638 0.044 0.070
0 0.355 0.278 0.037 0.060
0 0.545 0.465 0.044 0.070
0 0.431 0.328 0.048 0.077
0 0.590 0.838 0.048 0.077
0 0.026 0.423 0.041 0.065
0 0.540 0.318 0.048 0.077
0 0.286 0.830 0.044 0.070
0 0.542 0.163 0.048 0.077
0 0.665 0.445 0.042 0.067
0 0.977 0.450 0.047 0.075
0 0.955 0.178 0.048 0.077
0 0.702 0.328 0.044 0.070
0 0.459 0.510 0.042 0.067
0 0.950 0.063 0.048 0.077
0 0.646 0.318 0.045 0.072
0 0.376 0.395 0.045 0.072
0 0.490 0.457 0.043 0.068
0 0.806 0.980 0.042 0.067
0 0.575 0.357 0.040 0.063
0 0.384 0.982 0.042 0.067
0 0.767 0.943 0.046 0.073
0 0.625 0.180 0.044 0.070
0 0.870 0.920 0.037 0.060
0 0.560 0.253 0.041 0.065
0 0.146 0.007 0.045 0.072
0 0.001 0.038 0.034 0.055
0 0.957 0.018 0.035 0.057
0 0.492 0.322 0.032 0.052
