0 0.248 0.678 0.048 0.077
0 0.801 0.083 0.048 0.077
0 0.692 0.423 0.048 0.077
0 0.167 0.818 0.044 0.070
0 0.552 0.415 0.048 0.077
0 0.702 0.378 0.047 0.075
0 0.319 0.205 0.042 0.067
0 0.096 0.653 0.047 0.075
0 0.416 0.743 0.048 0.077
0 0.401 0.792 0.048 0.077
0 0.991 0.122 0.048 0.077
0 0.919 0.140 0.048 0.077
0 0.151 0.238 0.035 0.057
0 0.857 0.267 0.048 0.077
0 0.900 0.052 0.043 0.068
0 0.154 0.840 0.041 0.065
0 0.522 0.015 0.048 0.077
0 0.948 0.330 0.048 0.077
0 0.212 0.657 0.047 0.075
0 0.386 0.820 0.048 0.077
0 0.297 0.365 0.048 0.077
0 0.892 0.113 0.048 0.077
0 0.918 0.777 0.037 0.060
0 0.114 0.733 0.042 0.067
0 0.668 0.078 0.048 0.077
0 0.190 0.857 0.048 0.077
0 0.945 0.985 0.048 0.077
0 0.009 0.770 0.048 0.077
0 0.058 0.727 0.048 0.077
0 0.509 0.065 0.048 0.077
0 0.452 0.593 0.043 0.068
0 0.662 0.127 0.042 0.067
0 0.389 0.870 0.047 0.075
0 0.405 0.972 0.042 0.067
0 0.960 0.312 0.044 0.070
0 0.095 0.748 0.044 0.070
0 0.861 0.077 0.048 0.077
0 0.009 0.117 0.042 0.067
0 0.398 0.038 0.048 0.077
0 0.174 0.755 0.047 0.075
0 0.836 0.542 0.048 0.077
0 0.210 0.800 0.048 0.077
0 0.873 0.572 0.048 0.077
