0 0.553 0.883 0.042 0.067
0 0.827 0.937 0.036 0.058
0 0.855 0.595 0.048 0.077
0 0.091 0.618 0.037 0.060
0 0.320 0.492 0.040 0.063
0 0.031 0.433 0.037 0.060
0 0.551 0.333 0.044 0.070
0 0.826 0.408 0.044 0.070
0 0.051 0.737 0.042 0.067
0 0.658 0.918 0.037 0.060
0 0.827 0.727 0.037 0.060
0 0.591 0.068 0.040 0.063
0 0.768 0.390 0.042 0.067
0 0.122 0.908 0.034 0.055
0 0.357 0.103 0.044 0.070
0 0.769 0.452 0.044 0.070
0 0.375 0.697 0.041 0.065
0 0.681 0.212 0.037 0.060
0 0.631 0.415 0.044 0.070
0 0.166 0.280 0.035 0.057
0 0.550 0.583 0.036 0.058
0 0.666 0.578 0.037 0.060
0 0.551 0.793 0.042 0.067
0 0.009 0.568 0.048 0.077
0 0.761 0.160 0.037 0.060
0 0.855 0.963 0.044 0.070
0 0.975 0.987 0.048 0.077
0 0.290 0.868 0.036 0.058
0 0.410 0.453 0.040 0.063
0 0.469 0.407 0.044 0.070
0 0.814 0.577 0.036 0.058
0 0.315 0.260 0.040 0.063
0 0.607 0.767 0.036 0.058
0 0.645 0.578 0.036 0.058
0 0.718 0.042 0.041 0.065
0 0.470 0.140 0.044 0.070
0 0.780 0.762 0.033 0.053
0 0.732 0.525 0.040 0.063
0 0.953 0.682 0.036 0.058
0 0.126 0.580 0.037 0.060
0 0.688 0.825 0.040 0.063
0 0.000 0.705 0.037 0.060
0 0.270 0.798 0.035 0.057
0 0.884 0.443 0.036 0.058
0 0.673 0.793 0.037 0.060
0 0.672 0.547 0.040 0.063
0 0.349 0.332 0.042 0.067
0 0.225 0.807 0.044 0.070
0 0.930 0.170 0.033 0.053
0 0.436 1.000 0.032 0.052
0 0.185 0.037 0.037 0.060
0 0.585 0.320 0.041 0.065
0 0.589 0.263 0.040 0.063
0 0.787 1.000 0.044 0.070
0 0.541 0.238 0.032 0.052
0 0.792 0.612 0.035 0.057
