0 0.727 0.823 0.037 0.060
0 0.768 0.528 0.048 0.077
0 0.933 0.183 0.046 0.073
0 0.352 0.517 0.043 0.068
0 0.192 0.738 0.048 0.077
0 0.736 0.063 0.048 0.077
0 0.264 0.515 0.041 0.065
0 0.350 0.213 0.035 0.057
0 0.005 0.738 0.045 0.072
0 0.378 0.350 0.041 0.065
0 0.268 0.078 0.040 0.063
0 0.694 0.208 0.044 0.070
0 0.541 0.697 0.046 0.073
0 0.283 0.645 0.043 0.068
0 0.872 0.837 0.042 0.067
0 0.272 0.720 0.042 0.067
0 0.738 0.933 0.041 0.065
0 0.924 0.597 0.040 0.063
0 0.560 0.878 0.042 0.067
0 0.464 0.568 0.037 0.060
0 0.857 0.658 0.044 0.070
0 0.127 0.803 0.042 0.067
0 0.694 0.675 0.044 0.070
0 0.639 0.303 0.042 0.067
0 0.941 0.422 0.035 0.057
0 0.115 0.228 0.035 0.057
0 0.575 0.027 0.048 0.077
0 0.466 0.602 0.037 0.060
0 0.610 0.302 0.044 0.070
0 0.651 0.725 0.036 0.058
0 0.800 0.267 0.040 0.063
0 0.366 0.292 0.037 0.060
0 0.252 0.683 0.048 0.077
0 0.606 0.657 0.037 0.060
0 0.836 0.445 0.044 0.070
0 0.901 0.778 0.042 0.067
0 0.590 0.610 0.048 0.077
0 0.679 0.307 0.040 0.063
0 0.016 0.050 0.037 0.060
0 0.835 0.000 0.043 0.068
0 0.669 0.022 0.041 0.065
