0 0.374 0.925 0.048 0.077
0 0.627 0.942 0.048 0.077
0 0.267 0.083 0.042 0.067
0 0.710 0.960 0.048 0.077
0 0.207 0.040 0.048 0.077
0 0.577 0.020 0.046 0.073
0 0.925 0.840 0.044 0.070
0 0.129 0.790 0.048 0.077
0 0.775 0.577 0.048 0.077
0 0.397 0.088 0.047 0.075
0 0.966 0.978 0.040 0.063
0 0.041 0.248 0.046 0.073
0 0.713 0.213 0.048 0.077
0 0.511 0.262 0.048 0.077
0 0.827 0.948 0.047 0.075
0 0.159 0.158 0.041 0.065
0 0.478 0.158 0.042 0.067
0 0.757 0.550 0.040 0.063
0 0.649 0.630 0.046 0.073
0 0.603 0.542 0.048 0.077
0 0.569 0.310 0.036 0.058
0 0.050 0.028 0.046 0.073
0 0.139 0.582 0.048 0.077
0 0.458 0.380 0.048 0.077
0 0.539 0.438 0.048 0.077
0 0.358 0.430 0.044 0.070
0 0.469 0.098 0.048 0.077
0 0.734 0.358 0.044 0.070
0 0.934 0.000 0.045 0.072
0 0.824 0.580 0.036 0.058
0 0.436 0.047 0.048 0.077
0 0.033 0.137 0.035 0.057
0 0.742 0.702 0.041 0.065
0 0.115 0.765 0.046 0.073
0 0.676 0.335 0.048 0.077
0 0.821 0.242 0.041 0.065
0 0.698 0.898 0.048 0.077
0 0.494 0.393 0.046 0.073
0 0.981 0.053 0.046 0.073
0 0.458 0.720 0.042 0.067
0 0.642 0.423 0.034 0.055
