0 0.291 0.987 0.035 0.057
0 0.775 0.743 0.046 0.073
0 0.321 0.460 0.047 0.075
0 0.290 0.483 0.042 0.067
0 0.740 0.047 0.043 0.068
0 0.887 1.000 0.047 0.075
0 0.668 0.293 0.048 0.077
0 0.482 0.827 0.048 0.077
0 0.417 0.595 0.034 0.055
0 0.519 0.768 0.048 0.077
0 0.369 0.157 0.048 0.077
0 0.822 0.817 0.048 0.077
0 0.316 0.903 0.048 0.077
0 0.753 0.750 0.044 0.070
0 0.608 0.193 0.044 0.070
0 0.640 0.742 0.042 0.067
0 0.383 0.878 0.040 0.063
0 0.417 0.905 0.048 0.077
0 0.553 0.168 0.042 0.067
0 0.675 0.870 0.035 0.057
0 0.374 0.310 0.048 0.077
0 0.404 0.810 0.037 0.060
0 0.903 0.395 0.041 0.065
0 0.493 0.620 0.040 0.063
0 0.684 0.968 0.042 0.067
0 0.743 0.850 0.030 0.048
0 0.570 0.240 0.048 0.077
0 0.702 0.815 0.048 0.077
0 0.070 0.930 0.036 0.058
0 0.876 0.968 0.042 0.067
0 0.716 0.303 0.047 0.075
0 0.889 0.253 0.037 0.060
0 0.241 0.698 0.048 0.077
0 0.914 0.965 0.048 0.077
0 0.954 0.982 0.042 0.067
0 0.885 0.377 0.044 0.070
