0 0.099 0.522 0.047 0.075
0 0.023 0.793 0.048 0.077
0 0.872 0.283 0.036 0.058
0 0.772 0.925 0.036 0.058
0 0.062 0.262 0.042 0.067
0 0.025 0.368 0.042 0.067
0 0.702 0.557 0.041 0.065
0 0.661 0.568 0.044 0.070
0 0.075 0.833 0.035 0.057
0 0.806 0.160 0.042 0.067
0 0.609 0.575 0.040 0.063
0 0.076 0.640 0.035 0.057
0 0.121 0.445 0.037 0.060
0 0.648 1.000 0.040 0.063
0 0.029 0.425 0.041 0.065
0 0.094 0.443 0.048 0.077
0 0.637 0.527 0.048 0.077
0 0.056 0.530 0.048 0.077
0 0.166 0.042 0.037 0.060
0 0.829 0.762 0.041 0.065
0 0.589 0.013 0.037 0.060
0 1.000 0.208 0.040 0.063
0 0.544 0.258 0.041 0.065
0 0.398 0.392 0.042 0.067
0 0.415 0.142 0.037 0.060
0 0.859 0.892 0.043 0.068
0 0.208 0.505 0.048 0.077
0 0.511 0.810 0.037 0.060
0 0.082 0.592 0.035 0.057
0 0.728 0.233 0.036 0.058
0 0.000 0.633 0.048 0.077
