0 0.866 0.088 0.048 0.077
0 0.274 0.625 0.048 0.077
0 0.156 0.018 0.048 0.077
0 0.889 0.143 0.045 0.072
0 0.529 0.820 0.048 0.077
0 0.178 0.042 0.048 0.077
0 0.535 0.082 0.043 0.068
0 0.718 0.685 0.047 0.075
0 0.339 0.502 0.048 0.077
0 0.486 0.882 0.042 0.067
0 0.322 0.988 0.048 0.077
0 0.342 0.030 0.048 0.077
0 0.831 0.483 0.044 0.070
0 1.000 0.028 0.042 0.067
0 0.346 0.157 0.048 0.077
0 0.274 0.482 0.048 0.077
0 0.865 0.375 0.033 0.053
0 0.790 0.512 0.048 0.077
0 0.145 0.995 0.044 0.070
0 0.453 0.012 0.048 0.077
