0 0.554 0.883 0.044 0.070
0 0.828 0.937 0.040 0.063
0 0.852 0.598 0.048 0.077
0 0.087 0.620 0.037 0.060
0 0.319 0.493 0.040 0.063
0 0.032 0.435 0.037 0.060
0 0.552 0.332 0.046 0.073
0 0.826 0.412 0.045 0.072
0 0.052 0.738 0.037 0.060
0 0.658 0.920 0.037 0.060
0 0.826 0.728 0.037 0.060
0 0.589 0.068 0.040 0.063
0 0.764 0.383 0.032 0.052
0 0.131 0.913 0.048 0.077
0 0.359 0.103 0.044 0.070
0 0.768 0.450 0.042 0.067
0 0.376 0.697 0.042 0.067
0 0.681 0.215 0.037 0.060
0 0.631 0.417 0.044 0.070
0 0.166 0.278 0.041 0.065
0 0.548 0.587 0.036 0.058
0 0.667 0.578 0.037 0.060
0 0.551 0.792 0.040 0.063
0 0.010 0.565 0.042 0.067
0 0.760 0.158 0.034 0.055
0 0.858 0.963 0.035 0.057
0 0.980 0.985 0.048 0.077
0 0.287 0.865 0.042 0.067
0 0.410 0.452 0.040 0.063
0 0.466 0.407 0.042 0.067
0 0.814 0.578 0.042 0.067
0 0.314 0.258 0.040 0.063
0 0.607 0.772 0.036 0.058
0 0.650 0.577 0.036 0.058
0 0.717 0.042 0.041 0.065
0 0.472 0.140 0.037 0.060
0 0.779 0.762 0.033 0.053
0 0.731 0.525 0.035 0.057
0 0.953 0.683 0.037 0.060
0 0.126 0.577 0.040 0.063
0 0.690 0.823 0.042 0.067
0 0.000 0.703 0.048 0.077
0 0.273 0.795 0.037 0.060
0 0.884 0.443 0.037 0.060
0 0.674 0.795 0.036 0.058
0 0.673 0.545 0.037 0.060
0 0.349 0.333 0.040 0.063
0 0.225 0.802 0.044 0.070
0 0.932 0.168 0.036 0.058
0 0.438 1.000 0.031 0.050
0 0.186 0.037 0.035 0.057
0 0.580 0.322 0.048 0.077
0 0.586 0.265 0.040 0.063
0 0.792 0.990 0.040 0.063
0 0.541 0.240 0.032 0.052
0 0.791 0.612 0.036 0.058
