0 0.540 0.413 0.041 0.065
0 0.209 0.495 0.047 0.075
0 0.647 0.445 0.042 0.067
0 0.393 0.567 0.042 0.067
0 0.667 0.528 0.042 0.067
0 0.290 0.177 0.048 0.077
0 0.583 0.985 0.036 0.058
0 0.672 0.210 0.043 0.068
0 0.702 0.753 0.047 0.075
0 0.225 0.428 0.045 0.072
0 0.346 0.477 0.042 0.067
0 0.794 0.662 0.045 0.072
0 0.963 0.888 0.040 0.063
0 0.342 0.998 0.041 0.065
0 0.192 0.375 0.044 0.070
0 0.821 0.502 0.040 0.063
0 0.901 0.800 0.040 0.063
0 0.731 0.138 0.042 0.067
0 0.646 0.770 0.048 0.077
0 0.168 0.578 0.042 0.067
0 0.031 0.737 0.035 0.057
0 0.283 0.390 0.048 0.077
0 0.048 0.025 0.040 0.063
0 0.284 0.980 0.044 0.070
