0 0.284 0.473 0.044 0.070
0 0.210 0.468 0.046 0.073
0 0.209 0.608 0.044 0.070
0 0.217 0.645 0.042 0.067
0 0.228 0.735 0.048 0.077
0 0.316 0.845 0.044 0.070
0 0.364 0.828 0.037 0.060
0 0.099 0.340 0.044 0.070
0 0.641 0.765 0.041 0.065
0 0.397 0.230 0.042 0.067
0 0.030 0.767 0.044 0.070
0 0.572 0.238 0.040 0.063
0 0.227 0.152 0.042 0.067
0 0.178 0.488 0.048 0.077
0 0.173 0.760 0.037 0.060
0 0.798 0.365 0.042 0.067
0 0.113 0.367 0.048 0.077
0 0.884 0.742 0.042 0.067
0 0.382 0.487 0.045 0.072
0 0.380 0.780 0.036 0.058
0 0.867 1.000 0.044 0.070
