0 0.246 0.673 0.048 0.077
0 0.797 0.090 0.048 0.077
0 0.688 0.415 0.048 0.077
0 0.168 0.815 0.042 0.067
0 0.552 0.410 0.048 0.077
0 0.706 0.383 0.048 0.077
0 0.321 0.193 0.048 0.077
0 0.100 0.647 0.048 0.077
0 0.410 0.747 0.048 0.077
0 0.394 0.795 0.042 0.067
0 0.994 0.112 0.047 0.075
0 0.921 0.157 0.047 0.075
0 0.140 0.215 0.048 0.077
0 0.857 0.255 0.043 0.068
0 0.900 0.063 0.046 0.073
0 0.155 0.845 0.041 0.065
0 0.526 0.022 0.048 0.077
0 0.949 0.328 0.048 0.077
0 0.214 0.655 0.048 0.077
0 0.382 0.813 0.048 0.077
0 0.295 0.367 0.048 0.077
0 0.889 0.120 0.048 0.077
0 0.912 0.775 0.048 0.077
0 0.116 0.738 0.047 0.075
0 0.673 0.085 0.046 0.073
0 0.188 0.857 0.048 0.077
0 0.953 1.000 0.048 0.077
0 0.009 0.778 0.046 0.073
0 0.059 0.715 0.048 0.077
0 0.512 0.067 0.048 0.077
0 0.452 0.607 0.048 0.077
0 0.670 0.125 0.048 0.077
0 0.390 0.863 0.048 0.077
0 0.407 0.972 0.042 0.067
0 0.966 0.315 0.048 0.077
0 0.101 0.740 0.045 0.072
0 0.865 0.067 0.048 0.077
0 0.010 0.083 0.046 0.073
0 0.400 0.032 0.042 0.067
0 0.175 0.752 0.048 0.077
0 0.829 0.533 0.048 0.077
0 0.212 0.790 0.048 0.077
0 0.879 0.582 0.048 0.077
