0 0.673 0.317 0.041 0.065
0 0.014 0.138 0.048 0.077
0 0.707 0.615 0.041 0.065
0 0.034 0.690 0.040 0.063
0 0.055 0.183 0.037 0.060
0 0.808 0.797 0.035 0.057
0 0.404 0.620 0.036 0.058
0 0.280 0.445 0.046 0.073
0 0.028 0.248 0.044 0.070
0 0.145 0.528 0.042 0.067
0 0.271 0.413 0.043 0.068
0 0.648 0.662 0.033 0.053
0 0.657 0.370 0.040 0.063
0 0.272 0.562 0.035 0.057
0 0.756 0.288 0.040 0.063
0 0.696 0.505 0.036 0.058
0 0.885 1.000 0.043 0.068
0 0.653 0.315 0.044 0.070
0 0.420 0.702 0.033 0.053
0 0.520 1.000 0.034 0.055
0 0.415 0.652 0.033 0.053
0 0.492 0.998 0.033 0.053
0 0.306 0.438 0.032 0.052
0 0.720 0.993 0.028 0.045
