0 0.102 0.517 0.048 0.077
0 0.025 0.787 0.046 0.073
0 0.861 0.295 0.036 0.058
0 0.764 0.910 0.032 0.052
0 0.061 0.265 0.042 0.067
0 0.032 0.375 0.042 0.067
0 0.696 0.555 0.041 0.065
0 0.662 0.563 0.041 0.065
0 0.064 0.828 0.036 0.058
0 0.803 0.155 0.046 0.073
0 0.619 0.578 0.036 0.058
0 0.078 0.632 0.048 0.077
0 0.121 0.427 0.037 0.060
0 0.649 0.997 0.042 0.067
0 0.024 0.425 0.044 0.070
0 0.098 0.447 0.037 0.060
0 0.639 0.522 0.042 0.067
0 0.068 0.523 0.048 0.077
0 0.165 0.050 0.040 0.063
0 0.830 0.765 0.040 0.063
0 0.598 0.022 0.036 0.058
0 1.000 0.192 0.036 0.058
0 0.537 0.252 0.041 0.065
0 0.411 0.378 0.043 0.068
0 0.406 0.120 0.037 0.060
0 0.855 0.877 0.042 0.067
0 0.208 0.515 0.041 0.065
0 0.511 0.825 0.034 0.055
0 0.082 0.588 0.035 0.057
0 0.729 0.217 0.040 0.063
0 0.000 0.658 0.037 0.060
