0 0.727 0.822 0.037 0.060
0 0.772 0.525 0.047 0.075
0 0.931 0.188 0.045 0.072
0 0.352 0.522 0.048 0.077
0 0.189 0.733 0.048 0.077
0 0.735 0.065 0.048 0.077
0 0.268 0.517 0.037 0.060
0 0.342 0.220 0.041 0.065
0 0.003 0.735 0.048 0.077
0 0.375 0.337 0.048 0.077
0 0.269 0.087 0.040 0.063
0 0.694 0.212 0.046 0.073
0 0.542 0.690 0.045 0.072
0 0.281 0.645 0.043 0.068
0 0.875 0.833 0.044 0.070
0 0.274 0.712 0.048 0.077
0 0.742 0.938 0.042 0.067
0 0.925 0.595 0.042 0.067
0 0.556 0.883 0.044 0.070
0 0.464 0.567 0.037 0.060
0 0.858 0.662 0.044 0.070
0 0.130 0.807 0.041 0.065
0 0.698 0.672 0.037 0.060
0 0.637 0.310 0.037 0.060
0 0.945 0.417 0.042 0.067
0 0.117 0.228 0.048 0.077
0 0.578 0.023 0.044 0.070
0 0.463 0.607 0.037 0.060
0 0.608 0.302 0.042 0.067
0 0.652 0.727 0.037 0.060
0 0.800 0.268 0.044 0.070
0 0.372 0.293 0.036 0.058
0 0.254 0.685 0.048 0.077
0 0.606 0.657 0.040 0.063
0 0.832 0.447 0.042 0.067
0 0.902 0.782 0.043 0.068
0 0.589 0.612 0.047 0.075
0 0.679 0.313 0.041 0.065
0 0.014 0.080 0.035 0.057
0 0.829 0.000 0.036 0.058
0 0.691 0.000 0.043 0.068
