0 0.304 1.000 0.040 0.063
0 0.777 0.742 0.048 0.077
0 0.322 0.455 0.048 0.077
0 0.295 0.488 0.045 0.072
0 0.733 0.043 0.048 0.077
0 0.889 0.995 0.048 0.077
0 0.665 0.290 0.048 0.077
0 0.481 0.843 0.042 0.067
0 0.417 0.593 0.042 0.067
0 0.517 0.765 0.048 0.077
0 0.371 0.155 0.048 0.077
0 0.831 0.802 0.048 0.077
0 0.322 0.920 0.035 0.057
0 0.749 0.748 0.042 0.067
0 0.606 0.195 0.048 0.077
0 0.636 0.732 0.042 0.067
0 0.383 0.873 0.046 0.073
0 0.415 0.898 0.048 0.077
0 0.549 0.157 0.044 0.070
0 0.674 0.862 0.048 0.077
0 0.365 0.323 0.048 0.077
0 0.391 0.818 0.042 0.067
0 0.903 0.405 0.040 0.063
0 0.496 0.630 0.041 0.065
0 0.679 0.977 0.048 0.077
0 0.750 0.855 0.048 0.077
0 0.566 0.247 0.045 0.072
0 0.699 0.810 0.044 0.070
0 0.068 0.923 0.048 0.077
0 0.875 0.950 0.042 0.067
0 0.716 0.295 0.046 0.073
0 0.889 0.250 0.048 0.077
0 0.237 0.698 0.044 0.070
0 0.914 0.970 0.048 0.077
0 0.948 0.992 0.040 0.063
0 0.889 0.380 0.037 0.060
