0 0.944 0.507 0.042 0.067
0 0.521 0.098 0.044 0.070
0 0.506 0.118 0.044 0.070
0 0.679 0.060 0.043 0.068
0 0.664 0.135 0.045 0.072
0 0.131 0.517 0.048 0.077
0 0.327 0.492 0.046 0.073
0 0.419 0.698 0.048 0.077
0 0.625 0.007 0.046 0.073
0 0.178 0.778 0.048 0.077
0 0.315 0.800 0.048 0.077
0 0.581 0.183 0.044 0.070
0 0.399 0.073 0.044 0.070
0 0.679 0.093 0.040 0.063
0 0.776 0.390 0.048 0.077
0 0.690 0.242 0.048 0.077
0 0.298 0.810 0.047 0.075
0 0.767 0.028 0.048 0.077
0 0.973 0.832 0.047 0.075
0 0.709 0.190 0.034 0.055
