0 0.934 0.512 0.042 0.067
0 0.523 0.083 0.048 0.077
0 0.508 0.118 0.044 0.070
0 0.677 0.060 0.041 0.065
0 0.657 0.130 0.048 0.077
0 0.139 0.523 0.046 0.073
0 0.334 0.493 0.048 0.077
0 0.411 0.688 0.048 0.077
0 0.643 0.027 0.033 0.053
0 0.186 0.778 0.048 0.077
0 0.320 0.790 0.048 0.077
0 0.578 0.172 0.048 0.077
0 0.401 0.062 0.042 0.067
0 0.691 0.085 0.048 0.077
0 0.774 0.400 0.048 0.077
0 0.689 0.235 0.048 0.077
0 0.296 0.800 0.048 0.077
0 0.769 0.035 0.048 0.077
0 0.984 0.835 0.044 0.070
0 0.710 0.192 0.034 0.055
