0 0.100 0.517 0.048 0.077
0 0.022 0.792 0.048 0.077
0 0.865 0.287 0.037 0.060
0 0.769 0.917 0.035 0.057
0 0.061 0.265 0.042 0.067
0 0.030 0.372 0.042 0.067
0 0.700 0.557 0.040 0.063
0 0.661 0.567 0.043 0.068
0 0.070 0.827 0.041 0.065
0 0.808 0.150 0.048 0.077
0 0.615 0.577 0.037 0.060
0 0.077 0.640 0.035 0.057
0 0.118 0.433 0.035 0.057
0 0.648 0.998 0.042 0.067
0 0.025 0.428 0.037 0.060
0 0.096 0.443 0.037 0.060
0 0.641 0.527 0.048 0.077
0 0.060 0.540 0.048 0.077
0 0.165 0.045 0.041 0.065
0 0.830 0.763 0.036 0.058
0 0.591 0.017 0.048 0.077
0 1.000 0.193 0.037 0.060
0 0.539 0.253 0.042 0.067
0 0.407 0.387 0.041 0.065
0 0.412 0.130 0.041 0.065
0 0.857 0.888 0.045 0.072
0 0.210 0.515 0.041 0.065
0 0.511 0.817 0.041 0.065
0 0.081 0.590 0.037 0.060
0 0.730 0.222 0.035 0.057
0 0.000 0.645 0.036 0.058
