0 0.303 1.000 0.037 0.060
0 0.778 0.743 0.048 0.077
0 0.320 0.453 0.048 0.077
0 0.294 0.485 0.042 0.067
0 0.733 0.043 0.048 0.077
0 0.885 0.998 0.048 0.077
0 0.670 0.295 0.047 0.075
0 0.484 0.838 0.044 0.070
0 0.417 0.593 0.041 0.065
0 0.518 0.765 0.048 0.077
0 0.370 0.155 0.048 0.077
0 0.838 0.807 0.047 0.075
0 0.321 0.920 0.035 0.057
0 0.751 0.747 0.042 0.067
0 0.608 0.185 0.041 0.065
0 0.637 0.733 0.042 0.067
0 0.381 0.873 0.048 0.077
0 0.414 0.900 0.048 0.077
0 0.548 0.155 0.048 0.077
0 0.675 0.870 0.035 0.057
0 0.369 0.320 0.035 0.057
0 0.389 0.815 0.036 0.058
0 0.904 0.405 0.041 0.065
0 0.491 0.632 0.048 0.077
0 0.680 0.977 0.048 0.077
0 0.752 0.848 0.036 0.058
0 0.572 0.252 0.048 0.077
0 0.700 0.807 0.041 0.065
0 0.067 0.918 0.044 0.070
0 0.878 0.955 0.048 0.077
0 0.719 0.300 0.048 0.077
0 0.894 0.240 0.035 0.057
0 0.239 0.700 0.042 0.067
0 0.918 0.968 0.048 0.077
0 0.947 0.992 0.040 0.063
0 0.891 0.375 0.047 0.075
