0 0.370 0.922 0.041 0.065
0 0.626 0.938 0.047 0.075
0 0.267 0.070 0.046 0.073
0 0.709 0.960 0.041 0.065
0 0.215 0.032 0.045 0.072
0 0.578 0.013 0.047 0.075
0 0.928 0.837 0.040 0.063
0 0.126 0.795 0.048 0.077
0 0.766 0.583 0.044 0.070
0 0.395 0.083 0.045 0.072
0 0.963 0.988 0.040 0.063
0 0.041 0.252 0.048 0.077
0 0.721 0.215 0.048 0.077
0 0.502 0.257 0.042 0.067
0 0.819 0.947 0.048 0.077
0 0.160 0.143 0.048 0.077
0 0.474 0.148 0.042 0.067
0 0.756 0.548 0.041 0.065
0 0.647 0.642 0.044 0.070
0 0.600 0.535 0.044 0.070
0 0.567 0.322 0.048 0.077
0 0.055 0.025 0.044 0.070
0 0.133 0.592 0.041 0.065
0 0.453 0.383 0.045 0.072
0 0.535 0.432 0.048 0.077
0 0.349 0.423 0.040 0.063
0 0.469 0.095 0.046 0.073
0 0.742 0.372 0.037 0.060
0 0.936 0.000 0.048 0.077
0 0.826 0.580 0.042 0.067
0 0.432 0.040 0.048 0.077
0 0.032 0.138 0.040 0.063
0 0.743 0.707 0.043 0.068
0 0.114 0.775 0.048 0.077
0 0.672 0.332 0.048 0.077
0 0.815 0.245 0.037 0.060
0 0.689 0.898 0.048 0.077
0 0.493 0.397 0.048 0.077
0 0.981 0.055 0.048 0.077
0 0.463 0.708 0.042 0.067
0 0.646 0.433 0.034 0.055
