0 0.726 0.820 0.042 0.067
0 0.772 0.522 0.048 0.077
0 0.931 0.193 0.046 0.073
0 0.351 0.517 0.044 0.070
0 0.190 0.732 0.041 0.065
0 0.736 0.065 0.047 0.075
0 0.271 0.518 0.037 0.060
0 0.347 0.220 0.035 0.057
0 0.003 0.733 0.047 0.075
0 0.374 0.340 0.048 0.077
0 0.270 0.090 0.035 0.057
0 0.692 0.210 0.045 0.072
0 0.542 0.690 0.046 0.073
0 0.279 0.648 0.046 0.073
0 0.875 0.832 0.045 0.072
0 0.273 0.708 0.048 0.077
0 0.744 0.940 0.042 0.067
0 0.925 0.597 0.042 0.067
0 0.553 0.885 0.043 0.068
0 0.459 0.565 0.048 0.077
0 0.857 0.660 0.043 0.068
0 0.131 0.810 0.043 0.068
0 0.697 0.675 0.044 0.070
0 0.636 0.317 0.036 0.058
0 0.949 0.420 0.037 0.060
0 0.118 0.228 0.041 0.065
0 0.576 0.022 0.044 0.070
0 0.463 0.610 0.040 0.063
0 0.605 0.302 0.037 0.060
0 0.657 0.732 0.047 0.075
0 0.798 0.268 0.042 0.067
0 0.375 0.297 0.034 0.055
0 0.253 0.687 0.048 0.077
0 0.607 0.657 0.040 0.063
0 0.834 0.445 0.042 0.067
0 0.902 0.782 0.043 0.068
0 0.589 0.610 0.046 0.073
0 0.678 0.315 0.041 0.065
0 0.010 0.085 0.037 0.060
0 0.830 0.000 0.037 0.060
0 0.676 0.000 0.048 0.077
