0 0.724 0.817 0.040 0.063
0 0.769 0.515 0.048 0.077
0 0.923 0.197 0.035 0.057
0 0.352 0.523 0.041 0.065
0 0.190 0.732 0.046 0.073
0 0.733 0.068 0.048 0.077
0 0.275 0.520 0.037 0.060
0 0.344 0.223 0.037 0.060
0 0.000 0.738 0.048 0.077
0 0.375 0.335 0.042 0.067
0 0.270 0.098 0.036 0.058
0 0.690 0.210 0.044 0.070
0 0.541 0.690 0.047 0.075
0 0.276 0.652 0.047 0.075
0 0.878 0.833 0.044 0.070
0 0.272 0.710 0.048 0.077
0 0.746 0.942 0.041 0.065
0 0.925 0.593 0.042 0.067
0 0.549 0.883 0.042 0.067
0 0.460 0.563 0.040 0.063
0 0.856 0.662 0.043 0.068
0 0.135 0.807 0.042 0.067
0 0.698 0.675 0.044 0.070
0 0.633 0.317 0.036 0.058
0 0.951 0.418 0.036 0.058
0 0.116 0.233 0.040 0.063
0 0.580 0.027 0.042 0.067
0 0.458 0.610 0.041 0.065
0 0.606 0.302 0.042 0.067
0 0.650 0.727 0.034 0.055
0 0.798 0.267 0.043 0.068
0 0.377 0.298 0.036 0.058
0 0.256 0.685 0.048 0.077
0 0.606 0.655 0.042 0.067
0 0.832 0.445 0.042 0.067
0 0.906 0.782 0.044 0.070
0 0.590 0.608 0.046 0.073
0 0.676 0.318 0.037 0.060
0 0.009 0.082 0.048 0.077
0 0.829 0.000 0.037 0.060
0 0.693 0.000 0.044 0.070
