0 0.953 0.502 0.048 0.077
0 0.525 0.087 0.043 0.068
0 0.505 0.117 0.043 0.068
0 0.676 0.063 0.048 0.077
0 0.664 0.133 0.045 0.072
0 0.130 0.507 0.046 0.073
0 0.327 0.490 0.048 0.077
0 0.424 0.700 0.046 0.073
0 0.626 0.007 0.048 0.077
0 0.175 0.783 0.047 0.075
0 0.312 0.805 0.048 0.077
0 0.580 0.183 0.048 0.077
0 0.399 0.072 0.044 0.070
0 0.671 0.097 0.048 0.077
0 0.777 0.380 0.048 0.077
0 0.695 0.225 0.046 0.073
0 0.295 0.808 0.048 0.077
0 0.770 0.033 0.047 0.075
0 0.981 0.845 0.033 0.053
0 0.711 0.193 0.048 0.077
