0 0.105 0.515 0.048 0.077
0 0.025 0.785 0.044 0.070
0 0.857 0.302 0.036 0.058
0 0.759 0.902 0.035 0.057
0 0.059 0.270 0.041 0.065
0 0.031 0.377 0.041 0.065
0 0.694 0.555 0.043 0.068
0 0.662 0.565 0.040 0.063
0 0.058 0.823 0.042 0.067
0 0.805 0.152 0.042 0.067
0 0.623 0.588 0.048 0.077
0 0.079 0.640 0.042 0.067
0 0.123 0.422 0.037 0.060
0 0.651 0.998 0.042 0.067
0 0.021 0.420 0.041 0.065
0 0.101 0.453 0.036 0.058
0 0.640 0.522 0.044 0.070
0 0.069 0.522 0.042 0.067
0 0.161 0.052 0.037 0.060
0 0.829 0.762 0.040 0.063
0 0.595 0.025 0.042 0.067
0 1.000 0.187 0.033 0.053
0 0.536 0.245 0.041 0.065
0 0.415 0.370 0.042 0.067
0 0.401 0.117 0.037 0.060
0 0.855 0.877 0.045 0.072
0 0.211 0.518 0.041 0.065
0 0.510 0.835 0.035 0.057
0 0.083 0.587 0.035 0.057
0 0.728 0.207 0.040 0.063
0 0.000 0.668 0.037 0.060
