0 0.870 0.092 0.044 0.070
0 0.274 0.627 0.048 0.077
0 0.153 0.027 0.044 0.070
0 0.890 0.158 0.048 0.077
0 0.521 0.822 0.044 0.070
0 0.178 0.023 0.048 0.077
0 0.542 0.090 0.048 0.077
0 0.706 0.672 0.048 0.077
0 0.333 0.500 0.048 0.077
0 0.487 0.892 0.047 0.075
0 0.318 0.973 0.032 0.052
0 0.350 0.030 0.048 0.077
0 0.842 0.505 0.048 0.077
0 1.000 0.023 0.048 0.077
0 0.340 0.153 0.048 0.077
0 0.276 0.473 0.048 0.077
0 0.865 0.377 0.036 0.058
0 0.799 0.488 0.042 0.067
0 0.143 0.998 0.048 0.077
0 0.446 0.008 0.043 0.068
