0 0.673 0.318 0.042 0.067
0 0.016 0.130 0.048 0.077
0 0.706 0.617 0.042 0.067
0 0.033 0.690 0.048 0.077
0 0.055 0.173 0.048 0.077
0 0.814 0.803 0.048 0.077
0 0.405 0.618 0.035 0.057
0 0.279 0.453 0.041 0.065
0 0.024 0.247 0.041 0.065
0 0.148 0.528 0.042 0.067
0 0.273 0.415 0.037 0.060
0 0.645 0.670 0.036 0.058
0 0.659 0.372 0.036 0.058
0 0.268 0.562 0.037 0.060
0 0.757 0.287 0.035 0.057
0 0.695 0.505 0.040 0.063
0 0.883 1.000 0.032 0.052
0 0.653 0.317 0.033 0.053
0 0.420 0.700 0.035 0.057
0 0.518 1.000 0.035 0.057
0 0.415 0.655 0.035 0.057
0 0.492 1.000 0.032 0.052
0 0.308 0.437 0.035 0.057
0 0.721 0.985 0.034 0.055
