0 0.369 0.920 0.041 0.065
0 0.626 0.938 0.046 0.073
0 0.265 0.070 0.041 0.065
0 0.706 0.963 0.047 0.075
0 0.220 0.028 0.048 0.077
0 0.577 0.000 0.033 0.053
0 0.932 0.840 0.048 0.077
0 0.126 0.797 0.045 0.072
0 0.771 0.602 0.048 0.077
0 0.395 0.085 0.043 0.068
0 0.966 0.988 0.041 0.065
0 0.041 0.252 0.048 0.077
0 0.718 0.213 0.042 0.067
0 0.501 0.255 0.048 0.077
0 0.817 0.948 0.048 0.077
0 0.158 0.147 0.041 0.065
0 0.473 0.147 0.043 0.068
0 0.755 0.548 0.042 0.067
0 0.647 0.635 0.040 0.063
0 0.599 0.533 0.045 0.072
0 0.568 0.328 0.035 0.057
0 0.052 0.015 0.042 0.067
0 0.133 0.588 0.035 0.057
0 0.455 0.382 0.044 0.070
0 0.530 0.440 0.048 0.077
0 0.348 0.425 0.040 0.063
0 0.468 0.097 0.048 0.077
0 0.741 0.373 0.041 0.065
0 0.936 0.000 0.047 0.075
0 0.823 0.582 0.037 0.060
0 0.435 0.040 0.046 0.073
0 0.033 0.133 0.048 0.077
0 0.743 0.710 0.041 0.065
0 0.114 0.778 0.048 0.077
0 0.675 0.338 0.042 0.067
0 0.811 0.245 0.035 0.057
0 0.689 0.913 0.042 0.067
0 0.489 0.387 0.048 0.077
0 0.979 0.053 0.041 0.065
0 0.467 0.703 0.048 0.077
0 0.646 0.435 0.035 0.057
