0 0.941 0.508 0.042 0.067
0 0.520 0.090 0.048 0.077
0 0.506 0.117 0.044 0.070
0 0.680 0.062 0.043 0.068
0 0.657 0.130 0.044 0.070
0 0.132 0.518 0.046 0.073
0 0.328 0.490 0.048 0.077
0 0.415 0.693 0.047 0.075
0 0.639 0.013 0.044 0.070
0 0.181 0.778 0.048 0.077
0 0.317 0.797 0.048 0.077
0 0.577 0.180 0.048 0.077
0 0.400 0.075 0.048 0.077
0 0.679 0.097 0.046 0.073
0 0.775 0.390 0.048 0.077
0 0.695 0.228 0.044 0.070
0 0.295 0.807 0.048 0.077
0 0.765 0.030 0.048 0.077
0 0.973 0.845 0.033 0.053
0 0.709 0.192 0.036 0.058
