0 0.531 0.413 0.041 0.065
0 0.209 0.493 0.046 0.073
0 0.653 0.443 0.043 0.068
0 0.391 0.573 0.043 0.068
0 0.672 0.523 0.044 0.070
0 0.289 0.187 0.048 0.077
0 0.579 1.000 0.037 0.060
0 0.676 0.212 0.044 0.070
0 0.717 0.758 0.048 0.077
0 0.215 0.423 0.048 0.077
0 0.334 0.502 0.042 0.067
0 0.809 0.667 0.042 0.067
0 0.957 0.853 0.040 0.063
0 0.341 1.000 0.036 0.058
0 0.192 0.372 0.037 0.060
0 0.810 0.477 0.041 0.065
0 0.902 0.783 0.037 0.060
0 0.738 0.113 0.042 0.067
0 0.641 0.760 0.044 0.070
0 0.166 0.578 0.042 0.067
0 0.021 0.752 0.042 0.067
0 0.272 0.413 0.044 0.070
0 0.041 0.020 0.042 0.067
0 0.265 1.000 0.042 0.067
