0 0.720 0.820 0.041 0.065
0 0.764 0.512 0.048 0.077
0 0.928 0.210 0.048 0.077
0 0.353 0.525 0.042 0.067
0 0.190 0.727 0.048 0.077
0 0.733 0.070 0.048 0.077
0 0.283 0.515 0.037 0.060
0 0.339 0.225 0.035 0.057
0 0.000 0.737 0.044 0.070
0 0.369 0.337 0.046 0.073
0 0.268 0.115 0.040 0.063
0 0.690 0.215 0.044 0.070
0 0.535 0.688 0.046 0.073
0 0.276 0.640 0.045 0.072
0 0.881 0.835 0.044 0.070
0 0.273 0.708 0.048 0.077
0 0.749 0.955 0.037 0.060
0 0.924 0.593 0.042 0.067
0 0.539 0.878 0.047 0.075
0 0.456 0.563 0.037 0.060
0 0.855 0.663 0.043 0.068
0 0.138 0.802 0.042 0.067
0 0.699 0.673 0.044 0.070
0 0.627 0.322 0.035 0.057
0 0.959 0.423 0.036 0.058
0 0.118 0.230 0.035 0.057
0 0.577 0.025 0.043 0.068
0 0.450 0.615 0.037 0.060
0 0.604 0.305 0.037 0.060
0 0.655 0.730 0.046 0.073
0 0.794 0.265 0.041 0.065
0 0.384 0.315 0.042 0.067
0 0.255 0.692 0.048 0.077
0 0.607 0.657 0.040 0.063
0 0.830 0.450 0.042 0.067
0 0.907 0.782 0.044 0.070
0 0.588 0.607 0.044 0.070
0 0.674 0.315 0.042 0.067
0 0.011 0.095 0.033 0.053
0 0.827 0.000 0.042 0.067
0 0.682 0.000 0.048 0.077
