0 0.936 0.512 0.041 0.065
0 0.522 0.083 0.048 0.077
0 0.509 0.117 0.047 0.075
0 0.677 0.058 0.041 0.065
0 0.660 0.137 0.040 0.063
0 0.140 0.523 0.047 0.075
0 0.333 0.488 0.048 0.077
0 0.414 0.690 0.047 0.075
0 0.642 0.025 0.037 0.060
0 0.185 0.777 0.046 0.073
0 0.320 0.792 0.048 0.077
0 0.576 0.173 0.048 0.077
0 0.400 0.073 0.044 0.070
0 0.688 0.080 0.048 0.077
0 0.773 0.398 0.048 0.077
0 0.697 0.228 0.048 0.077
0 0.296 0.803 0.048 0.077
0 0.770 0.033 0.048 0.077
0 0.985 0.837 0.048 0.077
0 0.710 0.192 0.034 0.055
