0 0.541 0.415 0.042 0.067
0 0.209 0.490 0.044 0.070
0 0.648 0.443 0.041 0.065
0 0.396 0.572 0.044 0.070
0 0.667 0.525 0.044 0.070
0 0.290 0.177 0.048 0.077
0 0.583 0.987 0.035 0.057
0 0.673 0.212 0.045 0.072
0 0.706 0.755 0.048 0.077
0 0.222 0.428 0.042 0.067
0 0.345 0.473 0.042 0.067
0 0.792 0.662 0.044 0.070
0 0.961 0.883 0.040 0.063
0 0.343 1.000 0.043 0.068
0 0.192 0.380 0.048 0.077
0 0.821 0.497 0.040 0.063
0 0.900 0.798 0.042 0.067
0 0.732 0.135 0.042 0.067
0 0.645 0.767 0.047 0.075
0 0.169 0.578 0.042 0.067
0 0.028 0.735 0.037 0.060
0 0.281 0.378 0.035 0.057
0 0.050 0.027 0.045 0.072
0 0.278 0.978 0.040 0.063
