0 0.728 0.823 0.040 0.063
0 0.767 0.527 0.048 0.077
0 0.931 0.183 0.046 0.073
0 0.352 0.517 0.044 0.070
0 0.191 0.732 0.042 0.067
0 0.734 0.065 0.047 0.075
0 0.265 0.515 0.041 0.065
0 0.347 0.213 0.034 0.055
0 0.003 0.737 0.048 0.077
0 0.378 0.350 0.041 0.065
0 0.269 0.073 0.040 0.063
0 0.694 0.212 0.047 0.075
0 0.542 0.697 0.047 0.075
0 0.284 0.645 0.044 0.070
0 0.873 0.833 0.048 0.077
0 0.274 0.712 0.046 0.073
0 0.738 0.932 0.042 0.067
0 0.924 0.595 0.040 0.063
0 0.560 0.883 0.046 0.073
0 0.466 0.570 0.041 0.065
0 0.858 0.655 0.047 0.075
0 0.127 0.805 0.041 0.065
0 0.696 0.673 0.042 0.067
0 0.642 0.305 0.037 0.060
0 0.940 0.415 0.037 0.060
0 0.114 0.228 0.041 0.065
0 0.577 0.030 0.044 0.070
0 0.465 0.603 0.041 0.065
0 0.607 0.302 0.042 0.067
0 0.655 0.732 0.042 0.067
0 0.799 0.270 0.043 0.068
0 0.367 0.288 0.035 0.057
0 0.250 0.680 0.045 0.072
0 0.605 0.658 0.037 0.060
0 0.836 0.445 0.042 0.067
0 0.902 0.778 0.041 0.065
0 0.589 0.613 0.048 0.077
0 0.679 0.307 0.040 0.063
0 0.009 0.063 0.048 0.077
0 0.832 0.000 0.042 0.067
0 0.669 0.018 0.045 0.072
