0 0.552 0.868 0.042 0.067
0 0.833 0.957 0.048 0.077
0 0.857 0.595 0.045 0.072
0 0.093 0.622 0.044 0.070
0 0.320 0.487 0.037 0.060
0 0.027 0.442 0.040 0.063
0 0.555 0.338 0.042 0.067
0 0.823 0.408 0.042 0.067
0 0.058 0.737 0.040 0.063
0 0.653 0.918 0.040 0.063
0 0.829 0.737 0.040 0.063
0 0.589 0.062 0.041 0.065
0 0.772 0.393 0.037 0.060
0 0.126 0.907 0.046 0.073
0 0.360 0.098 0.048 0.077
0 0.766 0.442 0.040 0.063
0 0.374 0.703 0.042 0.067
0 0.684 0.217 0.040 0.063
0 0.630 0.415 0.044 0.070
0 0.168 0.280 0.041 0.065
0 0.553 0.580 0.044 0.070
0 0.669 0.580 0.037 0.060
0 0.552 0.780 0.040 0.063
0 0.011 0.565 0.048 0.077
0 0.764 0.155 0.037 0.060
0 0.863 0.960 0.034 0.055
0 0.972 0.967 0.033 0.053
0 0.290 0.865 0.042 0.067
0 0.417 0.448 0.042 0.067
0 0.472 0.407 0.041 0.065
0 0.810 0.575 0.037 0.060
0 0.318 0.265 0.040 0.063
0 0.603 0.758 0.037 0.060
0 0.650 0.578 0.034 0.055
0 0.722 0.040 0.042 0.067
0 0.476 0.130 0.040 0.063
0 0.782 0.760 0.033 0.053
0 0.735 0.538 0.040 0.063
0 0.950 0.688 0.036 0.058
0 0.125 0.583 0.036 0.058
0 0.681 0.823 0.044 0.070
0 0.010 0.717 0.030 0.048
0 0.267 0.810 0.036 0.058
0 0.882 0.440 0.035 0.057
0 0.674 0.790 0.036 0.058
0 0.671 0.545 0.035 0.057
0 0.355 0.332 0.041 0.065
0 0.230 0.803 0.035 0.057
0 0.927 0.175 0.035 0.057
0 0.449 0.998 0.030 0.048
0 0.186 0.043 0.037 0.060
0 0.586 0.320 0.044 0.070
0 0.588 0.268 0.032 0.052
0 0.791 0.998 0.042 0.067
0 0.545 0.230 0.035 0.057
0 0.799 0.610 0.037 0.060
