0 0.251 0.677 0.042 0.067
0 0.800 0.090 0.048 0.077
0 0.685 0.423 0.040 0.063
0 0.168 0.822 0.047 0.075
0 0.550 0.412 0.048 0.077
0 0.704 0.378 0.048 0.077
0 0.319 0.205 0.042 0.067
0 0.094 0.650 0.048 0.077
0 0.408 0.742 0.048 0.077
0 0.397 0.792 0.043 0.068
0 0.993 0.112 0.048 0.077
0 0.921 0.148 0.048 0.077
0 0.143 0.230 0.044 0.070
0 0.856 0.260 0.042 0.067
0 0.899 0.057 0.044 0.070
0 0.155 0.842 0.042 0.067
0 0.520 0.013 0.048 0.077
0 0.948 0.328 0.048 0.077
0 0.212 0.655 0.044 0.070
0 0.383 0.818 0.037 0.060
0 0.298 0.368 0.048 0.077
0 0.890 0.122 0.048 0.077
0 0.914 0.777 0.048 0.077
0 0.117 0.738 0.048 0.077
0 0.669 0.080 0.048 0.077
0 0.186 0.858 0.048 0.077
0 0.943 0.988 0.048 0.077
0 0.011 0.773 0.042 0.067
0 0.058 0.722 0.048 0.077
0 0.509 0.063 0.048 0.077
0 0.449 0.597 0.044 0.070
0 0.665 0.125 0.048 0.077
0 0.386 0.870 0.047 0.075
0 0.402 0.972 0.048 0.077
0 0.963 0.312 0.044 0.070
0 0.097 0.750 0.048 0.077
0 0.860 0.070 0.047 0.075
0 0.007 0.082 0.043 0.068
0 0.402 0.035 0.048 0.077
0 0.174 0.753 0.048 0.077
0 0.831 0.533 0.042 0.067
0 0.212 0.795 0.046 0.073
0 0.878 0.580 0.048 0.077
