0 0.368 0.918 0.042 0.067
0 0.625 0.938 0.048 0.077
0 0.264 0.068 0.042 0.067
0 0.708 0.965 0.048 0.077
0 0.222 0.027 0.048 0.077
0 0.576 0.000 0.041 0.065
0 0.930 0.828 0.048 0.077
0 0.126 0.798 0.048 0.077
0 0.772 0.608 0.044 0.070
0 0.396 0.083 0.042 0.067
0 0.967 0.995 0.048 0.077
0 0.041 0.253 0.048 0.077
0 0.719 0.217 0.041 0.065
0 0.499 0.263 0.037 0.060
0 0.817 0.952 0.048 0.077
0 0.156 0.143 0.043 0.068
0 0.471 0.142 0.048 0.077
0 0.755 0.550 0.042 0.067
0 0.651 0.637 0.048 0.077
0 0.601 0.528 0.048 0.077
0 0.568 0.335 0.037 0.060
0 0.049 0.025 0.048 0.077
0 0.134 0.593 0.041 0.065
0 0.456 0.380 0.042 0.067
0 0.537 0.437 0.042 0.067
0 0.345 0.427 0.037 0.060
0 0.468 0.098 0.048 0.077
0 0.746 0.377 0.035 0.057
0 0.934 0.000 0.048 0.077
0 0.821 0.582 0.037 0.060
0 0.436 0.042 0.041 0.065
0 0.035 0.132 0.048 0.077
0 0.745 0.710 0.040 0.063
0 0.116 0.772 0.044 0.070
0 0.671 0.327 0.048 0.077
0 0.810 0.248 0.036 0.058
0 0.685 0.908 0.035 0.057
0 0.489 0.390 0.037 0.060
0 0.984 0.052 0.044 0.070
0 0.463 0.697 0.036 0.058
0 0.647 0.438 0.035 0.057
