0 0.329 0.655 0.048 0.077
0 0.993 0.295 0.048 0.077
0 0.901 0.258 0.044 0.070
0 0.526 0.008 0.044 0.070
0 0.761 0.275 0.048 0.077
0 0.101 0.815 0.044 0.070
0 0.591 0.563 0.035 0.057
0 0.770 0.402 0.041 0.065
0 0.562 0.373 0.042 0.067
0 0.629 0.725 0.040 0.063
0 0.441 0.757 0.048 0.077
0 0.671 0.310 0.047 0.075
0 0.614 0.353 0.041 0.065
0 0.738 0.607 0.040 0.063
0 0.549 0.358 0.037 0.060
0 0.318 0.770 0.042 0.067
0 0.415 0.702 0.048 0.077
0 0.495 0.665 0.045 0.072
0 0.579 0.885 0.035 0.057
0 0.726 0.255 0.044 0.070
0 0.768 0.790 0.035 0.057
0 0.599 0.230 0.048 0.077
0 0.964 0.995 0.047 0.075
0 0.631 0.230 0.035 0.057
0 0.009 0.365 0.037 0.060
