0 0.866 0.085 0.047 0.075
0 0.275 0.627 0.046 0.073
0 0.149 0.005 0.048 0.077
0 0.887 0.143 0.048 0.077
0 0.530 0.822 0.048 0.077
0 0.176 0.035 0.048 0.077
0 0.537 0.083 0.048 0.077
0 0.723 0.685 0.048 0.077
0 0.341 0.505 0.048 0.077
0 0.487 0.885 0.042 0.067
0 0.325 1.000 0.048 0.077
0 0.340 0.030 0.048 0.077
0 0.830 0.487 0.045 0.072
0 1.000 0.028 0.045 0.072
0 0.350 0.155 0.048 0.077
0 0.275 0.480 0.048 0.077
0 0.864 0.375 0.033 0.053
0 0.790 0.505 0.048 0.077
0 0.144 1.000 0.035 0.057
0 0.451 0.015 0.048 0.077
