0 0.677 0.323 0.040 0.063
0 0.015 0.132 0.048 0.077
0 0.707 0.617 0.042 0.067
0 0.046 0.690 0.037 0.060
0 0.051 0.177 0.048 0.077
0 0.810 0.802 0.042 0.067
0 0.404 0.618 0.035 0.057
0 0.281 0.452 0.048 0.077
0 0.024 0.248 0.041 0.065
0 0.154 0.530 0.037 0.060
0 0.272 0.412 0.041 0.065
0 0.640 0.672 0.035 0.057
0 0.664 0.372 0.035 0.057
0 0.261 0.562 0.036 0.058
0 0.755 0.287 0.035 0.057
0 0.696 0.503 0.040 0.063
0 0.891 1.000 0.043 0.068
0 0.650 0.312 0.032 0.052
0 0.421 0.697 0.030 0.048
0 0.518 1.000 0.036 0.058
0 0.415 0.650 0.035 0.057
0 0.493 1.000 0.031 0.050
0 0.309 0.437 0.035 0.057
0 0.724 0.987 0.034 0.055
