0 0.375 0.940 0.043 0.068
0 0.630 0.945 0.048 0.077
0 0.270 0.095 0.042 0.067
0 0.704 0.953 0.048 0.077
0 0.198 0.035 0.048 0.077
0 0.579 0.030 0.044 0.070
0 0.912 0.838 0.048 0.077
0 0.130 0.795 0.047 0.075
0 0.777 0.572 0.045 0.072
0 0.395 0.078 0.048 0.077
0 0.972 0.967 0.041 0.065
0 0.041 0.242 0.045 0.072
0 0.709 0.207 0.040 0.063
0 0.520 0.248 0.048 0.077
0 0.835 0.952 0.046 0.073
0 0.158 0.175 0.042 0.067
0 0.482 0.180 0.048 0.077
0 0.756 0.547 0.046 0.073
0 0.649 0.637 0.045 0.072
0 0.608 0.538 0.042 0.067
0 0.574 0.295 0.041 0.065
0 0.053 0.018 0.048 0.077
0 0.133 0.582 0.044 0.070
0 0.453 0.375 0.042 0.067
0 0.535 0.453 0.048 0.077
0 0.366 0.432 0.044 0.070
0 0.467 0.095 0.048 0.077
0 0.732 0.337 0.045 0.072
0 0.933 0.000 0.048 0.077
0 0.823 0.580 0.035 0.057
0 0.436 0.037 0.048 0.077
0 0.033 0.130 0.048 0.077
0 0.743 0.693 0.042 0.067
0 0.116 0.765 0.048 0.077
0 0.679 0.342 0.047 0.075
0 0.835 0.243 0.034 0.055
0 0.705 0.902 0.036 0.058
0 0.486 0.388 0.037 0.060
0 0.979 0.055 0.048 0.077
0 0.452 0.733 0.037 0.060
0 0.633 0.412 0.035 0.057
