0 0.467 0.802 0.042 0.067
0 0.100 0.232 0.044 0.070
0 0.065 0.748 0.048 0.077
0 0.211 0.005 0.048 0.077
0 0.309 0.947 0.048 0.077
0 0.723 0.150 0.048 0.077
0 0.188 0.892 0.047 0.075
0 0.374 0.812 0.040 0.063
0 0.380 0.672 0.048 0.077
0 0.292 0.378 0.041 0.065
0 0.621 0.882 0.042 0.067
0 0.812 0.052 0.048 0.077
0 0.618 0.683 0.048 0.077
0 0.077 0.943 0.048 0.077
0 0.873 0.518 0.048 0.077
0 0.797 0.490 0.043 0.068
0 0.268 0.655 0.048 0.077
0 0.077 0.335 0.046 0.073
0 0.803 0.623 0.045 0.072
0 0.372 0.273 0.041 0.065
0 0.545 0.468 0.044 0.070
0 0.428 0.327 0.048 0.077
0 0.583 0.852 0.047 0.075
0 0.035 0.435 0.036 0.058
0 0.541 0.312 0.046 0.073
0 0.285 0.843 0.048 0.077
0 0.543 0.173 0.036 0.058
0 0.667 0.443 0.046 0.073
0 0.974 0.462 0.048 0.077
0 0.956 0.178 0.047 0.075
0 0.698 0.327 0.044 0.070
0 0.466 0.507 0.048 0.077
0 0.958 0.070 0.044 0.070
0 0.647 0.312 0.046 0.073
0 0.375 0.378 0.042 0.067
0 0.492 0.462 0.042 0.067
0 0.810 0.978 0.044 0.070
0 0.570 0.360 0.042 0.067
0 0.386 0.987 0.044 0.070
0 0.764 0.923 0.048 0.077
0 0.624 0.187 0.044 0.070
0 0.883 0.917 0.040 0.063
0 0.568 0.243 0.037 0.060
0 0.142 0.007 0.048 0.077
0 0.003 0.030 0.046 0.073
0 0.961 0.043 0.037 0.060
0 0.494 0.322 0.029 0.047
