0 0.100 0.520 0.048 0.077
0 0.025 0.790 0.047 0.075
0 0.863 0.288 0.036 0.058
0 0.767 0.917 0.035 0.057
0 0.062 0.265 0.041 0.065
0 0.027 0.370 0.041 0.065
0 0.700 0.557 0.041 0.065
0 0.664 0.565 0.042 0.067
0 0.072 0.827 0.036 0.058
0 0.806 0.157 0.041 0.065
0 0.614 0.575 0.036 0.058
0 0.076 0.640 0.036 0.058
0 0.122 0.443 0.048 0.077
0 0.647 1.000 0.042 0.067
0 0.026 0.428 0.037 0.060
0 0.097 0.440 0.048 0.077
0 0.640 0.525 0.048 0.077
0 0.061 0.527 0.048 0.077
0 0.166 0.047 0.036 0.058
0 0.830 0.763 0.042 0.067
0 0.590 0.013 0.048 0.077
0 0.998 0.200 0.037 0.060
0 0.540 0.255 0.037 0.060
0 0.408 0.387 0.036 0.058
0 0.411 0.128 0.037 0.060
0 0.856 0.890 0.042 0.067
0 0.208 0.512 0.043 0.068
0 0.511 0.815 0.036 0.058
0 0.089 0.588 0.042 0.067
0 0.729 0.225 0.037 0.060
0 0.000 0.643 0.040 0.063
