0 0.869 0.087 0.048 0.077
0 0.275 0.628 0.047 0.075
0 0.152 0.023 0.048 0.077
0 0.892 0.155 0.048 0.077
0 0.524 0.818 0.048 0.077
0 0.179 0.023 0.048 0.077
0 0.537 0.085 0.048 0.077
0 0.718 0.677 0.046 0.073
0 0.335 0.502 0.048 0.077
0 0.486 0.892 0.044 0.070
0 0.323 0.983 0.037 0.060
0 0.348 0.028 0.048 0.077
0 0.836 0.480 0.045 0.072
0 1.000 0.035 0.044 0.070
0 0.347 0.150 0.048 0.077
0 0.274 0.488 0.040 0.063
0 0.865 0.375 0.035 0.057
0 0.796 0.493 0.048 0.077
0 0.145 1.000 0.048 0.077
0 0.443 0.015 0.046 0.073
