0 0.102 0.515 0.048 0.077
0 0.024 0.787 0.047 0.075
0 0.863 0.290 0.037 0.060
0 0.765 0.912 0.036 0.058
0 0.061 0.265 0.041 0.065
0 0.031 0.373 0.040 0.063
0 0.697 0.555 0.040 0.063
0 0.662 0.565 0.042 0.067
0 0.067 0.825 0.036 0.058
0 0.805 0.158 0.044 0.070
0 0.621 0.575 0.042 0.067
0 0.076 0.640 0.037 0.060
0 0.121 0.430 0.037 0.060
0 0.650 0.998 0.042 0.067
0 0.022 0.427 0.040 0.063
0 0.098 0.445 0.037 0.060
0 0.640 0.523 0.044 0.070
0 0.064 0.528 0.040 0.063
0 0.165 0.048 0.037 0.060
0 0.830 0.763 0.036 0.058
0 0.595 0.020 0.042 0.067
0 1.000 0.195 0.037 0.060
0 0.539 0.252 0.041 0.065
0 0.411 0.383 0.042 0.067
0 0.406 0.127 0.044 0.070
0 0.857 0.880 0.041 0.065
0 0.210 0.517 0.042 0.067
0 0.511 0.823 0.040 0.063
0 0.081 0.587 0.037 0.060
0 0.729 0.220 0.040 0.063
0 0.000 0.653 0.035 0.057
