0 0.945 0.507 0.042 0.067
0 0.521 0.097 0.048 0.077
0 0.504 0.117 0.044 0.070
0 0.680 0.062 0.042 0.067
0 0.661 0.133 0.048 0.077
0 0.133 0.520 0.048 0.077
0 0.327 0.487 0.048 0.077
0 0.422 0.703 0.044 0.070
0 0.637 0.008 0.048 0.077
0 0.178 0.778 0.048 0.077
0 0.316 0.802 0.047 0.075
0 0.581 0.183 0.048 0.077
0 0.400 0.073 0.043 0.068
0 0.678 0.093 0.037 0.060
0 0.774 0.390 0.048 0.077
0 0.696 0.227 0.046 0.073
0 0.297 0.807 0.048 0.077
0 0.773 0.035 0.048 0.077
0 0.990 0.840 0.033 0.053
0 0.709 0.190 0.035 0.057
