0 0.252 0.663 0.048 0.077
0 0.811 0.065 0.048 0.077
0 0.692 0.417 0.048 0.077
0 0.171 0.820 0.048 0.077
0 0.549 0.405 0.048 0.077
0 0.715 0.395 0.046 0.073
0 0.329 0.170 0.048 0.077
0 0.121 0.647 0.048 0.077
0 0.394 0.752 0.048 0.077
0 0.409 0.802 0.048 0.077
0 0.999 0.110 0.048 0.077
0 0.909 0.172 0.048 0.077
0 0.123 0.217 0.048 0.077
0 0.849 0.238 0.048 0.077
0 0.916 0.077 0.047 0.075
0 0.156 0.852 0.042 0.067
0 0.516 0.000 0.048 0.077
0 0.951 0.320 0.048 0.077
0 0.214 0.645 0.048 0.077
0 0.395 0.805 0.048 0.077
0 0.299 0.367 0.046 0.073
0 0.884 0.110 0.048 0.077
0 0.916 0.775 0.048 0.077
0 0.116 0.742 0.048 0.077
0 0.670 0.095 0.048 0.077
0 0.189 0.863 0.048 0.077
0 0.954 1.000 0.037 0.060
0 0.014 0.797 0.048 0.077
0 0.068 0.715 0.048 0.077
0 0.510 0.060 0.045 0.072
0 0.434 0.618 0.042 0.067
0 0.685 0.100 0.044 0.070
0 0.389 0.865 0.048 0.077
0 0.421 0.945 0.042 0.067
0 0.981 0.300 0.048 0.077
0 0.102 0.715 0.048 0.077
0 0.874 0.075 0.048 0.077
0 0.000 0.080 0.035 0.057
0 0.398 0.040 0.048 0.077
0 0.178 0.752 0.048 0.077
0 0.831 0.535 0.041 0.065
0 0.222 0.777 0.048 0.077
0 0.882 0.580 0.048 0.077
