0 0.369 0.927 0.048 0.077
0 0.625 0.938 0.048 0.077
0 0.263 0.070 0.042 0.067
0 0.706 0.962 0.048 0.077
0 0.219 0.030 0.042 0.067
0 0.578 0.007 0.048 0.077
0 0.933 0.833 0.042 0.067
0 0.123 0.797 0.048 0.077
0 0.772 0.605 0.044 0.070
0 0.396 0.078 0.048 0.077
0 0.965 0.998 0.048 0.077
0 0.040 0.255 0.046 0.073
0 0.721 0.222 0.048 0.077
0 0.498 0.260 0.040 0.063
0 0.820 0.952 0.040 0.063
0 0.159 0.145 0.047 0.075
0 0.472 0.145 0.042 0.067
0 0.755 0.548 0.041 0.065
0 0.645 0.637 0.044 0.070
0 0.599 0.532 0.044 0.070
0 0.570 0.322 0.048 0.077
0 0.053 0.017 0.048 0.077
0 0.135 0.598 0.048 0.077
0 0.454 0.375 0.048 0.077
0 0.536 0.432 0.048 0.077
0 0.346 0.425 0.040 0.063
0 0.468 0.088 0.040 0.063
0 0.742 0.372 0.042 0.067
0 0.934 0.000 0.048 0.077
0 0.823 0.582 0.035 0.057
0 0.431 0.045 0.037 0.060
0 0.032 0.137 0.040 0.063
0 0.744 0.708 0.043 0.068
0 0.117 0.777 0.048 0.077
0 0.673 0.335 0.042 0.067
0 0.811 0.243 0.035 0.057
0 0.686 0.905 0.035 0.057
0 0.494 0.398 0.048 0.077
0 0.982 0.053 0.047 0.075
0 0.465 0.702 0.040 0.063
0 0.646 0.437 0.035 0.057
