0 0.376 0.933 0.048 0.077
0 0.628 0.942 0.048 0.077
0 0.270 0.090 0.044 0.070
0 0.708 0.962 0.044 0.070
0 0.200 0.038 0.048 0.077
0 0.580 0.027 0.044 0.070
0 0.917 0.842 0.046 0.073
0 0.130 0.795 0.047 0.075
0 0.776 0.572 0.046 0.073
0 0.397 0.083 0.048 0.077
0 0.970 0.975 0.048 0.077
0 0.042 0.242 0.044 0.070
0 0.711 0.207 0.046 0.073
0 0.520 0.253 0.044 0.070
0 0.839 0.955 0.043 0.068
0 0.156 0.173 0.044 0.070
0 0.480 0.172 0.042 0.067
0 0.755 0.547 0.042 0.067
0 0.645 0.635 0.042 0.067
0 0.608 0.540 0.045 0.072
0 0.577 0.293 0.048 0.077
0 0.054 0.028 0.048 0.077
0 0.130 0.575 0.048 0.077
0 0.454 0.372 0.046 0.073
0 0.533 0.440 0.035 0.057
0 0.365 0.427 0.046 0.073
0 0.464 0.093 0.048 0.077
0 0.728 0.347 0.048 0.077
0 0.933 0.000 0.048 0.077
0 0.825 0.580 0.037 0.060
0 0.435 0.038 0.047 0.075
0 0.031 0.128 0.048 0.077
0 0.742 0.692 0.044 0.070
0 0.118 0.765 0.030 0.048
0 0.683 0.345 0.040 0.063
0 0.833 0.243 0.034 0.055
0 0.699 0.898 0.048 0.077
0 0.489 0.388 0.036 0.058
0 0.979 0.053 0.045 0.072
0 0.455 0.730 0.035 0.057
0 0.634 0.413 0.035 0.057
