0 0.666 0.322 0.040 0.063
0 0.018 0.137 0.042 0.067
0 0.707 0.615 0.042 0.067
0 0.025 0.683 0.042 0.067
0 0.054 0.175 0.048 0.077
0 0.805 0.783 0.037 0.060
0 0.404 0.615 0.036 0.058
0 0.281 0.443 0.037 0.060
0 0.025 0.247 0.042 0.067
0 0.142 0.532 0.036 0.058
0 0.271 0.412 0.042 0.067
0 0.658 0.663 0.040 0.063
0 0.652 0.377 0.035 0.057
0 0.278 0.563 0.036 0.058
0 0.758 0.287 0.041 0.065
0 0.696 0.507 0.037 0.060
0 0.879 0.998 0.030 0.048
0 0.651 0.322 0.042 0.067
0 0.421 0.700 0.036 0.058
0 0.519 0.998 0.035 0.057
0 0.415 0.653 0.035 0.057
0 0.491 1.000 0.033 0.053
0 0.310 0.435 0.035 0.057
0 0.710 0.995 0.033 0.053
