0 0.723 0.818 0.037 0.060
0 0.769 0.513 0.045 0.072
0 0.923 0.200 0.034 0.055
0 0.351 0.522 0.044 0.070
0 0.190 0.730 0.047 0.075
0 0.734 0.068 0.048 0.077
0 0.278 0.520 0.037 0.060
0 0.341 0.223 0.034 0.055
0 0.000 0.735 0.047 0.075
0 0.373 0.340 0.048 0.077
0 0.269 0.105 0.036 0.058
0 0.692 0.207 0.048 0.077
0 0.539 0.688 0.045 0.072
0 0.277 0.645 0.037 0.060
0 0.878 0.833 0.044 0.070
0 0.275 0.712 0.044 0.070
0 0.748 0.943 0.048 0.077
0 0.924 0.593 0.041 0.065
0 0.546 0.880 0.044 0.070
0 0.460 0.562 0.041 0.065
0 0.856 0.662 0.042 0.067
0 0.138 0.805 0.041 0.065
0 0.700 0.675 0.045 0.072
0 0.628 0.320 0.044 0.070
0 0.954 0.418 0.037 0.060
0 0.119 0.237 0.042 0.067
0 0.579 0.025 0.044 0.070
0 0.454 0.608 0.042 0.067
0 0.607 0.300 0.048 0.077
0 0.650 0.728 0.035 0.057
0 0.797 0.268 0.042 0.067
0 0.380 0.302 0.036 0.058
0 0.258 0.687 0.048 0.077
0 0.606 0.652 0.045 0.072
0 0.832 0.448 0.043 0.068
0 0.905 0.780 0.042 0.067
0 0.588 0.612 0.048 0.077
0 0.674 0.317 0.041 0.065
0 0.007 0.088 0.048 0.077
0 0.828 0.000 0.039 0.062
0 0.671 0.000 0.047 0.075
