0 0.676 0.320 0.041 0.065
0 0.021 0.128 0.040 0.063
0 0.706 0.617 0.043 0.068
0 0.046 0.692 0.036 0.058
0 0.057 0.187 0.041 0.065
0 0.814 0.807 0.048 0.077
0 0.406 0.618 0.042 0.067
0 0.279 0.455 0.042 0.067
0 0.025 0.245 0.040 0.063
0 0.152 0.533 0.040 0.063
0 0.272 0.412 0.041 0.065
0 0.643 0.670 0.035 0.057
0 0.661 0.368 0.040 0.063
0 0.265 0.560 0.034 0.055
0 0.755 0.288 0.035 0.057
0 0.695 0.503 0.041 0.065
0 0.889 1.000 0.043 0.068
0 0.650 0.310 0.048 0.077
0 0.419 0.698 0.036 0.058
0 0.518 0.998 0.035 0.057
0 0.416 0.652 0.034 0.055
0 0.492 1.000 0.033 0.053
0 0.307 0.435 0.037 0.060
0 0.722 0.990 0.037 0.060
