0 0.529 0.408 0.041 0.065
0 0.210 0.492 0.044 0.070
0 0.652 0.440 0.040 0.063
0 0.391 0.573 0.044 0.070
0 0.674 0.523 0.043 0.068
0 0.289 0.190 0.046 0.073
0 0.577 1.000 0.036 0.058
0 0.674 0.210 0.042 0.067
0 0.720 0.767 0.048 0.077
0 0.217 0.420 0.042 0.067
0 0.336 0.510 0.040 0.063
0 0.814 0.662 0.042 0.067
0 0.953 0.847 0.034 0.055
0 0.344 1.000 0.044 0.070
0 0.191 0.372 0.042 0.067
0 0.806 0.472 0.040 0.063
0 0.905 0.783 0.037 0.060
0 0.735 0.108 0.036 0.058
0 0.642 0.758 0.044 0.070
0 0.166 0.582 0.047 0.075
0 0.023 0.762 0.035 0.057
0 0.269 0.413 0.048 0.077
0 0.041 0.017 0.037 0.060
0 0.267 1.000 0.034 0.055
