0 0.864 0.083 0.047 0.075
0 0.275 0.627 0.046 0.073
0 0.138 0.000 0.042 0.067
0 0.882 0.137 0.048 0.077
0 0.539 0.818 0.048 0.077
0 0.172 0.030 0.044 0.070
0 0.537 0.073 0.044 0.070
0 0.725 0.687 0.048 0.077
0 0.345 0.505 0.048 0.077
0 0.485 0.875 0.048 0.077
0 0.316 0.998 0.048 0.077
0 0.336 0.028 0.044 0.070
0 0.826 0.497 0.045 0.072
0 0.986 0.042 0.041 0.065
0 0.354 0.160 0.048 0.077
0 0.279 0.467 0.048 0.077
0 0.864 0.377 0.037 0.060
0 0.793 0.507 0.048 0.077
0 0.151 1.000 0.033 0.053
0 0.448 0.002 0.037 0.060
