0 0.668 0.320 0.040 0.063
0 0.027 0.137 0.047 0.075
0 0.706 0.617 0.041 0.065
0 0.028 0.687 0.035 0.057
0 0.054 0.178 0.047 0.075
0 0.805 0.790 0.035 0.057
0 0.405 0.618 0.035 0.057
0 0.286 0.447 0.042 0.067
0 0.030 0.250 0.048 0.077
0 0.141 0.530 0.042 0.067
0 0.273 0.407 0.044 0.070
0 0.657 0.662 0.036 0.058
0 0.657 0.377 0.035 0.057
0 0.276 0.560 0.035 0.057
0 0.759 0.287 0.036 0.058
0 0.696 0.507 0.037 0.060
0 0.879 1.000 0.030 0.048
0 0.654 0.317 0.043 0.068
0 0.419 0.697 0.040 0.063
0 0.521 1.000 0.031 0.050
0 0.415 0.655 0.035 0.057
0 0.490 1.000 0.033 0.053
0 0.306 0.438 0.032 0.052
0 0.713 0.993 0.032 0.052
