0 0.674 0.318 0.042 0.067
0 0.017 0.133 0.047 0.075
0 0.704 0.615 0.044 0.070
0 0.039 0.692 0.037 0.060
0 0.053 0.180 0.048 0.077
0 0.808 0.800 0.036 0.058
0 0.404 0.612 0.048 0.077
0 0.281 0.447 0.048 0.077
0 0.025 0.245 0.040 0.063
0 0.148 0.532 0.037 0.060
0 0.271 0.413 0.043 0.068
0 0.646 0.667 0.035 0.057
0 0.661 0.370 0.035 0.057
0 0.268 0.558 0.034 0.055
0 0.756 0.288 0.037 0.060
0 0.695 0.507 0.037 0.060
0 0.889 0.992 0.035 0.057
0 0.653 0.318 0.035 0.057
0 0.419 0.700 0.037 0.060
0 0.519 1.000 0.034 0.055
0 0.416 0.652 0.034 0.055
0 0.491 0.998 0.032 0.052
0 0.309 0.433 0.033 0.053
0 0.720 0.992 0.032 0.052
