0 0.279 0.473 0.044 0.070
0 0.206 0.483 0.041 0.065
0 0.210 0.608 0.043 0.068
0 0.226 0.657 0.035 0.057
0 0.225 0.738 0.044 0.070
0 0.324 0.842 0.037 0.060
0 0.369 0.817 0.048 0.077
0 0.097 0.335 0.044 0.070
0 0.647 0.757 0.044 0.070
0 0.400 0.245 0.043 0.068
0 0.030 0.762 0.048 0.077
0 0.575 0.250 0.040 0.063
0 0.223 0.167 0.044 0.070
0 0.185 0.493 0.044 0.070
0 0.172 0.758 0.035 0.057
0 0.797 0.360 0.046 0.073
0 0.106 0.363 0.044 0.070
0 0.884 0.733 0.043 0.068
0 0.396 0.483 0.047 0.075
0 0.375 0.778 0.037 0.060
0 0.866 1.000 0.044 0.070
