0 0.539 0.410 0.036 0.058
0 0.207 0.490 0.048 0.077
0 0.647 0.443 0.042 0.067
0 0.394 0.568 0.044 0.070
0 0.668 0.532 0.044 0.070
0 0.289 0.177 0.048 0.077
0 0.583 0.987 0.037 0.060
0 0.670 0.210 0.044 0.070
0 0.702 0.752 0.044 0.070
0 0.224 0.428 0.043 0.068
0 0.349 0.472 0.042 0.067
0 0.794 0.658 0.042 0.067
0 0.959 0.885 0.046 0.073
0 0.339 0.998 0.042 0.067
0 0.191 0.372 0.046 0.073
0 0.822 0.502 0.036 0.058
0 0.902 0.800 0.042 0.067
0 0.729 0.140 0.043 0.068
0 0.646 0.767 0.048 0.077
0 0.167 0.573 0.037 0.060
0 0.030 0.738 0.035 0.057
0 0.283 0.390 0.048 0.077
0 0.049 0.027 0.036 0.058
0 0.282 0.977 0.037 0.060
