0 0.723 0.817 0.040 0.063
0 0.770 0.512 0.044 0.070
0 0.920 0.200 0.033 0.053
0 0.353 0.518 0.048 0.077
0 0.191 0.730 0.046 0.073
0 0.734 0.068 0.048 0.077
0 0.278 0.520 0.035 0.057
0 0.343 0.225 0.035 0.057
0 0.000 0.737 0.048 0.077
0 0.371 0.335 0.044 0.070
0 0.270 0.107 0.040 0.063
0 0.690 0.212 0.045 0.072
0 0.534 0.693 0.042 0.067
0 0.277 0.640 0.044 0.070
0 0.878 0.835 0.044 0.070
0 0.274 0.712 0.044 0.070
0 0.748 0.948 0.040 0.063
0 0.926 0.592 0.044 0.070
0 0.548 0.872 0.046 0.073
0 0.459 0.562 0.040 0.063
0 0.853 0.665 0.041 0.065
0 0.138 0.805 0.041 0.065
0 0.699 0.673 0.044 0.070
0 0.631 0.322 0.040 0.063
0 0.955 0.420 0.036 0.058
0 0.117 0.235 0.040 0.063
0 0.577 0.027 0.040 0.063
0 0.454 0.610 0.039 0.062
0 0.607 0.303 0.043 0.068
0 0.651 0.728 0.036 0.058
0 0.796 0.265 0.042 0.067
0 0.381 0.303 0.035 0.057
0 0.259 0.690 0.048 0.077
0 0.606 0.655 0.040 0.063
0 0.832 0.448 0.043 0.068
0 0.905 0.780 0.042 0.067
0 0.589 0.612 0.048 0.077
0 0.677 0.320 0.041 0.065
0 0.004 0.090 0.048 0.077
0 0.826 0.000 0.039 0.062
0 0.675 0.000 0.047 0.075
