0 0.526 0.413 0.035 0.057
0 0.210 0.492 0.045 0.072
0 0.653 0.443 0.044 0.070
0 0.391 0.575 0.042 0.067
0 0.673 0.523 0.044 0.070
0 0.290 0.187 0.048 0.077
0 0.578 0.998 0.036 0.058
0 0.674 0.212 0.041 0.065
0 0.719 0.765 0.043 0.068
0 0.218 0.422 0.041 0.065
0 0.335 0.508 0.037 0.060
0 0.814 0.663 0.042 0.067
0 0.955 0.848 0.041 0.065
0 0.343 1.000 0.037 0.060
0 0.193 0.363 0.042 0.067
0 0.808 0.477 0.042 0.067
0 0.904 0.783 0.037 0.060
0 0.738 0.107 0.042 0.067
0 0.642 0.757 0.044 0.070
0 0.166 0.577 0.040 0.063
0 0.019 0.758 0.037 0.060
0 0.272 0.415 0.048 0.077
0 0.042 0.018 0.037 0.060
0 0.268 1.000 0.041 0.065
