0 0.726 0.827 0.034 0.055
0 0.769 0.530 0.046 0.073
0 0.932 0.182 0.047 0.075
0 0.353 0.517 0.045 0.072
0 0.190 0.738 0.046 0.073
0 0.736 0.065 0.048 0.077
0 0.264 0.513 0.041 0.065
0 0.350 0.212 0.040 0.063
0 0.004 0.738 0.046 0.073
0 0.376 0.350 0.044 0.070
0 0.266 0.077 0.042 0.067
0 0.694 0.208 0.044 0.070
0 0.539 0.695 0.042 0.067
0 0.283 0.645 0.043 0.068
0 0.874 0.838 0.043 0.068
0 0.272 0.718 0.042 0.067
0 0.736 0.935 0.044 0.070
0 0.924 0.598 0.042 0.067
0 0.560 0.878 0.042 0.067
0 0.460 0.575 0.048 0.077
0 0.856 0.658 0.043 0.068
0 0.127 0.803 0.041 0.065
0 0.695 0.673 0.044 0.070
0 0.641 0.303 0.040 0.063
0 0.941 0.422 0.035 0.057
0 0.115 0.230 0.042 0.067
0 0.579 0.032 0.044 0.070
0 0.466 0.602 0.037 0.060
0 0.609 0.305 0.042 0.067
0 0.656 0.735 0.048 0.077
0 0.799 0.270 0.042 0.067
0 0.365 0.288 0.035 0.057
0 0.250 0.683 0.048 0.077
0 0.606 0.657 0.037 0.060
0 0.835 0.445 0.043 0.068
0 0.902 0.778 0.041 0.065
0 0.590 0.610 0.048 0.077
0 0.676 0.307 0.037 0.060
0 0.014 0.053 0.037 0.060
0 0.833 0.003 0.041 0.065
0 0.669 0.022 0.041 0.065
