0 0.256 0.653 0.048 0.077
0 0.808 0.065 0.048 0.077
0 0.691 0.418 0.048 0.077
0 0.171 0.820 0.047 0.075
0 0.547 0.408 0.048 0.077
0 0.715 0.395 0.048 0.077
0 0.330 0.170 0.048 0.077
0 0.121 0.645 0.046 0.073
0 0.396 0.752 0.048 0.077
0 0.402 0.797 0.048 0.077
0 0.998 0.105 0.048 0.077
0 0.905 0.163 0.048 0.077
0 0.121 0.215 0.048 0.077
0 0.847 0.235 0.048 0.077
0 0.915 0.077 0.048 0.077
0 0.159 0.858 0.048 0.077
0 0.520 0.010 0.048 0.077
0 0.953 0.322 0.047 0.075
0 0.217 0.643 0.048 0.077
0 0.389 0.813 0.048 0.077
0 0.296 0.360 0.048 0.077
0 0.884 0.108 0.046 0.073
0 0.916 0.775 0.048 0.077
0 0.120 0.738 0.044 0.070
0 0.670 0.098 0.048 0.077
0 0.188 0.862 0.047 0.075
0 0.958 1.000 0.048 0.077
0 0.011 0.800 0.048 0.077
0 0.068 0.715 0.048 0.077
0 0.511 0.067 0.048 0.077
0 0.434 0.620 0.043 0.068
0 0.686 0.102 0.046 0.073
0 0.386 0.868 0.048 0.077
0 0.423 0.940 0.048 0.077
0 0.981 0.297 0.048 0.077
0 0.102 0.715 0.048 0.077
0 0.875 0.073 0.048 0.077
0 0.003 0.085 0.048 0.077
0 0.398 0.030 0.042 0.067
0 0.176 0.753 0.046 0.073
0 0.831 0.535 0.042 0.067
0 0.227 0.773 0.045 0.072
0 0.871 0.583 0.046 0.073
