0 0.255 0.662 0.048 0.077
0 0.809 0.058 0.048 0.077
0 0.692 0.418 0.048 0.077
0 0.170 0.817 0.048 0.077
0 0.548 0.403 0.048 0.077
0 0.713 0.382 0.048 0.077
0 0.326 0.177 0.048 0.077
0 0.115 0.645 0.047 0.075
0 0.395 0.752 0.048 0.077
0 0.405 0.792 0.048 0.077
0 1.000 0.112 0.048 0.077
0 0.915 0.177 0.048 0.077
0 0.125 0.210 0.048 0.077
0 0.852 0.247 0.044 0.070
0 0.914 0.080 0.048 0.077
0 0.158 0.845 0.048 0.077
0 0.522 0.012 0.048 0.077
0 0.952 0.323 0.048 0.077
0 0.223 0.648 0.048 0.077
0 0.394 0.803 0.042 0.067
0 0.298 0.368 0.048 0.077
0 0.886 0.110 0.048 0.077
0 0.914 0.778 0.044 0.070
0 0.115 0.740 0.048 0.077
0 0.672 0.097 0.047 0.075
0 0.186 0.862 0.048 0.077
0 0.957 1.000 0.048 0.077
0 0.005 0.795 0.044 0.070
0 0.064 0.713 0.047 0.075
0 0.508 0.065 0.042 0.067
0 0.438 0.618 0.042 0.067
0 0.682 0.110 0.043 0.068
0 0.386 0.867 0.048 0.077
0 0.414 0.952 0.041 0.065
0 0.976 0.308 0.047 0.075
0 0.102 0.720 0.048 0.077
0 0.868 0.072 0.048 0.077
0 0.024 0.080 0.046 0.073
0 0.398 0.035 0.041 0.065
0 0.177 0.753 0.047 0.075
0 0.835 0.538 0.048 0.077
0 0.219 0.778 0.048 0.077
0 0.881 0.587 0.048 0.077
