0 0.382 0.150 0.036 0.058
0 0.120 0.968 0.041 0.065
0 0.333 0.838 0.035 0.057
0 0.781 0.475 0.041 0.065
0 0.803 0.277 0.041 0.065
0 0.778 0.390 0.040 0.063
0 0.355 0.370 0.041 0.065
0 0.753 0.277 0.035 0.057
0 0.496 0.645 0.037 0.060
0 0.302 0.825 0.036 0.058
0 0.206 0.755 0.035 0.057
0 0.658 0.112 0.032 0.052
0 0.838 0.097 0.040 0.063
0 0.060 0.623 0.041 0.065
0 0.686 0.655 0.037 0.060
0 0.925 0.742 0.035 0.057
0 0.873 0.147 0.040 0.063
0 0.120 0.773 0.040 0.063
0 0.231 0.645 0.035 0.057
0 0.291 0.000 0.044 0.070
0 0.157 0.062 0.036 0.058
0 0.006 0.367 0.044 0.070
0 0.008 0.548 0.036 0.058
0 0.522 0.118 0.033 0.053
0 0.803 0.082 0.030 0.048
0 0.986 0.573 0.040 0.063
0 0.544 0.460 0.035 0.057
0 0.822 0.068 0.035 0.057
