0 0.290 0.985 0.037 0.060
0 0.774 0.747 0.048 0.077
0 0.322 0.460 0.047 0.075
0 0.291 0.488 0.048 0.077
0 0.741 0.052 0.048 0.077
0 0.887 1.000 0.047 0.075
0 0.673 0.293 0.048 0.077
0 0.492 0.823 0.035 0.057
0 0.417 0.588 0.048 0.077
0 0.518 0.768 0.048 0.077
0 0.370 0.155 0.046 0.073
0 0.824 0.815 0.044 0.070
0 0.312 0.905 0.048 0.077
0 0.756 0.750 0.048 0.077
0 0.608 0.192 0.042 0.067
0 0.641 0.743 0.041 0.065
0 0.384 0.878 0.045 0.072
0 0.418 0.907 0.048 0.077
0 0.550 0.180 0.048 0.077
0 0.673 0.863 0.048 0.077
0 0.373 0.320 0.046 0.073
0 0.410 0.812 0.044 0.070
0 0.903 0.395 0.044 0.070
0 0.490 0.623 0.036 0.058
0 0.682 0.975 0.048 0.077
0 0.740 0.855 0.048 0.077
0 0.576 0.242 0.048 0.077
0 0.704 0.815 0.044 0.070
0 0.073 0.933 0.048 0.077
0 0.878 0.960 0.044 0.070
0 0.720 0.300 0.040 0.063
0 0.893 0.253 0.036 0.058
0 0.244 0.697 0.048 0.077
0 0.916 0.962 0.047 0.075
0 0.959 0.983 0.040 0.063
0 0.887 0.378 0.041 0.065
