0 0.330 0.652 0.048 0.077
0 0.994 0.297 0.048 0.077
0 0.896 0.253 0.045 0.072
0 0.530 0.015 0.037 0.060
0 0.751 0.295 0.048 0.077
0 0.103 0.805 0.044 0.070
0 0.571 0.575 0.033 0.053
0 0.756 0.413 0.041 0.065
0 0.569 0.355 0.037 0.060
0 0.642 0.727 0.037 0.060
0 0.444 0.750 0.048 0.077
0 0.661 0.310 0.048 0.077
0 0.622 0.343 0.042 0.067
0 0.736 0.608 0.048 0.077
0 0.525 0.355 0.044 0.070
0 0.334 0.773 0.037 0.060
0 0.402 0.697 0.040 0.063
0 0.497 0.662 0.041 0.065
0 0.578 0.885 0.036 0.058
0 0.724 0.248 0.036 0.058
0 0.765 0.792 0.040 0.063
0 0.590 0.238 0.047 0.075
0 0.955 0.977 0.046 0.073
0 0.628 0.260 0.034 0.055
0 0.010 0.362 0.048 0.077
