0 0.281 0.468 0.048 0.077
0 0.204 0.487 0.048 0.077
0 0.212 0.613 0.048 0.077
0 0.230 0.652 0.048 0.077
0 0.226 0.733 0.046 0.073
0 0.326 0.838 0.046 0.073
0 0.368 0.817 0.042 0.067
0 0.094 0.338 0.048 0.077
0 0.646 0.758 0.042 0.067
0 0.400 0.247 0.048 0.077
0 0.031 0.757 0.042 0.067
0 0.577 0.240 0.048 0.077
0 0.224 0.160 0.042 0.067
0 0.185 0.500 0.048 0.077
0 0.173 0.760 0.037 0.060
0 0.795 0.360 0.046 0.073
0 0.107 0.367 0.048 0.077
0 0.883 0.735 0.042 0.067
0 0.391 0.482 0.048 0.077
0 0.378 0.778 0.033 0.053
0 0.868 0.985 0.048 0.077
