0 0.528 0.408 0.041 0.065
0 0.208 0.492 0.047 0.075
0 0.654 0.445 0.044 0.070
0 0.391 0.573 0.044 0.070
0 0.673 0.528 0.044 0.070
0 0.287 0.188 0.048 0.077
0 0.575 1.000 0.037 0.060
0 0.674 0.210 0.042 0.067
0 0.719 0.770 0.047 0.075
0 0.218 0.418 0.042 0.067
0 0.335 0.508 0.042 0.067
0 0.818 0.662 0.041 0.065
0 0.952 0.843 0.041 0.065
0 0.345 1.000 0.043 0.068
0 0.195 0.360 0.044 0.070
0 0.805 0.473 0.040 0.063
0 0.908 0.780 0.042 0.067
0 0.739 0.100 0.042 0.067
0 0.646 0.758 0.048 0.077
0 0.166 0.582 0.048 0.077
0 0.021 0.768 0.042 0.067
0 0.265 0.413 0.042 0.067
0 0.041 0.012 0.043 0.068
0 0.265 1.000 0.029 0.047
