0 0.930 0.517 0.044 0.070
0 0.524 0.083 0.045 0.072
0 0.511 0.115 0.048 0.077
0 0.660 0.050 0.048 0.077
0 0.662 0.142 0.048 0.077
0 0.145 0.523 0.048 0.077
0 0.336 0.485 0.048 0.077
0 0.409 0.680 0.048 0.077
0 0.622 0.025 0.032 0.052
0 0.189 0.773 0.048 0.077
0 0.321 0.778 0.048 0.077
0 0.575 0.170 0.048 0.077
0 0.399 0.073 0.042 0.067
0 0.693 0.095 0.044 0.070
0 0.772 0.405 0.048 0.077
0 0.689 0.230 0.048 0.077
0 0.296 0.802 0.048 0.077
0 0.760 0.037 0.047 0.075
0 0.986 0.833 0.042 0.067
0 0.710 0.190 0.035 0.057
