0 0.329 0.653 0.048 0.077
0 0.993 0.295 0.048 0.077
0 0.898 0.252 0.044 0.070
0 0.529 0.010 0.048 0.077
0 0.756 0.295 0.044 0.070
0 0.096 0.817 0.048 0.077
0 0.575 0.567 0.034 0.055
0 0.760 0.407 0.040 0.063
0 0.565 0.352 0.046 0.073
0 0.637 0.725 0.042 0.067
0 0.449 0.752 0.033 0.053
0 0.662 0.307 0.046 0.073
0 0.621 0.350 0.041 0.065
0 0.735 0.607 0.048 0.077
0 0.532 0.360 0.035 0.057
0 0.328 0.775 0.035 0.057
0 0.405 0.697 0.042 0.067
0 0.497 0.665 0.040 0.063
0 0.580 0.883 0.037 0.060
0 0.724 0.248 0.036 0.058
0 0.766 0.790 0.035 0.057
0 0.589 0.230 0.041 0.065
0 0.955 0.983 0.046 0.073
0 0.627 0.250 0.040 0.063
0 0.010 0.358 0.048 0.077
