0 0.467 0.798 0.042 0.067
0 0.101 0.228 0.048 0.077
0 0.062 0.750 0.048 0.077
0 0.211 0.003 0.048 0.077
0 0.305 0.938 0.048 0.077
0 0.721 0.152 0.048 0.077
0 0.186 0.893 0.045 0.072
0 0.372 0.813 0.041 0.065
0 0.374 0.680 0.048 0.077
0 0.292 0.385 0.040 0.063
0 0.620 0.880 0.043 0.068
0 0.815 0.050 0.048 0.077
0 0.620 0.680 0.044 0.070
0 0.078 0.943 0.048 0.077
0 0.870 0.517 0.045 0.072
0 0.799 0.492 0.046 0.073
0 0.269 0.655 0.044 0.070
0 0.080 0.335 0.043 0.068
0 0.804 0.628 0.044 0.070
0 0.370 0.275 0.041 0.065
0 0.547 0.468 0.045 0.072
0 0.426 0.335 0.048 0.077
0 0.584 0.850 0.047 0.075
0 0.036 0.435 0.042 0.067
0 0.540 0.312 0.048 0.077
0 0.285 0.842 0.048 0.077
0 0.540 0.165 0.042 0.067
0 0.667 0.443 0.047 0.075
0 0.972 0.453 0.047 0.075
0 0.955 0.177 0.047 0.075
0 0.698 0.327 0.046 0.073
0 0.460 0.510 0.048 0.077
0 0.957 0.067 0.045 0.072
0 0.646 0.312 0.048 0.077
0 0.374 0.382 0.041 0.065
0 0.492 0.460 0.035 0.057
0 0.809 0.982 0.045 0.072
0 0.567 0.362 0.048 0.077
0 0.385 0.988 0.048 0.077
0 0.758 0.925 0.035 0.057
0 0.623 0.185 0.041 0.065
0 0.881 0.913 0.035 0.057
0 0.567 0.247 0.041 0.065
0 0.146 0.017 0.035 0.057
0 0.000 0.030 0.044 0.070
0 0.961 0.038 0.035 0.057
0 0.492 0.320 0.033 0.053
