0 0.466 0.798 0.042 0.067
0 0.099 0.228 0.042 0.067
0 0.062 0.747 0.048 0.077
0 0.209 0.012 0.045 0.072
0 0.306 0.943 0.046 0.073
0 0.721 0.155 0.046 0.073
0 0.185 0.892 0.044 0.070
0 0.374 0.810 0.040 0.063
0 0.378 0.682 0.044 0.070
0 0.292 0.392 0.036 0.058
0 0.620 0.878 0.044 0.070
0 0.817 0.053 0.048 0.077
0 0.618 0.678 0.047 0.075
0 0.092 0.945 0.040 0.063
0 0.868 0.517 0.044 0.070
0 0.796 0.490 0.043 0.068
0 0.273 0.653 0.048 0.077
0 0.079 0.330 0.048 0.077
0 0.800 0.630 0.045 0.072
0 0.367 0.275 0.042 0.067
0 0.546 0.468 0.044 0.070
0 0.428 0.330 0.044 0.070
0 0.584 0.848 0.048 0.077
0 0.033 0.432 0.040 0.063
0 0.540 0.313 0.048 0.077
0 0.284 0.838 0.048 0.077
0 0.539 0.168 0.047 0.075
0 0.668 0.445 0.045 0.072
0 0.975 0.458 0.048 0.077
0 0.956 0.178 0.048 0.077
0 0.702 0.328 0.047 0.075
0 0.466 0.513 0.048 0.077
0 0.955 0.065 0.048 0.077
0 0.647 0.315 0.045 0.072
0 0.374 0.385 0.048 0.077
0 0.492 0.460 0.042 0.067
0 0.809 0.982 0.045 0.072
0 0.572 0.360 0.040 0.063
0 0.385 0.988 0.047 0.075
0 0.757 0.928 0.046 0.073
0 0.625 0.185 0.044 0.070
0 0.877 0.917 0.040 0.063
0 0.564 0.247 0.041 0.065
0 0.142 0.010 0.048 0.077
0 0.000 0.035 0.037 0.060
0 0.961 0.032 0.037 0.060
0 0.493 0.323 0.029 0.047
