0 0.382 0.147 0.036 0.058
0 0.119 0.967 0.042 0.067
0 0.338 0.840 0.035 0.057
0 0.780 0.477 0.041 0.065
0 0.801 0.273 0.040 0.063
0 0.781 0.387 0.042 0.067
0 0.356 0.367 0.040 0.063
0 0.755 0.275 0.041 0.065
0 0.497 0.642 0.036 0.058
0 0.302 0.827 0.042 0.067
0 0.201 0.758 0.037 0.060
0 0.661 0.115 0.033 0.053
0 0.836 0.097 0.040 0.063
0 0.060 0.627 0.040 0.063
0 0.683 0.660 0.040 0.063
0 0.925 0.740 0.036 0.058
0 0.876 0.153 0.035 0.057
0 0.121 0.770 0.044 0.070
0 0.235 0.650 0.040 0.063
0 0.292 0.000 0.045 0.072
0 0.161 0.065 0.034 0.055
0 0.007 0.372 0.042 0.067
0 0.011 0.550 0.037 0.060
0 0.521 0.112 0.044 0.070
0 0.799 0.078 0.043 0.068
0 0.985 0.575 0.040 0.063
0 0.545 0.458 0.035 0.057
0 0.820 0.077 0.034 0.055
