0 0.278 0.463 0.044 0.070
0 0.210 0.498 0.042 0.067
0 0.208 0.608 0.047 0.075
0 0.222 0.672 0.042 0.067
0 0.223 0.742 0.045 0.072
0 0.327 0.857 0.043 0.068
0 0.381 0.820 0.044 0.070
0 0.090 0.332 0.044 0.070
0 0.653 0.755 0.048 0.077
0 0.397 0.258 0.048 0.077
0 0.035 0.755 0.042 0.067
0 0.572 0.258 0.048 0.077
0 0.228 0.172 0.042 0.067
0 0.190 0.500 0.032 0.052
0 0.173 0.762 0.040 0.063
0 0.800 0.363 0.047 0.075
0 0.096 0.360 0.041 0.065
0 0.884 0.727 0.042 0.067
0 0.395 0.497 0.035 0.057
0 0.378 0.782 0.032 0.052
0 0.871 1.000 0.044 0.070
