0 0.678 0.325 0.037 0.060
0 0.015 0.133 0.048 0.077
0 0.706 0.613 0.041 0.065
0 0.051 0.688 0.036 0.058
0 0.058 0.177 0.048 0.077
0 0.816 0.807 0.043 0.068
0 0.407 0.620 0.042 0.067
0 0.277 0.455 0.037 0.060
0 0.025 0.247 0.040 0.063
0 0.154 0.530 0.041 0.065
0 0.273 0.412 0.042 0.067
0 0.636 0.678 0.035 0.057
0 0.664 0.372 0.037 0.060
0 0.261 0.565 0.035 0.057
0 0.755 0.287 0.033 0.053
0 0.696 0.503 0.040 0.063
0 0.893 1.000 0.045 0.072
0 0.645 0.317 0.035 0.057
0 0.422 0.698 0.032 0.052
0 0.520 1.000 0.031 0.050
0 0.417 0.653 0.035 0.057
0 0.491 1.000 0.032 0.052
0 0.307 0.432 0.042 0.067
0 0.725 0.993 0.034 0.055
