0 0.470 0.810 0.041 0.065
0 0.096 0.252 0.037 0.060
0 0.062 0.753 0.048 0.077
0 0.214 0.000 0.042 0.067
0 0.310 0.943 0.047 0.075
0 0.727 0.150 0.048 0.077
0 0.192 0.898 0.048 0.077
0 0.373 0.817 0.037 0.060
0 0.376 0.657 0.048 0.077
0 0.299 0.378 0.040 0.063
0 0.622 0.878 0.048 0.077
0 0.806 0.047 0.048 0.077
0 0.617 0.687 0.048 0.077
0 0.080 0.950 0.047 0.075
0 0.878 0.515 0.044 0.070
0 0.801 0.497 0.042 0.067
0 0.273 0.648 0.048 0.077
0 0.082 0.332 0.041 0.065
0 0.807 0.612 0.043 0.068
0 0.380 0.283 0.040 0.063
0 0.544 0.467 0.035 0.057
0 0.422 0.330 0.046 0.073
0 0.577 0.860 0.047 0.075
0 0.039 0.452 0.040 0.063
0 0.536 0.308 0.047 0.075
0 0.289 0.845 0.044 0.070
0 0.539 0.172 0.044 0.070
0 0.664 0.445 0.048 0.077
0 0.970 0.460 0.045 0.072
0 0.956 0.178 0.047 0.075
0 0.697 0.323 0.043 0.068
0 0.472 0.512 0.048 0.077
0 0.961 0.072 0.048 0.077
0 0.643 0.307 0.047 0.075
0 0.378 0.367 0.042 0.067
0 0.495 0.462 0.041 0.065
0 0.809 0.977 0.044 0.070
0 0.564 0.352 0.042 0.067
0 0.392 0.987 0.048 0.077
0 0.770 0.935 0.048 0.077
0 0.621 0.190 0.045 0.072
0 0.892 0.923 0.032 0.052
0 0.575 0.238 0.041 0.065
0 0.147 0.000 0.045 0.072
0 0.008 0.040 0.044 0.070
0 0.957 0.048 0.028 0.045
0 0.493 0.322 0.030 0.048
