0 0.726 0.822 0.041 0.065
0 0.771 0.525 0.048 0.077
0 0.931 0.192 0.048 0.077
0 0.351 0.517 0.045 0.072
0 0.190 0.732 0.042 0.067
0 0.735 0.067 0.048 0.077
0 0.269 0.520 0.042 0.067
0 0.348 0.217 0.036 0.058
0 0.000 0.737 0.048 0.077
0 0.376 0.345 0.043 0.068
0 0.269 0.082 0.035 0.057
0 0.694 0.208 0.046 0.073
0 0.543 0.692 0.046 0.073
0 0.277 0.645 0.041 0.065
0 0.875 0.838 0.042 0.067
0 0.273 0.712 0.046 0.073
0 0.738 0.938 0.044 0.070
0 0.924 0.597 0.042 0.067
0 0.555 0.880 0.040 0.063
0 0.464 0.567 0.037 0.060
0 0.858 0.658 0.043 0.068
0 0.134 0.810 0.047 0.075
0 0.696 0.675 0.044 0.070
0 0.639 0.315 0.037 0.060
0 0.945 0.417 0.036 0.058
0 0.114 0.232 0.037 0.060
0 0.581 0.028 0.044 0.070
0 0.463 0.610 0.037 0.060
0 0.607 0.302 0.044 0.070
0 0.652 0.727 0.036 0.058
0 0.799 0.268 0.043 0.068
0 0.371 0.292 0.036 0.058
0 0.255 0.683 0.048 0.077
0 0.605 0.658 0.037 0.060
0 0.833 0.445 0.044 0.070
0 0.902 0.782 0.043 0.068
0 0.591 0.612 0.048 0.077
0 0.679 0.312 0.041 0.065
0 0.013 0.073 0.042 0.067
0 0.828 0.000 0.035 0.057
0 0.691 0.000 0.043 0.068
