0 0.725 0.818 0.037 0.060
0 0.769 0.518 0.048 0.077
0 0.924 0.195 0.035 0.057
0 0.350 0.518 0.046 0.073
0 0.190 0.735 0.047 0.075
0 0.734 0.060 0.042 0.067
0 0.273 0.518 0.036 0.058
0 0.344 0.222 0.034 0.055
0 0.000 0.737 0.047 0.075
0 0.372 0.338 0.048 0.077
0 0.271 0.095 0.037 0.060
0 0.692 0.208 0.046 0.073
0 0.541 0.690 0.048 0.077
0 0.278 0.642 0.045 0.072
0 0.877 0.835 0.042 0.067
0 0.274 0.713 0.044 0.070
0 0.747 0.942 0.042 0.067
0 0.924 0.595 0.041 0.065
0 0.546 0.885 0.044 0.070
0 0.463 0.562 0.042 0.067
0 0.856 0.663 0.044 0.070
0 0.135 0.810 0.045 0.072
0 0.698 0.675 0.044 0.070
0 0.634 0.320 0.036 0.058
0 0.951 0.418 0.041 0.065
0 0.115 0.227 0.048 0.077
0 0.575 0.023 0.048 0.077
0 0.458 0.612 0.037 0.060
0 0.609 0.302 0.046 0.073
0 0.655 0.732 0.046 0.073
0 0.797 0.265 0.041 0.065
0 0.377 0.298 0.036 0.058
0 0.256 0.690 0.048 0.077
0 0.606 0.658 0.042 0.067
0 0.831 0.445 0.042 0.067
0 0.904 0.782 0.043 0.068
0 0.589 0.612 0.046 0.073
0 0.677 0.318 0.041 0.065
0 0.009 0.088 0.044 0.070
0 0.830 0.000 0.036 0.058
0 0.678 0.000 0.048 0.077
