0 0.376 0.170 0.035 0.057
0 0.126 0.980 0.041 0.065
0 0.312 0.850 0.041 0.065
0 0.782 0.460 0.042 0.067
0 0.807 0.295 0.042 0.067
0 0.787 0.403 0.043 0.068
0 0.359 0.387 0.037 0.060
0 0.745 0.268 0.042 0.067
0 0.489 0.663 0.035 0.057
0 0.310 0.825 0.044 0.070
0 0.221 0.752 0.044 0.070
0 0.650 0.093 0.032 0.052
0 0.834 0.090 0.048 0.077
0 0.056 0.612 0.041 0.065
0 0.699 0.657 0.040 0.063
0 0.929 0.718 0.034 0.055
0 0.858 0.138 0.042 0.067
0 0.110 0.783 0.044 0.070
0 0.226 0.637 0.037 0.060
0 0.294 0.000 0.041 0.065
0 0.133 0.067 0.048 0.077
0 0.013 0.365 0.040 0.063
0 0.002 0.552 0.035 0.057
0 0.529 0.097 0.036 0.058
0 0.799 0.102 0.042 0.067
0 1.000 0.565 0.046 0.073
0 0.534 0.472 0.033 0.053
0 0.830 0.048 0.034 0.055
