0 0.377 0.167 0.035 0.057
0 0.127 0.978 0.042 0.067
0 0.315 0.845 0.048 0.077
0 0.781 0.463 0.041 0.065
0 0.808 0.293 0.041 0.065
0 0.786 0.405 0.042 0.067
0 0.360 0.383 0.041 0.065
0 0.746 0.268 0.036 0.058
0 0.490 0.663 0.036 0.058
0 0.310 0.822 0.041 0.065
0 0.221 0.755 0.041 0.065
0 0.649 0.100 0.042 0.067
0 0.838 0.090 0.041 0.065
0 0.057 0.610 0.043 0.068
0 0.697 0.658 0.041 0.065
0 0.928 0.720 0.035 0.057
0 0.861 0.137 0.041 0.065
0 0.111 0.777 0.042 0.067
0 0.227 0.637 0.037 0.060
0 0.294 0.000 0.041 0.065
0 0.134 0.062 0.048 0.077
0 0.013 0.363 0.042 0.067
0 0.002 0.552 0.035 0.057
0 0.524 0.098 0.042 0.067
0 0.799 0.108 0.032 0.052
0 0.996 0.563 0.041 0.065
0 0.536 0.470 0.035 0.057
0 0.828 0.053 0.037 0.060
