0 0.280 0.472 0.048 0.077
0 0.208 0.497 0.048 0.077
0 0.210 0.608 0.042 0.067
0 0.226 0.658 0.040 0.063
0 0.224 0.737 0.044 0.070
0 0.328 0.843 0.046 0.073
0 0.380 0.813 0.048 0.077
0 0.095 0.333 0.044 0.070
0 0.649 0.753 0.036 0.058
0 0.400 0.245 0.048 0.077
0 0.035 0.752 0.048 0.077
0 0.579 0.252 0.048 0.077
0 0.224 0.167 0.042 0.067
0 0.184 0.502 0.048 0.077
0 0.173 0.757 0.032 0.052
0 0.797 0.362 0.048 0.077
0 0.100 0.358 0.042 0.067
0 0.883 0.732 0.042 0.067
0 0.392 0.490 0.037 0.060
0 0.376 0.780 0.035 0.057
0 0.867 1.000 0.044 0.070
