0 0.866 0.085 0.048 0.077
0 0.274 0.625 0.048 0.077
0 0.156 0.017 0.046 0.073
0 0.886 0.153 0.048 0.077
0 0.533 0.820 0.048 0.077
0 0.177 0.032 0.048 0.077
0 0.536 0.085 0.048 0.077
0 0.722 0.687 0.046 0.073
0 0.344 0.503 0.048 0.077
0 0.485 0.882 0.043 0.068
0 0.325 0.998 0.046 0.073
0 0.342 0.030 0.048 0.077
0 0.831 0.487 0.046 0.073
0 0.996 0.040 0.046 0.073
0 0.353 0.152 0.048 0.077
0 0.281 0.472 0.048 0.077
0 0.863 0.375 0.030 0.048
0 0.790 0.512 0.048 0.077
0 0.142 0.997 0.042 0.067
0 0.448 0.017 0.040 0.063
