0 0.535 0.415 0.048 0.077
0 0.209 0.492 0.046 0.073
0 0.654 0.448 0.044 0.070
0 0.389 0.573 0.044 0.070
0 0.673 0.528 0.044 0.070
0 0.286 0.190 0.048 0.077
0 0.575 0.998 0.040 0.063
0 0.676 0.213 0.045 0.072
0 0.719 0.770 0.046 0.073
0 0.217 0.422 0.042 0.067
0 0.335 0.510 0.042 0.067
0 0.820 0.653 0.041 0.065
0 0.950 0.840 0.036 0.058
0 0.344 1.000 0.042 0.067
0 0.196 0.360 0.045 0.072
0 0.803 0.468 0.037 0.060
0 0.908 0.782 0.040 0.063
0 0.738 0.102 0.042 0.067
0 0.644 0.753 0.044 0.070
0 0.170 0.577 0.040 0.063
0 0.024 0.765 0.036 0.058
0 0.268 0.415 0.048 0.077
0 0.041 0.012 0.044 0.070
0 0.266 1.000 0.030 0.048
