0 0.469 0.808 0.042 0.067
0 0.104 0.248 0.045 0.072
0 0.061 0.750 0.048 0.077
0 0.214 0.000 0.041 0.065
0 0.311 0.940 0.046 0.073
0 0.726 0.152 0.048 0.077
0 0.191 0.893 0.045 0.072
0 0.373 0.815 0.040 0.063
0 0.378 0.662 0.044 0.070
0 0.297 0.377 0.042 0.067
0 0.623 0.882 0.044 0.070
0 0.811 0.050 0.048 0.077
0 0.617 0.682 0.047 0.075
0 0.080 0.948 0.048 0.077
0 0.876 0.517 0.046 0.073
0 0.800 0.492 0.048 0.077
0 0.271 0.645 0.046 0.073
0 0.079 0.330 0.042 0.067
0 0.806 0.615 0.044 0.070
0 0.379 0.280 0.040 0.063
0 0.548 0.468 0.044 0.070
0 0.424 0.330 0.044 0.070
0 0.577 0.857 0.046 0.073
0 0.037 0.448 0.037 0.060
0 0.539 0.310 0.048 0.077
0 0.287 0.845 0.043 0.068
0 0.540 0.173 0.047 0.075
0 0.665 0.445 0.048 0.077
0 0.971 0.460 0.044 0.070
0 0.955 0.178 0.048 0.077
0 0.697 0.327 0.045 0.072
0 0.466 0.512 0.043 0.068
0 0.963 0.075 0.042 0.067
0 0.646 0.307 0.044 0.070
0 0.377 0.368 0.042 0.067
0 0.494 0.462 0.041 0.065
0 0.807 0.980 0.048 0.077
0 0.561 0.360 0.048 0.077
0 0.389 0.992 0.048 0.077
0 0.771 0.937 0.048 0.077
0 0.621 0.190 0.045 0.072
0 0.890 0.923 0.037 0.060
0 0.573 0.240 0.037 0.060
0 0.141 0.017 0.042 0.067
0 0.007 0.035 0.042 0.067
0 0.959 0.052 0.036 0.058
0 0.494 0.317 0.035 0.057
