0 0.295 0.993 0.040 0.063
0 0.776 0.742 0.046 0.073
0 0.320 0.458 0.048 0.077
0 0.286 0.480 0.048 0.077
0 0.738 0.045 0.042 0.067
0 0.889 1.000 0.047 0.075
0 0.672 0.288 0.048 0.077
0 0.490 0.828 0.035 0.057
0 0.417 0.588 0.048 0.077
0 0.519 0.768 0.048 0.077
0 0.369 0.152 0.047 0.075
0 0.826 0.808 0.041 0.065
0 0.315 0.908 0.048 0.077
0 0.753 0.757 0.047 0.075
0 0.608 0.190 0.042 0.067
0 0.639 0.745 0.048 0.077
0 0.391 0.877 0.047 0.075
0 0.418 0.907 0.048 0.077
0 0.550 0.162 0.048 0.077
0 0.675 0.865 0.048 0.077
0 0.366 0.320 0.048 0.077
0 0.403 0.818 0.044 0.070
0 0.903 0.397 0.042 0.067
0 0.492 0.623 0.042 0.067
0 0.683 0.975 0.048 0.077
0 0.745 0.853 0.036 0.058
0 0.572 0.237 0.048 0.077
0 0.700 0.820 0.048 0.077
0 0.070 0.925 0.036 0.058
0 0.875 0.962 0.042 0.067
0 0.723 0.293 0.045 0.072
0 0.893 0.248 0.035 0.057
0 0.239 0.697 0.044 0.070
0 0.915 0.963 0.044 0.070
0 0.953 0.983 0.044 0.070
0 0.887 0.378 0.041 0.065
