0 0.728 0.820 0.037 0.060
0 0.769 0.522 0.047 0.075
0 0.923 0.192 0.035 0.057
0 0.354 0.528 0.048 0.077
0 0.191 0.733 0.047 0.075
0 0.736 0.062 0.043 0.068
0 0.268 0.520 0.036 0.058
0 0.345 0.218 0.033 0.053
0 0.000 0.735 0.048 0.077
0 0.375 0.347 0.048 0.077
0 0.269 0.087 0.037 0.060
0 0.691 0.208 0.042 0.067
0 0.541 0.693 0.048 0.077
0 0.278 0.652 0.048 0.077
0 0.874 0.833 0.042 0.067
0 0.273 0.712 0.048 0.077
0 0.742 0.938 0.040 0.063
0 0.923 0.592 0.035 0.057
0 0.555 0.883 0.037 0.060
0 0.465 0.567 0.037 0.060
0 0.857 0.658 0.042 0.067
0 0.132 0.813 0.048 0.077
0 0.696 0.672 0.048 0.077
0 0.635 0.315 0.037 0.060
0 0.947 0.417 0.037 0.060
0 0.114 0.230 0.035 0.057
0 0.575 0.028 0.048 0.077
0 0.461 0.607 0.040 0.063
0 0.610 0.305 0.044 0.070
0 0.656 0.733 0.048 0.077
0 0.797 0.268 0.044 0.070
0 0.373 0.295 0.033 0.053
0 0.253 0.687 0.048 0.077
0 0.606 0.655 0.040 0.063
0 0.835 0.445 0.042 0.067
0 0.902 0.783 0.044 0.070
0 0.586 0.607 0.042 0.067
0 0.680 0.313 0.041 0.065
0 0.016 0.080 0.048 0.077
0 0.829 0.000 0.036 0.058
0 0.691 0.000 0.043 0.068
