0 0.552 0.873 0.040 0.063
0 0.833 0.958 0.047 0.075
0 0.855 0.597 0.048 0.077
0 0.093 0.620 0.042 0.067
0 0.320 0.487 0.040 0.063
0 0.028 0.440 0.041 0.065
0 0.553 0.337 0.043 0.068
0 0.825 0.408 0.043 0.068
0 0.055 0.738 0.041 0.065
0 0.655 0.922 0.040 0.063
0 0.827 0.740 0.037 0.060
0 0.589 0.063 0.041 0.065
0 0.772 0.392 0.036 0.058
0 0.133 0.920 0.042 0.067
0 0.359 0.097 0.048 0.077
0 0.766 0.445 0.037 0.060
0 0.373 0.700 0.041 0.065
0 0.683 0.215 0.036 0.058
0 0.631 0.417 0.044 0.070
0 0.168 0.280 0.040 0.063
0 0.553 0.583 0.044 0.070
0 0.667 0.580 0.042 0.067
0 0.552 0.783 0.040 0.063
0 0.011 0.563 0.042 0.067
0 0.764 0.155 0.037 0.060
0 0.857 0.962 0.042 0.067
0 0.978 0.975 0.036 0.058
0 0.290 0.865 0.042 0.067
0 0.414 0.448 0.042 0.067
0 0.471 0.407 0.042 0.067
0 0.811 0.573 0.035 0.057
0 0.317 0.263 0.041 0.065
0 0.605 0.762 0.041 0.065
0 0.647 0.578 0.037 0.060
0 0.721 0.042 0.042 0.067
0 0.475 0.132 0.040 0.063
0 0.782 0.762 0.033 0.053
0 0.734 0.537 0.041 0.065
0 0.951 0.688 0.036 0.058
0 0.124 0.578 0.041 0.065
0 0.683 0.827 0.037 0.060
0 0.007 0.712 0.037 0.060
0 0.266 0.805 0.036 0.058
0 0.882 0.438 0.036 0.058
0 0.675 0.793 0.041 0.065
0 0.671 0.543 0.036 0.058
0 0.357 0.337 0.044 0.070
0 0.230 0.797 0.046 0.073
0 0.930 0.173 0.032 0.052
0 0.449 0.998 0.030 0.048
0 0.188 0.042 0.036 0.058
0 0.588 0.318 0.042 0.067
0 0.586 0.262 0.040 0.063
0 0.792 1.000 0.044 0.070
0 0.543 0.230 0.037 0.060
0 0.797 0.608 0.037 0.060
