0 0.472 0.808 0.042 0.067
0 0.097 0.237 0.048 0.077
0 0.062 0.755 0.048 0.077
0 0.219 0.007 0.044 0.070
0 0.308 0.943 0.046 0.073
0 0.728 0.155 0.047 0.075
0 0.191 0.898 0.045 0.072
0 0.371 0.818 0.037 0.060
0 0.380 0.652 0.048 0.077
0 0.298 0.388 0.048 0.077
0 0.625 0.883 0.048 0.077
0 0.807 0.050 0.048 0.077
0 0.616 0.680 0.044 0.070
0 0.080 0.947 0.048 0.077
0 0.878 0.522 0.048 0.077
0 0.802 0.502 0.044 0.070
0 0.272 0.637 0.047 0.075
0 0.078 0.328 0.042 0.067
0 0.806 0.607 0.044 0.070
0 0.382 0.292 0.040 0.063
0 0.549 0.467 0.042 0.067
0 0.422 0.327 0.043 0.068
0 0.574 0.860 0.048 0.077
0 0.037 0.455 0.048 0.077
0 0.536 0.307 0.048 0.077
0 0.291 0.847 0.044 0.070
0 0.539 0.170 0.048 0.077
0 0.666 0.448 0.048 0.077
0 0.967 0.460 0.045 0.072
0 0.955 0.180 0.044 0.070
0 0.696 0.328 0.048 0.077
0 0.468 0.508 0.043 0.068
0 0.967 0.085 0.042 0.067
0 0.642 0.307 0.044 0.070
0 0.383 0.358 0.048 0.077
0 0.496 0.462 0.042 0.067
0 0.808 0.980 0.044 0.070
0 0.561 0.360 0.044 0.070
0 0.389 0.983 0.042 0.067
0 0.771 0.935 0.046 0.073
0 0.620 0.193 0.046 0.073
0 0.896 0.933 0.035 0.057
0 0.577 0.240 0.036 0.058
0 0.140 0.007 0.048 0.077
0 0.011 0.047 0.048 0.077
0 0.956 0.065 0.037 0.060
0 0.493 0.322 0.035 0.057
