0 0.865 0.082 0.048 0.077
0 0.276 0.627 0.044 0.070
0 0.143 0.000 0.047 0.075
0 0.883 0.150 0.048 0.077
0 0.534 0.825 0.048 0.077
0 0.170 0.038 0.048 0.077
0 0.537 0.073 0.044 0.070
0 0.724 0.687 0.048 0.077
0 0.345 0.503 0.047 0.075
0 0.484 0.875 0.048 0.077
0 0.323 0.998 0.048 0.077
0 0.339 0.027 0.048 0.077
0 0.827 0.495 0.033 0.053
0 0.992 0.040 0.048 0.077
0 0.356 0.157 0.047 0.075
0 0.280 0.468 0.048 0.077
0 0.865 0.377 0.036 0.058
0 0.790 0.520 0.044 0.070
0 0.151 1.000 0.033 0.053
0 0.450 0.000 0.032 0.052
