0 0.544 0.858 0.042 0.067
0 0.832 0.960 0.042 0.067
0 0.852 0.590 0.046 0.073
0 0.103 0.608 0.044 0.070
0 0.326 0.477 0.040 0.063
0 0.028 0.452 0.042 0.067
0 0.552 0.347 0.037 0.060
0 0.823 0.408 0.044 0.070
0 0.062 0.732 0.048 0.077
0 0.652 0.910 0.040 0.063
0 0.830 0.747 0.041 0.065
0 0.593 0.052 0.041 0.065
0 0.761 0.392 0.042 0.067
0 0.129 0.913 0.048 0.077
0 0.354 0.088 0.046 0.073
0 0.759 0.423 0.036 0.058
0 0.372 0.712 0.041 0.065
0 0.683 0.222 0.037 0.060
0 0.628 0.415 0.046 0.073
0 0.172 0.277 0.041 0.065
0 0.552 0.558 0.036 0.058
0 0.664 0.578 0.037 0.060
0 0.549 0.772 0.042 0.067
0 0.010 0.553 0.037 0.060
0 0.770 0.155 0.040 0.063
0 0.869 0.957 0.035 0.057
0 0.977 0.970 0.037 0.060
0 0.293 0.865 0.042 0.067
0 0.421 0.450 0.040 0.063
0 0.472 0.418 0.041 0.065
0 0.803 0.570 0.042 0.067
0 0.316 0.275 0.037 0.060
0 0.593 0.755 0.036 0.058
0 0.647 0.580 0.032 0.052
0 0.728 0.032 0.041 0.065
0 0.483 0.120 0.042 0.067
0 0.786 0.752 0.032 0.052
0 0.745 0.550 0.036 0.058
0 0.950 0.700 0.036 0.058
0 0.125 0.590 0.040 0.063
0 0.675 0.833 0.040 0.063
0 0.015 0.712 0.035 0.057
0 0.273 0.825 0.037 0.060
0 0.880 0.440 0.036 0.058
0 0.671 0.785 0.037 0.060
0 0.664 0.545 0.032 0.052
0 0.367 0.320 0.042 0.067
0 0.231 0.792 0.042 0.067
0 0.925 0.178 0.035 0.057
0 0.454 1.000 0.030 0.048
0 0.184 0.047 0.032 0.052
0 0.594 0.310 0.046 0.073
0 0.583 0.263 0.035 0.057
0 0.787 0.998 0.035 0.057
0 0.546 0.218 0.036 0.058
0 0.808 0.607 0.041 0.065
