0 0.290 0.985 0.037 0.060
0 0.775 0.747 0.046 0.073
0 0.324 0.460 0.048 0.077
0 0.295 0.487 0.048 0.077
0 0.740 0.045 0.041 0.065
0 0.887 1.000 0.047 0.075
0 0.669 0.290 0.048 0.077
0 0.487 0.828 0.044 0.070
0 0.415 0.592 0.037 0.060
0 0.520 0.767 0.040 0.063
0 0.372 0.157 0.044 0.070
0 0.822 0.818 0.041 0.065
0 0.319 0.905 0.035 0.057
0 0.756 0.745 0.048 0.077
0 0.608 0.195 0.044 0.070
0 0.645 0.743 0.048 0.077
0 0.383 0.882 0.040 0.063
0 0.418 0.908 0.048 0.077
0 0.554 0.172 0.044 0.070
0 0.676 0.872 0.036 0.058
0 0.372 0.317 0.040 0.063
0 0.412 0.805 0.048 0.077
0 0.902 0.388 0.048 0.077
0 0.490 0.618 0.037 0.060
0 0.683 0.975 0.048 0.077
0 0.742 0.862 0.037 0.060
0 0.573 0.243 0.040 0.063
0 0.701 0.812 0.044 0.070
0 0.067 0.937 0.048 0.077
0 0.876 0.970 0.042 0.067
0 0.723 0.288 0.037 0.060
0 0.890 0.252 0.048 0.077
0 0.236 0.703 0.044 0.070
0 0.918 0.965 0.048 0.077
0 0.957 0.983 0.042 0.067
0 0.889 0.378 0.046 0.073
