0 0.939 0.510 0.042 0.067
0 0.523 0.095 0.048 0.077
0 0.507 0.118 0.047 0.075
0 0.679 0.065 0.047 0.075
0 0.660 0.135 0.043 0.068
0 0.139 0.525 0.048 0.077
0 0.329 0.490 0.048 0.077
0 0.416 0.693 0.048 0.077
0 0.639 0.017 0.043 0.068
0 0.182 0.775 0.048 0.077
0 0.318 0.793 0.048 0.077
0 0.579 0.173 0.048 0.077
0 0.399 0.073 0.042 0.067
0 0.671 0.095 0.048 0.077
0 0.775 0.395 0.048 0.077
0 0.693 0.228 0.046 0.073
0 0.298 0.803 0.047 0.075
0 0.765 0.030 0.048 0.077
0 0.979 0.838 0.048 0.077
0 0.709 0.193 0.035 0.057
