0 0.868 0.088 0.048 0.077
0 0.274 0.628 0.048 0.077
0 0.152 0.023 0.047 0.075
0 0.891 0.158 0.046 0.073
0 0.525 0.820 0.046 0.073
0 0.180 0.025 0.046 0.073
0 0.537 0.095 0.047 0.075
0 0.717 0.673 0.048 0.077
0 0.335 0.500 0.047 0.075
0 0.487 0.887 0.048 0.077
0 0.324 0.983 0.046 0.073
0 0.347 0.032 0.046 0.073
0 0.836 0.480 0.045 0.072
0 1.000 0.037 0.042 0.067
0 0.347 0.152 0.048 0.077
0 0.274 0.485 0.048 0.077
0 0.864 0.373 0.032 0.052
0 0.795 0.493 0.048 0.077
0 0.143 0.998 0.048 0.077
0 0.450 0.008 0.042 0.067
