0 0.470 0.810 0.041 0.065
0 0.099 0.243 0.048 0.077
0 0.061 0.752 0.048 0.077
0 0.216 0.005 0.046 0.073
0 0.310 0.940 0.043 0.068
0 0.727 0.152 0.046 0.073
0 0.190 0.897 0.042 0.067
0 0.374 0.817 0.042 0.067
0 0.378 0.653 0.048 0.077
0 0.301 0.378 0.045 0.072
0 0.623 0.882 0.042 0.067
0 0.809 0.050 0.048 0.077
0 0.616 0.680 0.044 0.070
0 0.081 0.947 0.048 0.077
0 0.878 0.517 0.045 0.072
0 0.803 0.497 0.041 0.065
0 0.272 0.642 0.048 0.077
0 0.076 0.333 0.048 0.077
0 0.807 0.612 0.042 0.067
0 0.383 0.285 0.048 0.077
0 0.549 0.468 0.043 0.068
0 0.423 0.328 0.044 0.070
0 0.576 0.862 0.048 0.077
0 0.039 0.455 0.036 0.058
0 0.535 0.305 0.048 0.077
0 0.290 0.842 0.048 0.077
0 0.540 0.173 0.042 0.067
0 0.665 0.445 0.046 0.073
0 0.968 0.458 0.048 0.077
0 0.955 0.178 0.046 0.073
0 0.695 0.327 0.044 0.070
0 0.468 0.512 0.042 0.067
0 0.965 0.080 0.042 0.067
0 0.643 0.310 0.045 0.072
0 0.379 0.367 0.042 0.067
0 0.495 0.462 0.042 0.067
0 0.807 0.975 0.043 0.068
0 0.562 0.360 0.044 0.070
0 0.391 0.987 0.044 0.070
0 0.770 0.937 0.048 0.077
0 0.619 0.185 0.037 0.060
0 0.893 0.927 0.037 0.060
0 0.575 0.240 0.037 0.060
0 0.139 0.012 0.044 0.070
0 0.010 0.040 0.044 0.070
0 0.957 0.060 0.036 0.058
0 0.494 0.320 0.030 0.048
