0 0.379 0.155 0.041 0.065
0 0.122 0.968 0.042 0.067
0 0.327 0.833 0.048 0.077
0 0.783 0.470 0.041 0.065
0 0.805 0.278 0.040 0.063
0 0.780 0.398 0.042 0.067
0 0.355 0.373 0.040 0.063
0 0.749 0.278 0.040 0.063
0 0.493 0.650 0.037 0.060
0 0.303 0.822 0.040 0.063
0 0.208 0.753 0.037 0.060
0 0.654 0.110 0.034 0.055
0 0.840 0.102 0.044 0.070
0 0.058 0.620 0.042 0.067
0 0.691 0.653 0.040 0.063
0 0.926 0.732 0.036 0.058
0 0.870 0.143 0.040 0.063
0 0.118 0.773 0.042 0.067
0 0.231 0.642 0.040 0.063
0 0.289 0.000 0.036 0.058
0 0.152 0.060 0.036 0.058
0 0.010 0.367 0.040 0.063
0 0.000 0.548 0.041 0.065
0 0.524 0.105 0.044 0.070
0 0.801 0.088 0.037 0.060
0 0.990 0.572 0.041 0.065
0 0.540 0.462 0.035 0.057
0 0.823 0.065 0.033 0.053
