0 0.869 0.090 0.046 0.073
0 0.275 0.628 0.047 0.075
0 0.152 0.022 0.046 0.073
0 0.876 0.153 0.048 0.077
0 0.523 0.818 0.047 0.075
0 0.180 0.022 0.046 0.073
0 0.540 0.092 0.045 0.072
0 0.718 0.672 0.048 0.077
0 0.334 0.500 0.048 0.077
0 0.487 0.890 0.048 0.077
0 0.318 0.973 0.032 0.052
0 0.351 0.028 0.048 0.077
0 0.848 0.495 0.041 0.065
0 0.996 0.032 0.048 0.077
0 0.340 0.153 0.048 0.077
0 0.270 0.483 0.048 0.077
0 0.865 0.377 0.037 0.060
0 0.797 0.493 0.048 0.077
0 0.142 1.000 0.048 0.077
0 0.446 0.008 0.043 0.068
