0 0.554 0.883 0.041 0.065
0 0.827 0.933 0.035 0.057
0 0.854 0.593 0.048 0.077
0 0.091 0.620 0.036 0.058
0 0.319 0.493 0.040 0.063
0 0.031 0.433 0.042 0.067
0 0.555 0.330 0.048 0.077
0 0.826 0.408 0.042 0.067
0 0.052 0.740 0.042 0.067
0 0.659 0.920 0.036 0.058
0 0.829 0.727 0.042 0.067
0 0.589 0.070 0.041 0.065
0 0.768 0.392 0.043 0.068
0 0.126 0.913 0.042 0.067
0 0.360 0.097 0.041 0.065
0 0.769 0.450 0.040 0.063
0 0.380 0.702 0.048 0.077
0 0.682 0.212 0.037 0.060
0 0.632 0.415 0.042 0.067
0 0.165 0.282 0.040 0.063
0 0.549 0.585 0.035 0.057
0 0.666 0.577 0.037 0.060
0 0.552 0.793 0.042 0.067
0 0.014 0.565 0.037 0.060
0 0.760 0.160 0.037 0.060
0 0.855 0.958 0.042 0.067
0 0.978 0.987 0.048 0.077
0 0.289 0.863 0.042 0.067
0 0.410 0.452 0.040 0.063
0 0.470 0.407 0.044 0.070
0 0.814 0.577 0.041 0.065
0 0.315 0.258 0.041 0.065
0 0.606 0.770 0.036 0.058
0 0.647 0.578 0.036 0.058
0 0.719 0.042 0.042 0.067
0 0.472 0.138 0.041 0.065
0 0.779 0.762 0.034 0.055
0 0.731 0.527 0.037 0.060
0 0.953 0.685 0.040 0.063
0 0.127 0.578 0.037 0.060
0 0.691 0.827 0.035 0.057
0 0.000 0.705 0.037 0.060
0 0.271 0.795 0.035 0.057
0 0.883 0.443 0.035 0.057
0 0.675 0.793 0.036 0.058
0 0.672 0.545 0.036 0.058
0 0.356 0.335 0.032 0.052
0 0.224 0.812 0.036 0.058
0 0.931 0.168 0.036 0.058
0 0.445 0.995 0.036 0.058
0 0.185 0.035 0.037 0.060
0 0.585 0.322 0.042 0.067
0 0.589 0.263 0.041 0.065
0 0.787 1.000 0.044 0.070
0 0.541 0.240 0.032 0.052
0 0.793 0.612 0.035 0.057
