0 0.467 0.798 0.042 0.067
0 0.100 0.225 0.048 0.077
0 0.062 0.750 0.048 0.077
0 0.210 0.010 0.045 0.072
0 0.309 0.945 0.048 0.077
0 0.723 0.157 0.048 0.077
0 0.186 0.892 0.047 0.075
0 0.374 0.810 0.041 0.065
0 0.381 0.682 0.048 0.077
0 0.292 0.388 0.037 0.060
0 0.620 0.877 0.048 0.077
0 0.815 0.052 0.048 0.077
0 0.619 0.680 0.046 0.073
0 0.085 0.948 0.048 0.077
0 0.875 0.525 0.048 0.077
0 0.795 0.495 0.048 0.077
0 0.271 0.653 0.042 0.067
0 0.079 0.337 0.042 0.067
0 0.804 0.632 0.042 0.067
0 0.367 0.268 0.042 0.067
0 0.546 0.468 0.042 0.067
0 0.428 0.332 0.045 0.072
0 0.586 0.848 0.048 0.077
0 0.031 0.428 0.048 0.077
0 0.540 0.313 0.048 0.077
0 0.286 0.840 0.048 0.077
0 0.540 0.167 0.045 0.072
0 0.660 0.447 0.048 0.077
0 0.974 0.460 0.048 0.077
0 0.955 0.178 0.048 0.077
0 0.700 0.327 0.044 0.070
0 0.463 0.515 0.041 0.065
0 0.954 0.063 0.048 0.077
0 0.648 0.317 0.045 0.072
0 0.373 0.385 0.041 0.065
0 0.492 0.458 0.041 0.065
0 0.809 0.982 0.044 0.070
0 0.571 0.362 0.043 0.068
0 0.385 0.988 0.045 0.072
0 0.759 0.927 0.041 0.065
0 0.623 0.182 0.047 0.075
0 0.879 0.920 0.042 0.067
0 0.566 0.245 0.040 0.063
0 0.141 0.000 0.044 0.070
0 0.000 0.033 0.042 0.067
0 0.959 0.035 0.036 0.058
0 0.494 0.322 0.029 0.047
