0 0.097 0.525 0.048 0.077
0 0.027 0.792 0.048 0.077
0 0.873 0.282 0.034 0.055
0 0.774 0.927 0.035 0.057
0 0.066 0.258 0.042 0.067
0 0.024 0.370 0.042 0.067
0 0.704 0.555 0.040 0.063
0 0.664 0.575 0.048 0.077
0 0.080 0.835 0.035 0.057
0 0.807 0.163 0.044 0.070
0 0.608 0.572 0.035 0.057
0 0.078 0.640 0.032 0.052
0 0.122 0.452 0.044 0.070
0 0.646 1.000 0.034 0.055
0 0.034 0.422 0.048 0.077
0 0.090 0.442 0.037 0.060
0 0.636 0.527 0.048 0.077
0 0.054 0.535 0.048 0.077
0 0.166 0.037 0.041 0.065
0 0.829 0.762 0.040 0.063
0 0.590 0.010 0.037 0.060
0 1.000 0.212 0.036 0.058
0 0.546 0.258 0.042 0.067
0 0.396 0.393 0.037 0.060
0 0.417 0.147 0.036 0.058
0 0.863 0.893 0.042 0.067
0 0.207 0.503 0.048 0.077
0 0.509 0.807 0.037 0.060
0 0.086 0.592 0.037 0.060
0 0.727 0.238 0.036 0.058
0 0.007 0.632 0.040 0.063
