0 0.330 0.655 0.048 0.077
0 0.993 0.295 0.048 0.077
0 0.901 0.255 0.044 0.070
0 0.527 0.007 0.048 0.077
0 0.759 0.282 0.047 0.075
0 0.096 0.810 0.047 0.075
0 0.585 0.563 0.035 0.057
0 0.767 0.403 0.042 0.067
0 0.565 0.372 0.044 0.070
0 0.633 0.723 0.037 0.060
0 0.444 0.755 0.042 0.067
0 0.670 0.307 0.048 0.077
0 0.616 0.353 0.042 0.067
0 0.736 0.605 0.045 0.072
0 0.543 0.365 0.042 0.067
0 0.321 0.777 0.036 0.058
0 0.411 0.698 0.037 0.060
0 0.496 0.665 0.044 0.070
0 0.578 0.883 0.035 0.057
0 0.725 0.248 0.037 0.060
0 0.767 0.792 0.037 0.060
0 0.596 0.232 0.048 0.077
0 0.963 0.987 0.037 0.060
0 0.627 0.237 0.035 0.057
0 0.009 0.363 0.037 0.060
