0 0.931 0.512 0.040 0.063
0 0.520 0.083 0.048 0.077
0 0.509 0.117 0.043 0.068
0 0.661 0.050 0.046 0.073
0 0.662 0.140 0.048 0.077
0 0.144 0.523 0.048 0.077
0 0.336 0.487 0.048 0.077
0 0.410 0.682 0.048 0.077
0 0.635 0.037 0.043 0.068
0 0.188 0.775 0.048 0.077
0 0.321 0.787 0.048 0.077
0 0.575 0.172 0.046 0.073
0 0.398 0.078 0.044 0.070
0 0.690 0.088 0.048 0.077
0 0.767 0.408 0.041 0.065
0 0.695 0.232 0.046 0.073
0 0.296 0.802 0.048 0.077
0 0.770 0.040 0.048 0.077
0 0.986 0.833 0.042 0.067
0 0.711 0.190 0.037 0.060
