0 0.331 0.655 0.048 0.077
0 0.993 0.297 0.048 0.077
0 0.898 0.253 0.043 0.068
0 0.527 0.007 0.048 0.077
0 0.758 0.285 0.047 0.075
0 0.100 0.815 0.048 0.077
0 0.580 0.565 0.036 0.058
0 0.762 0.403 0.037 0.060
0 0.560 0.357 0.048 0.077
0 0.636 0.728 0.042 0.067
0 0.443 0.750 0.041 0.065
0 0.667 0.305 0.048 0.077
0 0.619 0.352 0.042 0.067
0 0.735 0.607 0.044 0.070
0 0.537 0.362 0.036 0.058
0 0.324 0.773 0.034 0.055
0 0.408 0.698 0.040 0.063
0 0.496 0.667 0.042 0.067
0 0.578 0.885 0.035 0.057
0 0.725 0.250 0.037 0.060
0 0.765 0.790 0.040 0.063
0 0.594 0.230 0.046 0.073
0 0.956 0.988 0.046 0.073
0 0.625 0.247 0.035 0.057
0 0.011 0.367 0.036 0.058
