0 0.868 0.085 0.048 0.077
0 0.276 0.628 0.046 0.073
0 0.154 0.020 0.046 0.073
0 0.891 0.150 0.046 0.073
0 0.526 0.820 0.046 0.073
0 0.180 0.032 0.046 0.073
0 0.537 0.088 0.044 0.070
0 0.717 0.677 0.048 0.077
0 0.336 0.503 0.048 0.077
0 0.487 0.887 0.048 0.077
0 0.324 0.988 0.048 0.077
0 0.345 0.028 0.044 0.070
0 0.834 0.482 0.045 0.072
0 1.000 0.042 0.047 0.075
0 0.350 0.152 0.047 0.075
0 0.271 0.485 0.048 0.077
0 0.865 0.378 0.036 0.058
0 0.790 0.493 0.048 0.077
0 0.142 0.995 0.047 0.075
0 0.449 0.007 0.048 0.077
