0 0.327 0.650 0.048 0.077
0 0.993 0.297 0.046 0.073
0 0.896 0.253 0.045 0.072
0 0.530 0.018 0.036 0.058
0 0.747 0.302 0.048 0.077
0 0.103 0.803 0.041 0.065
0 0.570 0.582 0.035 0.057
0 0.757 0.417 0.040 0.063
0 0.572 0.353 0.037 0.060
0 0.645 0.728 0.036 0.058
0 0.449 0.748 0.037 0.060
0 0.662 0.308 0.047 0.075
0 0.621 0.343 0.042 0.067
0 0.736 0.607 0.047 0.075
0 0.525 0.358 0.036 0.058
0 0.332 0.768 0.036 0.058
0 0.400 0.700 0.041 0.065
0 0.497 0.662 0.046 0.073
0 0.577 0.887 0.034 0.055
0 0.726 0.252 0.042 0.067
0 0.767 0.788 0.034 0.055
0 0.589 0.242 0.048 0.077
0 0.956 0.973 0.044 0.070
0 0.627 0.258 0.042 0.067
0 0.013 0.358 0.048 0.077
