0 0.379 0.160 0.034 0.055
0 0.124 0.973 0.041 0.065
0 0.321 0.838 0.042 0.067
0 0.781 0.467 0.035 0.057
0 0.808 0.285 0.037 0.060
0 0.781 0.402 0.042 0.067
0 0.358 0.377 0.036 0.058
0 0.748 0.272 0.040 0.063
0 0.494 0.657 0.037 0.060
0 0.306 0.822 0.040 0.063
0 0.211 0.757 0.041 0.065
0 0.651 0.105 0.034 0.055
0 0.838 0.097 0.040 0.063
0 0.058 0.615 0.041 0.065
0 0.694 0.650 0.040 0.063
0 0.927 0.730 0.040 0.063
0 0.866 0.142 0.037 0.060
0 0.116 0.773 0.042 0.067
0 0.230 0.640 0.037 0.060
0 0.287 0.000 0.042 0.067
0 0.148 0.062 0.034 0.055
0 0.009 0.363 0.042 0.067
0 0.000 0.553 0.041 0.065
0 0.525 0.108 0.035 0.057
0 0.803 0.097 0.032 0.052
0 0.993 0.568 0.040 0.063
0 0.537 0.465 0.035 0.057
0 0.824 0.057 0.032 0.052
