0 0.251 0.675 0.041 0.065
0 0.797 0.090 0.048 0.077
0 0.685 0.413 0.048 0.077
0 0.167 0.818 0.042 0.067
0 0.549 0.412 0.048 0.077
0 0.705 0.382 0.048 0.077
0 0.321 0.193 0.048 0.077
0 0.098 0.650 0.048 0.077
0 0.412 0.745 0.048 0.077
0 0.399 0.793 0.048 0.077
0 0.994 0.112 0.048 0.077
0 0.921 0.152 0.048 0.077
0 0.142 0.228 0.048 0.077
0 0.857 0.258 0.044 0.070
0 0.902 0.060 0.048 0.077
0 0.155 0.838 0.044 0.070
0 0.525 0.023 0.048 0.077
0 0.947 0.328 0.048 0.077
0 0.215 0.657 0.048 0.077
0 0.386 0.820 0.048 0.077
0 0.298 0.367 0.046 0.073
0 0.892 0.122 0.048 0.077
0 0.917 0.775 0.037 0.060
0 0.117 0.738 0.048 0.077
0 0.670 0.082 0.047 0.075
0 0.188 0.857 0.048 0.077
0 0.943 0.988 0.046 0.073
0 0.024 0.772 0.048 0.077
0 0.058 0.720 0.048 0.077
0 0.510 0.068 0.047 0.075
0 0.448 0.598 0.044 0.070
0 0.667 0.125 0.048 0.077
0 0.388 0.868 0.046 0.073
0 0.411 0.973 0.048 0.077
0 0.967 0.313 0.044 0.070
0 0.098 0.750 0.044 0.070
0 0.861 0.070 0.048 0.077
0 0.005 0.082 0.048 0.077
0 0.399 0.032 0.040 0.063
0 0.174 0.755 0.046 0.073
0 0.839 0.535 0.048 0.077
0 0.211 0.795 0.048 0.077
0 0.866 0.573 0.044 0.070
