0 0.103 0.515 0.048 0.077
0 0.024 0.785 0.046 0.073
0 0.860 0.292 0.042 0.067
0 0.764 0.908 0.034 0.055
0 0.060 0.267 0.042 0.067
0 0.030 0.372 0.042 0.067
0 0.698 0.555 0.040 0.063
0 0.662 0.563 0.042 0.067
0 0.066 0.827 0.040 0.063
0 0.804 0.155 0.042 0.067
0 0.618 0.578 0.037 0.060
0 0.074 0.640 0.035 0.057
0 0.122 0.422 0.048 0.077
0 0.649 1.000 0.032 0.052
0 0.028 0.422 0.048 0.077
0 0.098 0.445 0.037 0.060
0 0.640 0.523 0.045 0.072
0 0.067 0.522 0.048 0.077
0 0.165 0.048 0.040 0.063
0 0.830 0.763 0.035 0.057
0 0.593 0.018 0.048 0.077
0 1.000 0.192 0.037 0.060
0 0.537 0.250 0.041 0.065
0 0.412 0.378 0.037 0.060
0 0.408 0.120 0.042 0.067
0 0.855 0.880 0.044 0.070
0 0.211 0.513 0.046 0.073
0 0.511 0.827 0.037 0.060
0 0.085 0.583 0.048 0.077
0 0.729 0.218 0.041 0.065
0 0.000 0.658 0.034 0.055
