0 0.381 0.150 0.037 0.060
0 0.119 0.970 0.041 0.065
0 0.334 0.833 0.044 0.070
0 0.782 0.473 0.041 0.065
0 0.803 0.275 0.041 0.065
0 0.778 0.390 0.041 0.065
0 0.355 0.368 0.040 0.063
0 0.752 0.277 0.041 0.065
0 0.495 0.647 0.036 0.058
0 0.304 0.825 0.041 0.065
0 0.205 0.755 0.035 0.057
0 0.659 0.112 0.033 0.053
0 0.835 0.100 0.042 0.067
0 0.060 0.623 0.041 0.065
0 0.688 0.657 0.042 0.067
0 0.926 0.738 0.036 0.058
0 0.874 0.147 0.041 0.065
0 0.121 0.772 0.042 0.067
0 0.237 0.650 0.046 0.073
0 0.291 0.000 0.044 0.070
0 0.159 0.063 0.034 0.055
0 0.008 0.368 0.044 0.070
0 0.003 0.543 0.048 0.077
0 0.522 0.118 0.035 0.057
0 0.799 0.083 0.037 0.060
0 0.985 0.577 0.037 0.060
0 0.542 0.460 0.035 0.057
0 0.822 0.073 0.035 0.057
