0 0.948 0.500 0.041 0.065
0 0.523 0.092 0.048 0.077
0 0.506 0.115 0.043 0.068
0 0.680 0.075 0.046 0.073
0 0.662 0.133 0.044 0.070
0 0.128 0.510 0.048 0.077
0 0.327 0.490 0.048 0.077
0 0.420 0.698 0.048 0.077
0 0.626 0.005 0.048 0.077
0 0.176 0.782 0.048 0.077
0 0.312 0.802 0.045 0.072
0 0.581 0.185 0.047 0.075
0 0.399 0.073 0.044 0.070
0 0.672 0.097 0.048 0.077
0 0.777 0.378 0.048 0.077
0 0.692 0.227 0.042 0.067
0 0.298 0.817 0.048 0.077
0 0.770 0.030 0.048 0.077
0 0.983 0.842 0.041 0.065
0 0.710 0.188 0.048 0.077
