0 0.723 0.818 0.037 0.060
0 0.768 0.513 0.048 0.077
0 0.930 0.203 0.048 0.077
0 0.351 0.520 0.044 0.070
0 0.190 0.732 0.046 0.073
0 0.735 0.068 0.048 0.077
0 0.279 0.520 0.041 0.065
0 0.342 0.223 0.034 0.055
0 0.000 0.733 0.046 0.073
0 0.373 0.338 0.048 0.077
0 0.269 0.102 0.035 0.057
0 0.689 0.210 0.045 0.072
0 0.537 0.690 0.048 0.077
0 0.280 0.640 0.044 0.070
0 0.878 0.833 0.044 0.070
0 0.273 0.712 0.045 0.072
0 0.747 0.945 0.041 0.065
0 0.926 0.593 0.043 0.068
0 0.547 0.880 0.040 0.063
0 0.458 0.565 0.035 0.057
0 0.856 0.663 0.043 0.068
0 0.136 0.807 0.042 0.067
0 0.699 0.673 0.042 0.067
0 0.631 0.320 0.040 0.063
0 0.955 0.423 0.037 0.060
0 0.116 0.232 0.035 0.057
0 0.579 0.027 0.042 0.067
0 0.455 0.610 0.036 0.058
0 0.605 0.303 0.042 0.067
0 0.648 0.725 0.032 0.052
0 0.795 0.265 0.041 0.065
0 0.381 0.302 0.040 0.063
0 0.257 0.690 0.048 0.077
0 0.608 0.655 0.042 0.067
0 0.832 0.450 0.040 0.063
0 0.906 0.780 0.042 0.067
0 0.585 0.610 0.042 0.067
0 0.679 0.318 0.037 0.060
0 0.010 0.093 0.042 0.067
0 0.827 0.000 0.040 0.063
0 0.671 0.000 0.047 0.075
