0 0.277 0.470 0.048 0.077
0 0.208 0.493 0.040 0.063
0 0.206 0.608 0.048 0.077
0 0.227 0.677 0.048 0.077
0 0.224 0.740 0.044 0.070
0 0.328 0.853 0.043 0.068
0 0.380 0.815 0.042 0.067
0 0.090 0.332 0.045 0.072
0 0.651 0.755 0.048 0.077
0 0.400 0.258 0.044 0.070
0 0.035 0.755 0.043 0.068
0 0.574 0.262 0.048 0.077
0 0.225 0.168 0.044 0.070
0 0.180 0.488 0.048 0.077
0 0.172 0.758 0.034 0.055
0 0.799 0.358 0.047 0.075
0 0.096 0.360 0.040 0.063
0 0.884 0.728 0.040 0.063
0 0.396 0.503 0.047 0.075
0 0.377 0.780 0.035 0.057
0 0.871 1.000 0.048 0.077
