0 0.724 0.818 0.037 0.060
0 0.769 0.517 0.046 0.073
0 0.923 0.197 0.032 0.052
0 0.353 0.523 0.041 0.065
0 0.190 0.732 0.044 0.070
0 0.735 0.068 0.046 0.073
0 0.274 0.522 0.040 0.063
0 0.342 0.223 0.034 0.055
0 0.000 0.735 0.046 0.073
0 0.374 0.338 0.047 0.075
0 0.270 0.098 0.036 0.058
0 0.689 0.208 0.042 0.067
0 0.540 0.687 0.045 0.072
0 0.276 0.647 0.041 0.065
0 0.878 0.833 0.044 0.070
0 0.271 0.710 0.048 0.077
0 0.745 0.942 0.044 0.070
0 0.924 0.595 0.041 0.065
0 0.549 0.887 0.040 0.063
0 0.464 0.560 0.037 0.060
0 0.857 0.663 0.042 0.067
0 0.132 0.805 0.045 0.072
0 0.698 0.675 0.044 0.070
0 0.632 0.320 0.040 0.063
0 0.952 0.418 0.036 0.058
0 0.116 0.232 0.036 0.058
0 0.577 0.027 0.048 0.077
0 0.456 0.610 0.037 0.060
0 0.606 0.305 0.043 0.068
0 0.653 0.730 0.043 0.068
0 0.798 0.268 0.042 0.067
0 0.378 0.298 0.036 0.058
0 0.257 0.687 0.048 0.077
0 0.607 0.655 0.041 0.065
0 0.833 0.447 0.042 0.067
0 0.905 0.780 0.043 0.068
0 0.585 0.608 0.042 0.067
0 0.677 0.318 0.041 0.065
0 0.008 0.092 0.045 0.072
0 0.829 0.000 0.037 0.060
0 0.693 0.000 0.044 0.070
