0 0.677 0.325 0.041 0.065
0 0.015 0.142 0.037 0.060
0 0.706 0.615 0.041 0.065
0 0.050 0.685 0.036 0.058
0 0.054 0.177 0.048 0.077
0 0.812 0.803 0.037 0.060
0 0.406 0.617 0.037 0.060
0 0.276 0.458 0.041 0.065
0 0.025 0.245 0.040 0.063
0 0.156 0.532 0.041 0.065
0 0.277 0.407 0.048 0.077
0 0.637 0.678 0.037 0.060
0 0.662 0.370 0.036 0.058
0 0.260 0.563 0.035 0.057
0 0.755 0.287 0.034 0.055
0 0.696 0.503 0.040 0.063
0 0.893 1.000 0.043 0.068
0 0.649 0.312 0.032 0.052
0 0.418 0.700 0.041 0.065
0 0.521 1.000 0.034 0.055
0 0.416 0.652 0.034 0.055
0 0.492 1.000 0.033 0.053
0 0.307 0.438 0.032 0.052
0 0.726 0.990 0.037 0.060
