0 0.945 0.505 0.042 0.067
0 0.524 0.100 0.048 0.077
0 0.506 0.118 0.046 0.073
0 0.679 0.067 0.048 0.077
0 0.664 0.132 0.044 0.070
0 0.130 0.513 0.047 0.075
0 0.327 0.488 0.048 0.077
0 0.421 0.698 0.047 0.075
0 0.625 0.010 0.048 0.077
0 0.178 0.782 0.048 0.077
0 0.315 0.797 0.047 0.075
0 0.583 0.180 0.048 0.077
0 0.399 0.075 0.042 0.067
0 0.674 0.098 0.048 0.077
0 0.776 0.385 0.048 0.077
0 0.696 0.223 0.048 0.077
0 0.299 0.810 0.048 0.077
0 0.773 0.038 0.048 0.077
0 0.992 0.837 0.042 0.067
0 0.709 0.192 0.035 0.057
