0 0.255 0.663 0.048 0.077
0 0.806 0.080 0.034 0.055
0 0.685 0.418 0.042 0.067
0 0.171 0.820 0.048 0.077
0 0.549 0.407 0.048 0.077
0 0.711 0.382 0.041 0.065
0 0.324 0.183 0.048 0.077
0 0.113 0.648 0.048 0.077
0 0.393 0.748 0.044 0.070
0 0.405 0.790 0.048 0.077
0 0.997 0.113 0.048 0.077
0 0.917 0.167 0.047 0.075
0 0.140 0.203 0.037 0.060
0 0.853 0.245 0.044 0.070
0 0.906 0.077 0.048 0.077
0 0.155 0.847 0.048 0.077
0 0.521 0.007 0.048 0.077
0 0.950 0.325 0.048 0.077
0 0.218 0.642 0.048 0.077
0 0.386 0.817 0.048 0.077
0 0.298 0.367 0.047 0.075
0 0.890 0.120 0.048 0.077
0 0.921 0.778 0.047 0.075
0 0.119 0.737 0.045 0.072
0 0.658 0.082 0.042 0.067
0 0.189 0.860 0.047 0.075
0 0.953 0.998 0.048 0.077
0 0.008 0.790 0.048 0.077
0 0.064 0.712 0.047 0.075
0 0.504 0.068 0.048 0.077
0 0.442 0.617 0.044 0.070
0 0.681 0.115 0.044 0.070
0 0.386 0.860 0.048 0.077
0 0.417 0.960 0.040 0.063
0 0.975 0.308 0.044 0.070
0 0.104 0.730 0.048 0.077
0 0.868 0.067 0.048 0.077
0 0.021 0.078 0.046 0.073
0 0.400 0.033 0.045 0.072
0 0.174 0.755 0.042 0.067
0 0.832 0.535 0.040 0.063
0 0.217 0.780 0.048 0.077
0 0.879 0.582 0.047 0.075
