0 0.327 0.652 0.048 0.077
0 0.993 0.298 0.046 0.073
0 0.895 0.252 0.044 0.070
0 0.529 0.012 0.044 0.070
0 0.750 0.298 0.048 0.077
0 0.105 0.808 0.048 0.077
0 0.571 0.580 0.035 0.057
0 0.756 0.417 0.041 0.065
0 0.577 0.355 0.048 0.077
0 0.645 0.728 0.036 0.058
0 0.447 0.742 0.044 0.070
0 0.662 0.308 0.048 0.077
0 0.622 0.342 0.041 0.065
0 0.738 0.612 0.048 0.077
0 0.526 0.358 0.036 0.058
0 0.334 0.772 0.035 0.057
0 0.401 0.698 0.040 0.063
0 0.500 0.662 0.044 0.070
0 0.580 0.883 0.035 0.057
0 0.725 0.248 0.036 0.058
0 0.767 0.790 0.035 0.057
0 0.589 0.240 0.047 0.075
0 0.956 0.973 0.044 0.070
0 0.628 0.265 0.031 0.050
0 0.011 0.358 0.048 0.077
