0 0.374 0.935 0.041 0.065
0 0.629 0.943 0.048 0.077
0 0.269 0.093 0.042 0.067
0 0.707 0.960 0.048 0.077
0 0.204 0.037 0.042 0.067
0 0.579 0.028 0.030 0.048
0 0.918 0.843 0.044 0.070
0 0.129 0.793 0.048 0.077
0 0.777 0.570 0.047 0.075
0 0.401 0.077 0.048 0.077
0 0.969 0.975 0.048 0.077
0 0.041 0.242 0.045 0.072
0 0.713 0.207 0.048 0.077
0 0.521 0.253 0.048 0.077
0 0.838 0.947 0.048 0.077
0 0.156 0.172 0.043 0.068
0 0.479 0.172 0.044 0.070
0 0.757 0.547 0.042 0.067
0 0.647 0.635 0.041 0.065
0 0.607 0.538 0.043 0.068
0 0.574 0.290 0.048 0.077
0 0.053 0.028 0.048 0.077
0 0.135 0.583 0.042 0.067
0 0.452 0.382 0.048 0.077
0 0.536 0.445 0.048 0.077
0 0.359 0.435 0.048 0.077
0 0.468 0.095 0.048 0.077
0 0.730 0.343 0.044 0.070
0 0.935 0.013 0.048 0.077
0 0.822 0.578 0.036 0.058
0 0.436 0.040 0.048 0.077
0 0.033 0.137 0.040 0.063
0 0.742 0.693 0.036 0.058
0 0.114 0.772 0.035 0.057
0 0.682 0.347 0.037 0.060
0 0.832 0.243 0.034 0.055
0 0.708 0.900 0.048 0.077
0 0.487 0.397 0.048 0.077
0 0.980 0.050 0.044 0.070
0 0.457 0.730 0.036 0.058
0 0.635 0.413 0.035 0.057
