0 0.103 0.515 0.048 0.077
0 0.024 0.788 0.045 0.072
0 0.860 0.293 0.036 0.058
0 0.765 0.910 0.037 0.060
0 0.061 0.267 0.041 0.065
0 0.033 0.373 0.043 0.068
0 0.696 0.557 0.042 0.067
0 0.665 0.570 0.047 0.075
0 0.067 0.828 0.036 0.058
0 0.805 0.153 0.042 0.067
0 0.618 0.577 0.036 0.058
0 0.078 0.637 0.032 0.052
0 0.121 0.428 0.037 0.060
0 0.648 1.000 0.032 0.052
0 0.024 0.427 0.040 0.063
0 0.097 0.447 0.035 0.057
0 0.640 0.523 0.045 0.072
0 0.066 0.522 0.044 0.070
0 0.165 0.048 0.041 0.065
0 0.829 0.762 0.040 0.063
0 0.597 0.020 0.037 0.060
0 1.000 0.192 0.037 0.060
0 0.537 0.250 0.040 0.063
0 0.411 0.380 0.040 0.063
0 0.407 0.118 0.036 0.058
0 0.856 0.880 0.041 0.065
0 0.210 0.510 0.048 0.077
0 0.511 0.823 0.040 0.063
0 0.081 0.588 0.035 0.057
0 0.730 0.218 0.040 0.063
0 0.000 0.657 0.035 0.057
