0 0.328 0.652 0.048 0.077
0 0.993 0.297 0.046 0.073
0 0.897 0.253 0.046 0.073
0 0.529 0.013 0.041 0.065
0 0.751 0.297 0.048 0.077
0 0.106 0.808 0.046 0.073
0 0.572 0.578 0.036 0.058
0 0.757 0.415 0.041 0.065
0 0.573 0.348 0.048 0.077
0 0.640 0.730 0.048 0.077
0 0.449 0.745 0.040 0.063
0 0.661 0.308 0.048 0.077
0 0.622 0.343 0.042 0.067
0 0.738 0.608 0.047 0.075
0 0.527 0.360 0.037 0.060
0 0.331 0.768 0.032 0.052
0 0.401 0.698 0.041 0.065
0 0.497 0.662 0.041 0.065
0 0.578 0.885 0.036 0.058
0 0.726 0.253 0.032 0.052
0 0.768 0.792 0.036 0.058
0 0.589 0.238 0.046 0.073
0 0.954 0.978 0.048 0.077
0 0.626 0.263 0.035 0.057
0 0.011 0.360 0.045 0.072
