0 0.101 0.518 0.048 0.077
0 0.027 0.790 0.048 0.077
0 0.866 0.290 0.035 0.057
0 0.770 0.918 0.035 0.057
0 0.064 0.263 0.042 0.067
0 0.027 0.372 0.042 0.067
0 0.701 0.555 0.036 0.058
0 0.664 0.572 0.048 0.077
0 0.071 0.832 0.036 0.058
0 0.805 0.157 0.043 0.068
0 0.611 0.568 0.048 0.077
0 0.079 0.643 0.041 0.065
0 0.116 0.437 0.047 0.075
0 0.647 0.998 0.041 0.065
0 0.026 0.428 0.042 0.067
0 0.094 0.445 0.037 0.060
0 0.639 0.527 0.047 0.075
0 0.060 0.522 0.048 0.077
0 0.166 0.045 0.037 0.060
0 0.830 0.765 0.041 0.065
0 0.592 0.017 0.048 0.077
0 0.998 0.200 0.037 0.060
0 0.540 0.258 0.042 0.067
0 0.405 0.397 0.048 0.077
0 0.412 0.130 0.037 0.060
0 0.858 0.885 0.042 0.067
0 0.207 0.510 0.043 0.068
0 0.511 0.815 0.041 0.065
0 0.086 0.587 0.048 0.077
0 0.728 0.227 0.036 0.058
0 0.000 0.645 0.044 0.070
