0 0.379 0.158 0.037 0.060
0 0.124 0.970 0.042 0.067
0 0.323 0.838 0.041 0.065
0 0.782 0.467 0.037 0.060
0 0.807 0.280 0.040 0.063
0 0.786 0.395 0.032 0.052
0 0.356 0.378 0.040 0.063
0 0.748 0.275 0.040 0.063
0 0.494 0.653 0.036 0.058
0 0.303 0.822 0.041 0.065
0 0.210 0.753 0.040 0.063
0 0.654 0.108 0.032 0.052
0 0.835 0.097 0.042 0.067
0 0.057 0.617 0.041 0.065
0 0.692 0.653 0.041 0.065
0 0.925 0.732 0.035 0.057
0 0.868 0.140 0.037 0.060
0 0.116 0.777 0.040 0.063
0 0.230 0.643 0.040 0.063
0 0.289 0.000 0.041 0.065
0 0.151 0.060 0.035 0.057
0 0.007 0.367 0.045 0.072
0 0.000 0.552 0.040 0.063
0 0.525 0.113 0.040 0.063
0 0.799 0.092 0.035 0.057
0 0.992 0.570 0.040 0.063
0 0.539 0.463 0.036 0.058
0 0.824 0.060 0.033 0.053
