0 0.329 0.653 0.048 0.077
0 0.994 0.298 0.047 0.075
0 0.894 0.252 0.044 0.070
0 0.526 0.018 0.041 0.065
0 0.748 0.297 0.048 0.077
0 0.104 0.807 0.044 0.070
0 0.568 0.582 0.033 0.053
0 0.756 0.420 0.041 0.065
0 0.577 0.353 0.044 0.070
0 0.647 0.728 0.036 0.058
0 0.452 0.747 0.042 0.067
0 0.661 0.310 0.048 0.077
0 0.621 0.340 0.042 0.067
0 0.740 0.608 0.048 0.077
0 0.521 0.357 0.037 0.060
0 0.335 0.767 0.034 0.055
0 0.399 0.702 0.040 0.063
0 0.497 0.662 0.041 0.065
0 0.580 0.883 0.036 0.058
0 0.725 0.248 0.036 0.058
0 0.766 0.792 0.035 0.057
0 0.588 0.245 0.047 0.075
0 0.955 0.975 0.045 0.072
0 0.630 0.265 0.035 0.057
0 0.011 0.358 0.048 0.077
