0 0.534 0.418 0.042 0.067
0 0.210 0.490 0.044 0.070
0 0.652 0.440 0.044 0.070
0 0.396 0.570 0.041 0.065
0 0.671 0.525 0.044 0.070
0 0.290 0.183 0.048 0.077
0 0.583 1.000 0.040 0.063
0 0.675 0.208 0.044 0.070
0 0.713 0.755 0.048 0.077
0 0.217 0.428 0.046 0.073
0 0.338 0.488 0.044 0.070
0 0.804 0.672 0.041 0.065
0 0.961 0.867 0.040 0.063
0 0.332 1.000 0.032 0.052
0 0.191 0.368 0.044 0.070
0 0.816 0.485 0.040 0.063
0 0.898 0.792 0.043 0.068
0 0.736 0.122 0.043 0.068
0 0.642 0.763 0.048 0.077
0 0.167 0.575 0.040 0.063
0 0.021 0.742 0.036 0.058
0 0.281 0.402 0.047 0.075
0 0.044 0.025 0.037 0.060
0 0.271 0.987 0.042 0.067
