0 0.285 0.473 0.041 0.065
0 0.206 0.473 0.048 0.077
0 0.210 0.607 0.042 0.067
0 0.217 0.645 0.042 0.067
0 0.227 0.738 0.042 0.067
0 0.316 0.847 0.044 0.070
0 0.364 0.828 0.045 0.072
0 0.100 0.340 0.044 0.070
0 0.643 0.768 0.037 0.060
0 0.395 0.232 0.041 0.065
0 0.030 0.767 0.042 0.067
0 0.571 0.237 0.036 0.058
0 0.223 0.152 0.048 0.077
0 0.184 0.500 0.043 0.068
0 0.173 0.760 0.037 0.060
0 0.796 0.363 0.045 0.072
0 0.114 0.370 0.048 0.077
0 0.885 0.742 0.043 0.068
0 0.379 0.497 0.042 0.067
0 0.377 0.778 0.035 0.057
0 0.873 1.000 0.033 0.053
