0 0.467 0.805 0.042 0.067
0 0.099 0.243 0.047 0.075
0 0.065 0.748 0.048 0.077
0 0.212 0.000 0.045 0.072
0 0.308 0.945 0.046 0.073
0 0.725 0.152 0.048 0.077
0 0.190 0.892 0.045 0.072
0 0.373 0.815 0.041 0.065
0 0.375 0.665 0.047 0.075
0 0.299 0.382 0.048 0.077
0 0.620 0.877 0.046 0.073
0 0.814 0.050 0.046 0.073
0 0.618 0.680 0.046 0.073
0 0.083 0.948 0.048 0.077
0 0.875 0.518 0.048 0.077
0 0.799 0.492 0.043 0.068
0 0.273 0.648 0.048 0.077
0 0.077 0.337 0.048 0.077
0 0.807 0.618 0.045 0.072
0 0.375 0.278 0.042 0.067
0 0.549 0.468 0.045 0.072
0 0.426 0.335 0.041 0.065
0 0.580 0.857 0.048 0.077
0 0.039 0.445 0.040 0.063
0 0.535 0.312 0.048 0.077
0 0.286 0.848 0.048 0.077
0 0.535 0.168 0.048 0.077
0 0.666 0.443 0.047 0.075
0 0.971 0.462 0.046 0.073
0 0.953 0.180 0.044 0.070
0 0.696 0.323 0.046 0.073
0 0.467 0.513 0.042 0.067
0 0.964 0.072 0.046 0.073
0 0.645 0.310 0.046 0.073
0 0.376 0.372 0.042 0.067
0 0.494 0.462 0.041 0.065
0 0.809 0.977 0.043 0.068
0 0.564 0.362 0.048 0.077
0 0.386 0.985 0.041 0.065
0 0.764 0.937 0.045 0.072
0 0.624 0.188 0.044 0.070
0 0.885 0.922 0.042 0.067
0 0.570 0.243 0.042 0.067
0 0.144 0.000 0.043 0.068
0 0.005 0.035 0.046 0.073
0 0.963 0.048 0.042 0.067
0 0.493 0.320 0.030 0.048
