0 0.727 0.825 0.037 0.060
0 0.765 0.532 0.044 0.070
0 0.934 0.180 0.048 0.077
0 0.352 0.517 0.044 0.070
0 0.190 0.740 0.045 0.072
0 0.738 0.063 0.046 0.073
0 0.263 0.508 0.041 0.065
0 0.352 0.212 0.040 0.063
0 0.000 0.732 0.040 0.063
0 0.374 0.350 0.044 0.070
0 0.267 0.068 0.036 0.058
0 0.697 0.212 0.046 0.073
0 0.541 0.698 0.046 0.073
0 0.280 0.645 0.041 0.065
0 0.874 0.838 0.044 0.070
0 0.272 0.715 0.044 0.070
0 0.734 0.933 0.044 0.070
0 0.923 0.597 0.040 0.063
0 0.560 0.875 0.042 0.067
0 0.463 0.570 0.035 0.057
0 0.856 0.657 0.043 0.068
0 0.125 0.800 0.043 0.068
0 0.694 0.673 0.044 0.070
0 0.643 0.297 0.037 0.060
0 0.936 0.420 0.037 0.060
0 0.119 0.233 0.046 0.073
0 0.578 0.032 0.043 0.068
0 0.467 0.598 0.042 0.067
0 0.609 0.303 0.043 0.068
0 0.656 0.735 0.047 0.075
0 0.799 0.272 0.043 0.068
0 0.361 0.287 0.035 0.057
0 0.247 0.675 0.042 0.067
0 0.606 0.655 0.040 0.063
0 0.836 0.445 0.044 0.070
0 0.899 0.777 0.042 0.067
0 0.586 0.613 0.048 0.077
0 0.676 0.300 0.040 0.063
0 0.015 0.057 0.036 0.058
0 0.833 0.000 0.035 0.057
0 0.670 0.028 0.033 0.053
