0 0.281 0.468 0.048 0.077
0 0.206 0.482 0.045 0.072
0 0.212 0.607 0.041 0.065
0 0.224 0.648 0.040 0.063
0 0.226 0.733 0.046 0.073
0 0.322 0.837 0.048 0.077
0 0.368 0.817 0.044 0.070
0 0.095 0.337 0.048 0.077
0 0.645 0.758 0.040 0.063
0 0.400 0.240 0.043 0.068
0 0.030 0.762 0.044 0.070
0 0.583 0.245 0.048 0.077
0 0.221 0.165 0.048 0.077
0 0.184 0.500 0.044 0.070
0 0.172 0.758 0.035 0.057
0 0.797 0.362 0.044 0.070
0 0.107 0.367 0.048 0.077
0 0.883 0.735 0.042 0.067
0 0.385 0.485 0.036 0.058
0 0.377 0.780 0.034 0.055
0 0.873 1.000 0.048 0.077
