0 0.726 0.818 0.037 0.060
0 0.770 0.518 0.048 0.077
0 0.923 0.192 0.033 0.053
0 0.353 0.525 0.044 0.070
0 0.190 0.735 0.048 0.077
0 0.735 0.067 0.048 0.077
0 0.272 0.518 0.036 0.058
0 0.345 0.220 0.035 0.057
0 0.000 0.733 0.048 0.077
0 0.377 0.337 0.042 0.067
0 0.270 0.090 0.037 0.060
0 0.691 0.210 0.044 0.070
0 0.542 0.690 0.048 0.077
0 0.281 0.643 0.044 0.070
0 0.877 0.833 0.043 0.068
0 0.273 0.712 0.047 0.075
0 0.745 0.938 0.042 0.067
0 0.925 0.595 0.043 0.068
0 0.551 0.878 0.042 0.067
0 0.463 0.565 0.040 0.063
0 0.857 0.663 0.044 0.070
0 0.132 0.807 0.041 0.065
0 0.698 0.675 0.044 0.070
0 0.634 0.313 0.036 0.058
0 0.948 0.417 0.037 0.060
0 0.116 0.233 0.037 0.060
0 0.577 0.027 0.048 0.077
0 0.459 0.608 0.037 0.060
0 0.607 0.305 0.046 0.073
0 0.651 0.725 0.035 0.057
0 0.798 0.265 0.042 0.067
0 0.375 0.297 0.036 0.058
0 0.253 0.687 0.048 0.077
0 0.605 0.658 0.037 0.060
0 0.834 0.447 0.042 0.067
0 0.903 0.782 0.044 0.070
0 0.585 0.608 0.042 0.067
0 0.677 0.317 0.040 0.063
0 0.010 0.082 0.048 0.077
0 0.829 0.000 0.035 0.057
0 0.671 0.008 0.042 0.067
