0 0.382 0.162 0.042 0.067
0 0.124 0.970 0.042 0.067
0 0.322 0.840 0.041 0.065
0 0.782 0.468 0.041 0.065
0 0.806 0.282 0.040 0.063
0 0.781 0.402 0.043 0.068
0 0.356 0.380 0.042 0.067
0 0.748 0.273 0.040 0.063
0 0.494 0.655 0.033 0.053
0 0.305 0.820 0.040 0.063
0 0.210 0.757 0.041 0.065
0 0.653 0.105 0.032 0.052
0 0.836 0.100 0.042 0.067
0 0.058 0.617 0.041 0.065
0 0.693 0.653 0.041 0.065
0 0.926 0.728 0.035 0.057
0 0.867 0.140 0.041 0.065
0 0.116 0.773 0.042 0.067
0 0.230 0.642 0.037 0.060
0 0.291 0.000 0.037 0.060
0 0.149 0.060 0.035 0.057
0 0.013 0.365 0.037 0.060
0 0.000 0.552 0.042 0.067
0 0.526 0.108 0.048 0.077
0 0.803 0.095 0.032 0.052
0 0.993 0.572 0.043 0.068
0 0.539 0.463 0.036 0.058
0 0.824 0.058 0.035 0.057
