0 0.727 0.827 0.040 0.063
0 0.766 0.530 0.048 0.077
0 0.935 0.175 0.044 0.070
0 0.354 0.515 0.044 0.070
0 0.189 0.738 0.046 0.073
0 0.736 0.063 0.048 0.077
0 0.260 0.507 0.041 0.065
0 0.353 0.208 0.037 0.060
0 0.005 0.742 0.048 0.077
0 0.376 0.357 0.043 0.068
0 0.266 0.065 0.037 0.060
0 0.698 0.213 0.047 0.075
0 0.543 0.700 0.046 0.073
0 0.282 0.648 0.042 0.067
0 0.874 0.840 0.044 0.070
0 0.275 0.712 0.048 0.077
0 0.732 0.930 0.042 0.067
0 0.922 0.598 0.042 0.067
0 0.561 0.873 0.042 0.067
0 0.466 0.573 0.041 0.065
0 0.856 0.653 0.046 0.073
0 0.126 0.798 0.042 0.067
0 0.694 0.670 0.044 0.070
0 0.644 0.298 0.042 0.067
0 0.936 0.423 0.035 0.057
0 0.117 0.228 0.040 0.063
0 0.576 0.030 0.044 0.070
0 0.469 0.597 0.037 0.060
0 0.609 0.303 0.044 0.070
0 0.654 0.727 0.037 0.060
0 0.800 0.272 0.041 0.065
0 0.359 0.287 0.036 0.058
0 0.250 0.672 0.046 0.073
0 0.608 0.655 0.042 0.067
0 0.836 0.445 0.042 0.067
0 0.899 0.780 0.042 0.067
0 0.588 0.607 0.041 0.065
0 0.675 0.302 0.037 0.060
0 0.008 0.065 0.048 0.077
0 0.832 0.000 0.035 0.057
0 0.669 0.022 0.042 0.067
