0 0.100 0.522 0.048 0.077
0 0.022 0.793 0.048 0.077
0 0.866 0.285 0.035 0.057
0 0.769 0.917 0.033 0.053
0 0.065 0.263 0.042 0.067
0 0.026 0.372 0.042 0.067
0 0.701 0.558 0.041 0.065
0 0.662 0.567 0.042 0.067
0 0.073 0.828 0.035 0.057
0 0.805 0.158 0.041 0.065
0 0.614 0.573 0.041 0.065
0 0.077 0.640 0.032 0.052
0 0.120 0.442 0.042 0.067
0 0.646 1.000 0.041 0.065
0 0.028 0.428 0.037 0.060
0 0.094 0.440 0.042 0.067
0 0.637 0.523 0.045 0.072
0 0.059 0.518 0.044 0.070
0 0.166 0.043 0.040 0.063
0 0.830 0.763 0.036 0.058
0 0.595 0.010 0.044 0.070
0 1.000 0.205 0.041 0.065
0 0.542 0.257 0.040 0.063
0 0.403 0.392 0.041 0.065
0 0.416 0.135 0.040 0.063
0 0.857 0.890 0.044 0.070
0 0.209 0.508 0.041 0.065
0 0.511 0.813 0.040 0.063
0 0.084 0.595 0.045 0.072
0 0.730 0.230 0.040 0.063
0 0.000 0.637 0.037 0.060
