0 0.102 0.517 0.047 0.075
0 0.024 0.790 0.047 0.075
0 0.863 0.287 0.035 0.057
0 0.767 0.915 0.036 0.058
0 0.064 0.265 0.042 0.067
0 0.028 0.370 0.041 0.065
0 0.700 0.555 0.037 0.060
0 0.659 0.562 0.047 0.075
0 0.069 0.832 0.037 0.060
0 0.806 0.155 0.042 0.067
0 0.615 0.583 0.048 0.077
0 0.077 0.640 0.032 0.052
0 0.121 0.433 0.037 0.060
0 0.648 1.000 0.041 0.065
0 0.024 0.428 0.040 0.063
0 0.095 0.442 0.040 0.063
0 0.641 0.520 0.042 0.067
0 0.062 0.530 0.045 0.072
0 0.165 0.047 0.040 0.063
0 0.829 0.762 0.040 0.063
0 0.591 0.015 0.048 0.077
0 1.000 0.197 0.040 0.063
0 0.540 0.255 0.040 0.063
0 0.409 0.388 0.042 0.067
0 0.409 0.127 0.035 0.057
0 0.856 0.888 0.047 0.075
0 0.209 0.510 0.041 0.065
0 0.512 0.815 0.040 0.063
0 0.081 0.588 0.037 0.060
0 0.730 0.225 0.037 0.060
0 0.000 0.645 0.036 0.058
