0 0.247 0.678 0.048 0.077
0 0.800 0.085 0.048 0.077
0 0.691 0.427 0.048 0.077
0 0.168 0.818 0.048 0.077
0 0.551 0.412 0.048 0.077
0 0.700 0.380 0.048 0.077
0 0.319 0.205 0.042 0.067
0 0.096 0.653 0.048 0.077
0 0.409 0.735 0.048 0.077
0 0.399 0.790 0.044 0.070
0 0.993 0.112 0.048 0.077
0 0.921 0.145 0.047 0.075
0 0.151 0.238 0.042 0.067
0 0.859 0.263 0.044 0.070
0 0.901 0.057 0.048 0.077
0 0.155 0.842 0.041 0.065
0 0.520 0.010 0.048 0.077
0 0.947 0.330 0.048 0.077
0 0.212 0.658 0.048 0.077
0 0.383 0.818 0.037 0.060
0 0.297 0.367 0.048 0.077
0 0.891 0.122 0.048 0.077
0 0.918 0.780 0.042 0.067
0 0.117 0.738 0.048 0.077
0 0.668 0.082 0.048 0.077
0 0.184 0.858 0.048 0.077
0 0.946 0.985 0.048 0.077
0 0.015 0.772 0.040 0.063
0 0.058 0.723 0.047 0.075
0 0.510 0.068 0.047 0.075
0 0.450 0.597 0.042 0.067
0 0.662 0.122 0.048 0.077
0 0.385 0.872 0.048 0.077
0 0.405 0.970 0.041 0.065
0 0.963 0.313 0.044 0.070
0 0.094 0.748 0.048 0.077
0 0.860 0.078 0.047 0.075
0 0.005 0.115 0.041 0.065
0 0.401 0.038 0.048 0.077
0 0.174 0.757 0.048 0.077
0 0.838 0.535 0.046 0.073
0 0.211 0.797 0.046 0.073
0 0.877 0.580 0.048 0.077
