0 0.330 0.653 0.048 0.077
0 0.996 0.300 0.048 0.077
0 0.895 0.252 0.044 0.070
0 0.531 0.020 0.047 0.075
0 0.749 0.298 0.045 0.072
0 0.105 0.805 0.043 0.068
0 0.570 0.578 0.034 0.055
0 0.758 0.413 0.042 0.067
0 0.573 0.358 0.044 0.070
0 0.644 0.730 0.041 0.065
0 0.449 0.745 0.041 0.065
0 0.661 0.310 0.048 0.077
0 0.622 0.343 0.042 0.067
0 0.741 0.608 0.048 0.077
0 0.526 0.357 0.032 0.052
0 0.331 0.767 0.037 0.060
0 0.399 0.697 0.044 0.070
0 0.497 0.665 0.043 0.068
0 0.579 0.883 0.035 0.057
0 0.725 0.250 0.037 0.060
0 0.766 0.788 0.032 0.052
0 0.589 0.238 0.046 0.073
0 0.954 0.978 0.044 0.070
0 0.627 0.260 0.034 0.055
0 0.011 0.358 0.047 0.075
