0 0.371 0.925 0.048 0.077
0 0.628 0.940 0.047 0.075
0 0.266 0.087 0.044 0.070
0 0.701 0.950 0.046 0.073
0 0.206 0.040 0.048 0.077
0 0.580 0.020 0.042 0.067
0 0.922 0.843 0.045 0.072
0 0.129 0.792 0.046 0.073
0 0.773 0.572 0.035 0.057
0 0.394 0.083 0.048 0.077
0 0.965 0.977 0.048 0.077
0 0.040 0.247 0.044 0.070
0 0.709 0.208 0.047 0.075
0 0.511 0.255 0.042 0.067
0 0.829 0.948 0.048 0.077
0 0.158 0.162 0.041 0.065
0 0.479 0.160 0.043 0.068
0 0.755 0.550 0.040 0.063
0 0.645 0.635 0.042 0.067
0 0.604 0.537 0.042 0.067
0 0.569 0.307 0.036 0.058
0 0.055 0.020 0.048 0.077
0 0.139 0.577 0.044 0.070
0 0.454 0.378 0.041 0.065
0 0.535 0.437 0.040 0.063
0 0.358 0.428 0.040 0.063
0 0.466 0.083 0.041 0.065
0 0.732 0.357 0.037 0.060
0 0.930 0.000 0.045 0.072
0 0.823 0.580 0.037 0.060
0 0.433 0.047 0.033 0.053
0 0.032 0.137 0.041 0.065
0 0.741 0.698 0.037 0.060
0 0.119 0.768 0.048 0.077
0 0.677 0.338 0.048 0.077
0 0.824 0.240 0.035 0.057
0 0.697 0.905 0.042 0.067
0 0.491 0.388 0.040 0.063
0 0.980 0.052 0.046 0.073
0 0.459 0.723 0.037 0.060
0 0.640 0.420 0.035 0.057
