0 0.554 0.872 0.042 0.067
0 0.832 0.958 0.047 0.075
0 0.855 0.595 0.044 0.070
0 0.093 0.622 0.044 0.070
0 0.318 0.487 0.041 0.065
0 0.028 0.438 0.041 0.065
0 0.553 0.340 0.041 0.065
0 0.824 0.408 0.043 0.068
0 0.056 0.738 0.040 0.063
0 0.656 0.918 0.037 0.060
0 0.828 0.735 0.042 0.067
0 0.588 0.063 0.042 0.067
0 0.766 0.393 0.047 0.075
0 0.127 0.912 0.048 0.077
0 0.358 0.093 0.041 0.065
0 0.767 0.447 0.040 0.063
0 0.374 0.700 0.042 0.067
0 0.684 0.217 0.040 0.063
0 0.630 0.413 0.041 0.065
0 0.168 0.282 0.041 0.065
0 0.551 0.583 0.042 0.067
0 0.668 0.578 0.040 0.063
0 0.552 0.785 0.041 0.065
0 0.013 0.558 0.041 0.065
0 0.764 0.155 0.039 0.062
0 0.860 0.960 0.035 0.057
0 0.975 0.975 0.042 0.067
0 0.290 0.863 0.041 0.065
0 0.414 0.450 0.042 0.067
0 0.468 0.412 0.048 0.077
0 0.811 0.575 0.041 0.065
0 0.317 0.262 0.041 0.065
0 0.603 0.762 0.040 0.063
0 0.650 0.577 0.035 0.057
0 0.722 0.037 0.037 0.060
0 0.474 0.133 0.037 0.060
0 0.781 0.760 0.034 0.055
0 0.733 0.535 0.035 0.057
0 0.951 0.687 0.036 0.058
0 0.126 0.582 0.035 0.057
0 0.684 0.825 0.040 0.063
0 0.000 0.703 0.043 0.068
0 0.267 0.803 0.035 0.057
0 0.882 0.440 0.035 0.057
0 0.675 0.790 0.036 0.058
0 0.673 0.547 0.040 0.063
0 0.354 0.333 0.042 0.067
0 0.229 0.800 0.043 0.068
0 0.929 0.173 0.033 0.053
0 0.449 1.000 0.029 0.047
0 0.185 0.040 0.035 0.057
0 0.588 0.318 0.042 0.067
0 0.588 0.263 0.040 0.063
0 0.789 1.000 0.041 0.065
0 0.543 0.233 0.035 0.057
0 0.797 0.610 0.035 0.057
