0 0.282 0.473 0.043 0.068
0 0.204 0.485 0.048 0.077
0 0.214 0.612 0.048 0.077
0 0.221 0.647 0.042 0.067
0 0.225 0.735 0.048 0.077
0 0.317 0.838 0.048 0.077
0 0.367 0.820 0.041 0.065
0 0.099 0.338 0.044 0.070
0 0.643 0.757 0.036 0.058
0 0.397 0.237 0.047 0.075
0 0.030 0.762 0.044 0.070
0 0.580 0.247 0.044 0.070
0 0.226 0.160 0.044 0.070
0 0.185 0.498 0.042 0.067
0 0.173 0.760 0.037 0.060
0 0.796 0.362 0.044 0.070
0 0.107 0.365 0.048 0.077
0 0.881 0.737 0.042 0.067
0 0.388 0.488 0.044 0.070
0 0.376 0.782 0.036 0.058
0 0.868 0.990 0.036 0.058
