0 0.379 0.170 0.040 0.063
0 0.127 0.975 0.042 0.067
0 0.319 0.848 0.035 0.057
0 0.782 0.463 0.040 0.063
0 0.806 0.292 0.041 0.065
0 0.784 0.403 0.043 0.068
0 0.359 0.382 0.040 0.063
0 0.746 0.268 0.040 0.063
0 0.489 0.662 0.040 0.063
0 0.309 0.828 0.048 0.077
0 0.218 0.755 0.035 0.057
0 0.651 0.097 0.032 0.052
0 0.838 0.090 0.040 0.063
0 0.057 0.613 0.041 0.065
0 0.696 0.657 0.040 0.063
0 0.928 0.723 0.040 0.063
0 0.863 0.140 0.037 0.060
0 0.111 0.778 0.040 0.063
0 0.226 0.638 0.041 0.065
0 0.293 0.000 0.042 0.067
0 0.143 0.063 0.036 0.058
0 0.010 0.360 0.045 0.072
0 0.002 0.552 0.035 0.057
0 0.529 0.105 0.042 0.067
0 0.802 0.098 0.048 0.077
0 0.995 0.565 0.041 0.065
0 0.537 0.473 0.042 0.067
0 0.829 0.047 0.030 0.048
