0 0.293 0.988 0.036 0.058
0 0.776 0.745 0.048 0.077
0 0.321 0.460 0.048 0.077
0 0.294 0.493 0.048 0.077
0 0.740 0.048 0.042 0.067
0 0.887 0.998 0.048 0.077
0 0.668 0.290 0.048 0.077
0 0.489 0.825 0.041 0.065
0 0.420 0.605 0.048 0.077
0 0.520 0.767 0.045 0.072
0 0.369 0.155 0.047 0.075
0 0.822 0.817 0.048 0.077
0 0.321 0.908 0.035 0.057
0 0.758 0.748 0.048 0.077
0 0.609 0.193 0.043 0.068
0 0.640 0.740 0.043 0.068
0 0.384 0.875 0.047 0.075
0 0.418 0.903 0.048 0.077
0 0.551 0.172 0.044 0.070
0 0.670 0.867 0.048 0.077
0 0.370 0.320 0.040 0.063
0 0.407 0.810 0.048 0.077
0 0.902 0.393 0.048 0.077
0 0.491 0.622 0.040 0.063
0 0.684 0.970 0.036 0.058
0 0.744 0.857 0.036 0.058
0 0.569 0.237 0.048 0.077
0 0.703 0.820 0.047 0.075
0 0.069 0.930 0.041 0.065
0 0.876 0.953 0.048 0.077
0 0.722 0.295 0.044 0.070
0 0.892 0.252 0.035 0.057
0 0.233 0.700 0.048 0.077
0 0.917 0.967 0.044 0.070
0 0.955 0.983 0.048 0.077
0 0.887 0.377 0.041 0.065
