0 0.255 0.653 0.048 0.077
0 0.809 0.065 0.048 0.077
0 0.692 0.420 0.048 0.077
0 0.170 0.822 0.046 0.073
0 0.545 0.400 0.045 0.072
0 0.716 0.385 0.048 0.077
0 0.330 0.172 0.048 0.077
0 0.123 0.645 0.045 0.072
0 0.400 0.758 0.048 0.077
0 0.404 0.800 0.048 0.077
0 0.998 0.105 0.048 0.077
0 0.906 0.170 0.044 0.070
0 0.125 0.213 0.048 0.077
0 0.851 0.238 0.048 0.077
0 0.915 0.077 0.047 0.075
0 0.155 0.855 0.044 0.070
0 0.517 0.000 0.045 0.072
0 0.950 0.320 0.048 0.077
0 0.218 0.648 0.044 0.070
0 0.388 0.812 0.044 0.070
0 0.300 0.368 0.048 0.077
0 0.886 0.117 0.048 0.077
0 0.918 0.783 0.048 0.077
0 0.117 0.743 0.048 0.077
0 0.669 0.102 0.046 0.073
0 0.190 0.860 0.048 0.077
0 0.957 0.998 0.048 0.077
0 0.011 0.793 0.048 0.077
0 0.069 0.715 0.047 0.075
0 0.510 0.062 0.044 0.070
0 0.433 0.618 0.042 0.067
0 0.681 0.093 0.048 0.077
0 0.381 0.862 0.048 0.077
0 0.421 0.947 0.042 0.067
0 0.982 0.300 0.046 0.073
0 0.103 0.713 0.048 0.077
0 0.865 0.072 0.042 0.067
0 0.000 0.078 0.035 0.057
0 0.400 0.032 0.048 0.077
0 0.176 0.753 0.046 0.073
0 0.826 0.535 0.042 0.067
0 0.226 0.775 0.048 0.077
0 0.880 0.585 0.045 0.072
