0 0.096 0.525 0.048 0.077
0 0.021 0.790 0.037 0.060
0 0.876 0.282 0.036 0.058
0 0.773 0.928 0.034 0.055
0 0.067 0.262 0.042 0.067
0 0.022 0.373 0.042 0.067
0 0.702 0.553 0.037 0.060
0 0.664 0.568 0.041 0.065
0 0.080 0.837 0.037 0.060
0 0.806 0.163 0.044 0.070
0 0.605 0.575 0.042 0.067
0 0.078 0.643 0.033 0.053
0 0.122 0.450 0.040 0.063
0 0.648 1.000 0.033 0.053
0 0.032 0.427 0.044 0.070
0 0.087 0.440 0.042 0.067
0 0.634 0.532 0.048 0.077
0 0.055 0.537 0.047 0.075
0 0.167 0.038 0.040 0.063
0 0.830 0.763 0.036 0.058
0 0.589 0.007 0.042 0.067
0 1.000 0.212 0.035 0.057
0 0.547 0.257 0.041 0.065
0 0.395 0.395 0.036 0.058
0 0.417 0.148 0.037 0.060
0 0.861 0.895 0.044 0.070
0 0.205 0.508 0.042 0.067
0 0.507 0.803 0.042 0.067
0 0.085 0.588 0.045 0.072
0 0.727 0.242 0.037 0.060
0 0.007 0.628 0.037 0.060
