0 0.726 0.820 0.040 0.063
0 0.769 0.522 0.048 0.077
0 0.924 0.192 0.033 0.053
0 0.351 0.518 0.044 0.070
0 0.191 0.732 0.044 0.070
0 0.735 0.068 0.048 0.077
0 0.269 0.518 0.035 0.057
0 0.348 0.220 0.035 0.057
0 0.002 0.735 0.047 0.075
0 0.375 0.343 0.048 0.077
0 0.269 0.088 0.040 0.063
0 0.693 0.212 0.048 0.077
0 0.544 0.690 0.044 0.070
0 0.275 0.648 0.044 0.070
0 0.875 0.837 0.042 0.067
0 0.272 0.715 0.042 0.067
0 0.745 0.937 0.044 0.070
0 0.925 0.595 0.041 0.065
0 0.552 0.885 0.043 0.068
0 0.466 0.567 0.040 0.063
0 0.857 0.660 0.042 0.067
0 0.131 0.810 0.044 0.070
0 0.698 0.673 0.041 0.065
0 0.636 0.312 0.037 0.060
0 0.946 0.415 0.037 0.060
0 0.114 0.233 0.042 0.067
0 0.580 0.028 0.043 0.068
0 0.461 0.610 0.041 0.065
0 0.610 0.302 0.047 0.075
0 0.650 0.728 0.035 0.057
0 0.800 0.270 0.045 0.072
0 0.374 0.293 0.036 0.058
0 0.253 0.687 0.048 0.077
0 0.607 0.653 0.043 0.068
0 0.834 0.447 0.041 0.065
0 0.903 0.782 0.044 0.070
0 0.589 0.610 0.047 0.075
0 0.678 0.315 0.041 0.065
0 0.013 0.078 0.042 0.067
0 0.830 0.000 0.037 0.060
0 0.691 0.000 0.043 0.068
