0 0.244 0.672 0.030 0.048
0 0.795 0.087 0.048 0.077
0 0.689 0.418 0.046 0.073
0 0.171 0.820 0.048 0.077
0 0.551 0.408 0.048 0.077
0 0.709 0.385 0.048 0.077
0 0.321 0.193 0.048 0.077
0 0.103 0.638 0.048 0.077
0 0.411 0.740 0.044 0.070
0 0.393 0.797 0.045 0.072
0 0.990 0.105 0.047 0.075
0 0.920 0.160 0.048 0.077
0 0.147 0.203 0.031 0.050
0 0.855 0.252 0.043 0.068
0 0.902 0.072 0.048 0.077
0 0.157 0.842 0.048 0.077
0 0.524 0.018 0.048 0.077
0 0.949 0.325 0.048 0.077
0 0.220 0.638 0.048 0.077
0 0.382 0.813 0.048 0.077
0 0.298 0.368 0.046 0.073
0 0.890 0.117 0.048 0.077
0 0.920 0.775 0.048 0.077
0 0.116 0.740 0.048 0.077
0 0.673 0.088 0.048 0.077
0 0.183 0.862 0.048 0.077
0 0.947 1.000 0.048 0.077
0 0.009 0.787 0.041 0.065
0 0.059 0.710 0.046 0.073
0 0.507 0.067 0.048 0.077
0 0.447 0.610 0.044 0.070
0 0.672 0.125 0.048 0.077
0 0.389 0.860 0.048 0.077
0 0.408 0.963 0.047 0.075
0 0.971 0.312 0.042 0.067
0 0.102 0.733 0.046 0.073
0 0.870 0.065 0.047 0.075
0 0.015 0.080 0.047 0.075
0 0.396 0.037 0.032 0.052
0 0.176 0.753 0.046 0.073
0 0.835 0.540 0.048 0.077
0 0.215 0.783 0.045 0.072
0 0.874 0.580 0.048 0.077
