0 0.472 0.808 0.042 0.067
0 0.097 0.238 0.048 0.077
0 0.061 0.753 0.048 0.077
0 0.218 0.010 0.048 0.077
0 0.310 0.942 0.045 0.072
0 0.728 0.155 0.046 0.073
0 0.192 0.900 0.046 0.073
0 0.371 0.820 0.041 0.065
0 0.380 0.647 0.048 0.077
0 0.300 0.380 0.042 0.067
0 0.622 0.883 0.044 0.070
0 0.807 0.050 0.048 0.077
0 0.617 0.682 0.042 0.067
0 0.081 0.947 0.048 0.077
0 0.879 0.520 0.048 0.077
0 0.802 0.500 0.043 0.068
0 0.272 0.637 0.048 0.077
0 0.076 0.333 0.048 0.077
0 0.807 0.607 0.044 0.070
0 0.382 0.293 0.040 0.063
0 0.548 0.467 0.044 0.070
0 0.422 0.327 0.043 0.068
0 0.575 0.860 0.046 0.073
0 0.033 0.462 0.041 0.065
0 0.536 0.307 0.048 0.077
0 0.291 0.842 0.048 0.077
0 0.541 0.173 0.043 0.068
0 0.664 0.448 0.048 0.077
0 0.968 0.460 0.044 0.070
0 0.954 0.180 0.045 0.072
0 0.694 0.327 0.045 0.072
0 0.469 0.507 0.048 0.077
0 0.968 0.087 0.042 0.067
0 0.641 0.308 0.046 0.073
0 0.381 0.363 0.043 0.068
0 0.496 0.462 0.042 0.067
0 0.805 0.978 0.046 0.073
0 0.561 0.360 0.044 0.070
0 0.392 0.985 0.045 0.072
0 0.771 0.935 0.045 0.072
0 0.621 0.192 0.045 0.072
0 0.897 0.932 0.034 0.055
0 0.578 0.245 0.037 0.060
0 0.141 0.008 0.046 0.073
0 0.009 0.043 0.048 0.077
0 0.956 0.067 0.037 0.060
0 0.493 0.317 0.035 0.057
