0 0.292 0.980 0.034 0.055
0 0.776 0.748 0.048 0.077
0 0.323 0.462 0.048 0.077
0 0.292 0.488 0.048 0.077
0 0.742 0.048 0.048 0.077
0 0.889 1.000 0.045 0.072
0 0.670 0.288 0.048 0.077
0 0.493 0.825 0.048 0.077
0 0.415 0.588 0.048 0.077
0 0.517 0.767 0.048 0.077
0 0.369 0.157 0.047 0.075
0 0.821 0.818 0.041 0.065
0 0.318 0.900 0.048 0.077
0 0.760 0.752 0.048 0.077
0 0.608 0.193 0.042 0.067
0 0.643 0.742 0.044 0.070
0 0.383 0.882 0.037 0.060
0 0.417 0.907 0.046 0.073
0 0.554 0.170 0.041 0.065
0 0.676 0.872 0.035 0.057
0 0.371 0.320 0.034 0.055
0 0.407 0.805 0.042 0.067
0 0.907 0.403 0.041 0.065
0 0.490 0.627 0.048 0.077
0 0.683 0.973 0.046 0.073
0 0.740 0.858 0.042 0.067
0 0.573 0.242 0.044 0.070
0 0.701 0.810 0.044 0.070
0 0.069 0.938 0.041 0.065
0 0.878 0.963 0.044 0.070
0 0.720 0.293 0.045 0.072
0 0.887 0.257 0.048 0.077
0 0.236 0.705 0.044 0.070
0 0.915 0.967 0.042 0.067
0 0.958 0.977 0.044 0.070
0 0.887 0.377 0.042 0.067
