0 0.470 0.810 0.041 0.065
0 0.098 0.232 0.048 0.077
0 0.062 0.750 0.048 0.077
0 0.216 0.005 0.046 0.073
0 0.310 0.942 0.044 0.070
0 0.726 0.153 0.046 0.073
0 0.192 0.897 0.044 0.070
0 0.372 0.820 0.040 0.063
0 0.378 0.653 0.047 0.075
0 0.302 0.383 0.048 0.077
0 0.620 0.882 0.043 0.068
0 0.807 0.050 0.048 0.077
0 0.615 0.685 0.048 0.077
0 0.081 0.947 0.048 0.077
0 0.878 0.517 0.045 0.072
0 0.801 0.495 0.048 0.077
0 0.272 0.640 0.048 0.077
0 0.078 0.332 0.048 0.077
0 0.807 0.608 0.044 0.070
0 0.381 0.288 0.042 0.067
0 0.548 0.470 0.045 0.072
0 0.423 0.330 0.043 0.068
0 0.576 0.858 0.047 0.075
0 0.037 0.458 0.040 0.063
0 0.539 0.310 0.048 0.077
0 0.290 0.845 0.044 0.070
0 0.541 0.177 0.047 0.075
0 0.664 0.443 0.048 0.077
0 0.968 0.457 0.048 0.077
0 0.955 0.182 0.044 0.070
0 0.693 0.325 0.048 0.077
0 0.468 0.510 0.042 0.067
0 0.967 0.082 0.043 0.068
0 0.642 0.308 0.046 0.073
0 0.379 0.365 0.042 0.067
0 0.496 0.463 0.042 0.067
0 0.806 0.978 0.048 0.077
0 0.564 0.360 0.043 0.068
0 0.392 0.988 0.047 0.075
0 0.771 0.935 0.048 0.077
0 0.622 0.192 0.045 0.072
0 0.895 0.925 0.035 0.057
0 0.576 0.240 0.036 0.058
0 0.142 0.010 0.045 0.072
0 0.009 0.037 0.048 0.077
0 0.957 0.060 0.037 0.060
0 0.493 0.320 0.031 0.050
