0 0.936 0.512 0.042 0.067
0 0.519 0.083 0.048 0.077
0 0.510 0.118 0.048 0.077
0 0.678 0.058 0.041 0.065
0 0.659 0.135 0.042 0.067
0 0.138 0.527 0.048 0.077
0 0.332 0.488 0.048 0.077
0 0.412 0.688 0.048 0.077
0 0.642 0.025 0.036 0.058
0 0.184 0.775 0.048 0.077
0 0.316 0.787 0.048 0.077
0 0.578 0.172 0.047 0.075
0 0.398 0.073 0.044 0.070
0 0.688 0.082 0.048 0.077
0 0.774 0.397 0.048 0.077
0 0.698 0.228 0.047 0.075
0 0.296 0.805 0.048 0.077
0 0.766 0.032 0.048 0.077
0 0.979 0.842 0.040 0.063
0 0.709 0.195 0.040 0.063
