0 0.371 0.922 0.048 0.077
0 0.625 0.937 0.047 0.075
0 0.264 0.068 0.042 0.067
0 0.705 0.960 0.048 0.077
0 0.222 0.025 0.048 0.077
0 0.576 0.000 0.041 0.065
0 0.933 0.832 0.043 0.068
0 0.125 0.797 0.044 0.070
0 0.772 0.608 0.043 0.068
0 0.395 0.085 0.048 0.077
0 0.961 0.998 0.043 0.068
0 0.042 0.253 0.044 0.070
0 0.720 0.218 0.037 0.060
0 0.497 0.263 0.042 0.067
0 0.816 0.947 0.048 0.077
0 0.158 0.145 0.042 0.067
0 0.471 0.143 0.043 0.068
0 0.754 0.548 0.044 0.070
0 0.646 0.633 0.040 0.063
0 0.601 0.530 0.044 0.070
0 0.571 0.328 0.048 0.077
0 0.056 0.022 0.048 0.077
0 0.135 0.590 0.036 0.058
0 0.456 0.380 0.040 0.063
0 0.535 0.438 0.040 0.063
0 0.346 0.428 0.041 0.065
0 0.466 0.087 0.035 0.057
0 0.744 0.377 0.041 0.065
0 0.935 0.007 0.048 0.077
0 0.823 0.582 0.035 0.057
0 0.431 0.045 0.037 0.060
0 0.032 0.138 0.040 0.063
0 0.744 0.708 0.044 0.070
0 0.115 0.773 0.048 0.077
0 0.670 0.335 0.048 0.077
0 0.810 0.245 0.035 0.057
0 0.686 0.902 0.048 0.077
0 0.496 0.395 0.048 0.077
0 0.984 0.052 0.044 0.070
0 0.463 0.700 0.037 0.060
0 0.644 0.440 0.044 0.070
