0 0.105 0.518 0.048 0.077
0 0.025 0.785 0.048 0.077
0 0.856 0.305 0.041 0.065
0 0.758 0.903 0.037 0.060
0 0.058 0.270 0.042 0.067
0 0.033 0.382 0.042 0.067
0 0.695 0.553 0.037 0.060
0 0.664 0.563 0.043 0.068
0 0.057 0.830 0.035 0.057
0 0.804 0.148 0.043 0.068
0 0.623 0.580 0.044 0.070
0 0.076 0.635 0.035 0.057
0 0.123 0.418 0.037 0.060
0 0.651 0.997 0.037 0.060
0 0.022 0.420 0.041 0.065
0 0.100 0.453 0.037 0.060
0 0.637 0.523 0.037 0.060
0 0.069 0.523 0.042 0.067
0 0.164 0.047 0.032 0.052
0 0.829 0.762 0.040 0.063
0 0.597 0.028 0.037 0.060
0 1.000 0.180 0.033 0.053
0 0.536 0.242 0.040 0.063
0 0.417 0.362 0.036 0.058
0 0.399 0.113 0.037 0.060
0 0.857 0.872 0.042 0.067
0 0.211 0.518 0.041 0.065
0 0.510 0.835 0.040 0.063
0 0.083 0.587 0.035 0.057
0 0.726 0.203 0.037 0.060
0 0.000 0.667 0.042 0.067
