0 0.278 0.470 0.048 0.077
0 0.205 0.488 0.044 0.070
0 0.209 0.607 0.046 0.073
0 0.230 0.653 0.048 0.077
0 0.228 0.740 0.048 0.077
0 0.323 0.842 0.042 0.067
0 0.370 0.818 0.044 0.070
0 0.098 0.340 0.048 0.077
0 0.646 0.758 0.044 0.070
0 0.400 0.243 0.044 0.070
0 0.031 0.755 0.041 0.065
0 0.575 0.248 0.037 0.060
0 0.224 0.163 0.041 0.065
0 0.183 0.495 0.048 0.077
0 0.172 0.757 0.034 0.055
0 0.797 0.363 0.045 0.072
0 0.107 0.368 0.048 0.077
0 0.883 0.733 0.042 0.067
0 0.389 0.487 0.036 0.058
0 0.375 0.780 0.037 0.060
0 0.867 0.992 0.037 0.060
