0 0.300 1.000 0.041 0.065
0 0.777 0.743 0.047 0.075
0 0.321 0.460 0.048 0.077
0 0.296 0.490 0.048 0.077
0 0.735 0.050 0.041 0.065
0 0.889 1.000 0.047 0.075
0 0.658 0.287 0.048 0.077
0 0.486 0.833 0.042 0.067
0 0.418 0.592 0.040 0.063
0 0.519 0.760 0.048 0.077
0 0.370 0.155 0.048 0.077
0 0.833 0.808 0.046 0.073
0 0.316 0.913 0.048 0.077
0 0.751 0.745 0.041 0.065
0 0.608 0.190 0.035 0.057
0 0.636 0.735 0.044 0.070
0 0.384 0.870 0.048 0.077
0 0.416 0.902 0.048 0.077
0 0.554 0.160 0.048 0.077
0 0.673 0.862 0.048 0.077
0 0.370 0.320 0.040 0.063
0 0.393 0.815 0.036 0.058
0 0.904 0.402 0.042 0.067
0 0.490 0.632 0.048 0.077
0 0.683 0.972 0.042 0.067
0 0.750 0.858 0.041 0.065
0 0.569 0.243 0.041 0.065
0 0.702 0.812 0.042 0.067
0 0.068 0.918 0.040 0.063
0 0.877 0.963 0.035 0.057
0 0.722 0.297 0.046 0.073
0 0.893 0.242 0.035 0.057
0 0.235 0.695 0.048 0.077
0 0.918 0.968 0.048 0.077
0 0.951 0.987 0.043 0.068
0 0.891 0.375 0.048 0.077
