0 0.328 0.653 0.048 0.077
0 0.994 0.295 0.048 0.077
0 0.899 0.250 0.042 0.067
0 0.529 0.017 0.044 0.070
0 0.753 0.298 0.044 0.070
0 0.104 0.810 0.048 0.077
0 0.573 0.575 0.035 0.057
0 0.758 0.412 0.041 0.065
0 0.569 0.348 0.047 0.075
0 0.643 0.725 0.036 0.058
0 0.447 0.748 0.041 0.065
0 0.661 0.308 0.047 0.075
0 0.623 0.345 0.043 0.068
0 0.735 0.607 0.048 0.077
0 0.531 0.363 0.042 0.067
0 0.329 0.772 0.032 0.052
0 0.403 0.695 0.040 0.063
0 0.496 0.665 0.042 0.067
0 0.579 0.885 0.032 0.052
0 0.726 0.250 0.040 0.063
0 0.768 0.792 0.036 0.058
0 0.588 0.238 0.048 0.077
0 0.954 0.980 0.048 0.077
0 0.628 0.255 0.037 0.060
0 0.010 0.358 0.048 0.077
