0 0.328 0.655 0.047 0.075
0 0.993 0.297 0.048 0.077
0 0.899 0.255 0.044 0.070
0 0.528 0.008 0.048 0.077
0 0.758 0.287 0.048 0.077
0 0.101 0.805 0.048 0.077
0 0.579 0.565 0.036 0.058
0 0.764 0.403 0.037 0.060
0 0.564 0.363 0.042 0.067
0 0.636 0.722 0.036 0.058
0 0.449 0.753 0.036 0.058
0 0.665 0.308 0.048 0.077
0 0.619 0.353 0.042 0.067
0 0.735 0.602 0.047 0.075
0 0.537 0.360 0.042 0.067
0 0.325 0.773 0.035 0.057
0 0.409 0.697 0.042 0.067
0 0.497 0.662 0.046 0.073
0 0.578 0.885 0.035 0.057
0 0.725 0.248 0.037 0.060
0 0.765 0.788 0.032 0.052
0 0.594 0.232 0.048 0.077
0 0.956 0.988 0.046 0.073
0 0.627 0.247 0.035 0.057
0 0.009 0.365 0.041 0.065
