0 0.374 0.933 0.041 0.065
0 0.630 0.943 0.048 0.077
0 0.268 0.087 0.041 0.065
0 0.696 0.945 0.030 0.048
0 0.207 0.030 0.048 0.077
0 0.579 0.018 0.048 0.077
0 0.921 0.843 0.044 0.070
0 0.129 0.795 0.048 0.077
0 0.776 0.572 0.047 0.075
0 0.397 0.087 0.048 0.077
0 0.969 0.972 0.037 0.060
0 0.039 0.248 0.048 0.077
0 0.711 0.207 0.042 0.067
0 0.509 0.253 0.048 0.077
0 0.831 0.950 0.048 0.077
0 0.158 0.168 0.044 0.070
0 0.479 0.167 0.044 0.070
0 0.756 0.548 0.040 0.063
0 0.646 0.633 0.040 0.063
0 0.607 0.543 0.048 0.077
0 0.570 0.303 0.041 0.065
0 0.052 0.027 0.048 0.077
0 0.133 0.582 0.042 0.067
0 0.454 0.377 0.042 0.067
0 0.533 0.432 0.031 0.050
0 0.359 0.430 0.037 0.060
0 0.467 0.087 0.037 0.060
0 0.732 0.352 0.042 0.067
0 0.933 0.000 0.045 0.072
0 0.823 0.580 0.035 0.057
0 0.438 0.042 0.048 0.077
0 0.032 0.140 0.042 0.067
0 0.741 0.697 0.037 0.060
0 0.117 0.770 0.048 0.077
0 0.677 0.338 0.048 0.077
0 0.827 0.243 0.037 0.060
0 0.703 0.897 0.048 0.077
0 0.495 0.393 0.048 0.077
0 0.980 0.052 0.046 0.073
0 0.457 0.727 0.037 0.060
0 0.637 0.418 0.036 0.058
