0 0.295 0.995 0.040 0.063
0 0.776 0.743 0.048 0.077
0 0.322 0.460 0.048 0.077
0 0.294 0.488 0.044 0.070
0 0.738 0.047 0.041 0.065
0 0.887 1.000 0.048 0.077
0 0.673 0.288 0.046 0.073
0 0.492 0.830 0.032 0.052
0 0.416 0.593 0.041 0.065
0 0.518 0.768 0.048 0.077
0 0.370 0.155 0.048 0.077
0 0.827 0.808 0.043 0.068
0 0.316 0.908 0.048 0.077
0 0.753 0.748 0.043 0.068
0 0.606 0.190 0.042 0.067
0 0.640 0.737 0.040 0.063
0 0.386 0.875 0.048 0.077
0 0.418 0.905 0.046 0.073
0 0.547 0.167 0.048 0.077
0 0.672 0.868 0.041 0.065
0 0.373 0.322 0.048 0.077
0 0.399 0.815 0.037 0.060
0 0.903 0.398 0.041 0.065
0 0.494 0.623 0.040 0.063
0 0.683 0.973 0.041 0.065
0 0.747 0.852 0.037 0.060
0 0.573 0.248 0.048 0.077
0 0.698 0.820 0.048 0.077
0 0.069 0.923 0.037 0.060
0 0.879 0.957 0.048 0.077
0 0.714 0.300 0.048 0.077
0 0.894 0.248 0.037 0.060
0 0.234 0.698 0.048 0.077
0 0.916 0.968 0.037 0.060
0 0.953 0.985 0.044 0.070
0 0.886 0.380 0.035 0.057
