0 0.305 1.000 0.035 0.057
0 0.778 0.742 0.048 0.077
0 0.315 0.457 0.048 0.077
0 0.293 0.493 0.048 0.077
0 0.731 0.047 0.048 0.077
0 0.880 1.000 0.042 0.067
0 0.665 0.290 0.048 0.077
0 0.487 0.840 0.048 0.077
0 0.415 0.597 0.044 0.070
0 0.514 0.760 0.037 0.060
0 0.365 0.162 0.046 0.073
0 0.834 0.800 0.048 0.077
0 0.316 0.922 0.048 0.077
0 0.749 0.750 0.041 0.065
0 0.608 0.190 0.048 0.077
0 0.635 0.730 0.045 0.072
0 0.381 0.873 0.047 0.075
0 0.414 0.900 0.048 0.077
0 0.549 0.157 0.048 0.077
0 0.671 0.863 0.048 0.077
0 0.371 0.313 0.048 0.077
0 0.383 0.815 0.048 0.077
0 0.903 0.403 0.041 0.065
0 0.495 0.630 0.041 0.065
0 0.681 0.980 0.048 0.077
0 0.753 0.847 0.041 0.065
0 0.569 0.245 0.042 0.067
0 0.696 0.812 0.036 0.058
0 0.070 0.912 0.048 0.077
0 0.875 0.953 0.046 0.073
0 0.721 0.297 0.044 0.070
0 0.895 0.238 0.037 0.060
0 0.242 0.703 0.042 0.067
0 0.916 0.963 0.048 0.077
0 0.946 1.000 0.033 0.053
0 0.897 0.378 0.047 0.075
