0 0.329 0.653 0.048 0.077
0 0.993 0.295 0.048 0.077
0 0.897 0.252 0.045 0.072
0 0.527 0.010 0.048 0.077
0 0.754 0.292 0.048 0.077
0 0.092 0.820 0.042 0.067
0 0.574 0.568 0.032 0.052
0 0.760 0.407 0.040 0.063
0 0.568 0.360 0.044 0.070
0 0.637 0.727 0.044 0.070
0 0.445 0.745 0.037 0.060
0 0.662 0.310 0.047 0.075
0 0.622 0.348 0.042 0.067
0 0.736 0.607 0.048 0.077
0 0.534 0.355 0.048 0.077
0 0.326 0.778 0.043 0.068
0 0.407 0.695 0.037 0.060
0 0.495 0.662 0.048 0.077
0 0.578 0.885 0.036 0.058
0 0.725 0.248 0.037 0.060
0 0.766 0.788 0.032 0.052
0 0.590 0.233 0.044 0.070
0 0.955 0.982 0.047 0.075
0 0.627 0.253 0.036 0.058
0 0.008 0.358 0.048 0.077
