0 0.667 0.320 0.042 0.067
0 0.019 0.142 0.048 0.077
0 0.706 0.617 0.041 0.065
0 0.026 0.685 0.043 0.068
0 0.055 0.185 0.036 0.058
0 0.805 0.787 0.037 0.060
0 0.404 0.620 0.036 0.058
0 0.282 0.447 0.042 0.067
0 0.031 0.248 0.048 0.077
0 0.142 0.532 0.037 0.060
0 0.273 0.412 0.042 0.067
0 0.655 0.660 0.035 0.057
0 0.658 0.375 0.036 0.058
0 0.276 0.562 0.035 0.057
0 0.758 0.287 0.035 0.057
0 0.696 0.503 0.040 0.063
0 0.879 1.000 0.034 0.055
0 0.653 0.318 0.042 0.067
0 0.419 0.697 0.035 0.057
0 0.520 1.000 0.033 0.053
0 0.415 0.653 0.035 0.057
0 0.492 1.000 0.033 0.053
0 0.310 0.435 0.035 0.057
0 0.713 1.000 0.031 0.050
