2 0.674 0.318 0.041 0.065 2
3 0.016 0.132 0.047 0.075 3
4 0.704 0.617 0.040 0.063 4
5 0.039 0.693 0.041 0.065 5
6 0.057 0.175 0.048 0.077 6
7 0.810 0.798 0.035 0.057 7
8 0.404 0.617 0.037 0.060 8
10 0.278 0.453 0.040 0.063 10
13 0.030 0.250 0.047 0.075 13
15 0.150 0.533 0.040 0.063 15
16 0.272 0.412 0.042 0.067 16
17 0.645 0.667 0.035 0.057 17
18 0.658 0.368 0.042 0.067 18
19 0.268 0.562 0.036 0.058 19
20 0.755 0.288 0.037 0.060 20
21 0.697 0.507 0.041 0.065 21
23 0.883 1.000 0.032 0.052 23
24 0.649 0.318 0.036 0.058 24
26 0.418 0.693 0.042 0.067 26
27 0.520 0.998 0.032 0.052 27
28 0.414 0.653 0.033 0.053 28
29 0.493 1.000 0.033 0.053 29
30 0.308 0.437 0.036 0.058 30
31 0.721 0.985 0.034 0.055 31
