2 0.674 0.318 0.041 0.065 2
3 0.017 0.135 0.048 0.077 3
4 0.707 0.615 0.041 0.065 4
5 0.042 0.692 0.036 0.058 5
6 0.052 0.177 0.047 0.075 6
7 0.806 0.803 0.043 0.068 7
8 0.404 0.617 0.040 0.063 8
10 0.279 0.453 0.044 0.070 10
13 0.025 0.245 0.040 0.063 13
15 0.148 0.528 0.042 0.067 15
16 0.273 0.417 0.040 0.063 16
17 0.643 0.668 0.034 0.055 17
18 0.662 0.365 0.044 0.070 18
19 0.267 0.562 0.035 0.057 19
20 0.757 0.292 0.041 0.065 20
21 0.695 0.505 0.040 0.063 21
23 0.890 1.000 0.037 0.060 23
24 0.647 0.313 0.042 0.067 24
26 0.419 0.700 0.036 0.058 26
27 0.517 1.000 0.033 0.053 27
28 0.414 0.655 0.032 0.052 28
29 0.492 1.000 0.033 0.053 29
30 0.304 0.438 0.044 0.070 30
31 0.721 0.985 0.034 0.055 31
