2 0.674 0.318 0.042 0.067 2
3 0.016 0.130 0.048 0.077 3
4 0.707 0.615 0.041 0.065 4
5 0.041 0.692 0.040 0.063 5
6 0.056 0.187 0.042 0.067 6
7 0.810 0.798 0.041 0.065 7
8 0.404 0.615 0.041 0.065 8
10 0.278 0.458 0.045 0.072 10
13 0.024 0.245 0.041 0.065 13
15 0.152 0.540 0.048 0.077 15
16 0.272 0.413 0.042 0.067 16
17 0.644 0.668 0.036 0.058 17
18 0.657 0.362 0.035 0.057 18
19 0.267 0.560 0.035 0.057 19
20 0.757 0.287 0.035 0.057 20
21 0.696 0.503 0.037 0.060 21
23 0.889 0.995 0.041 0.065 23
24 0.649 0.317 0.036 0.058 24
26 0.422 0.702 0.032 0.052 26
27 0.520 1.000 0.033 0.053 27
28 0.415 0.652 0.033 0.053 28
29 0.493 1.000 0.033 0.053 29
30 0.310 0.437 0.036 0.058 30
31 0.721 0.987 0.035 0.057 31
