0 0.099 0.520 0.048 0.077
0 0.024 0.793 0.047 0.075
0 0.871 0.282 0.035 0.057
0 0.771 0.923 0.034 0.055
0 0.065 0.263 0.042 0.067
0 0.024 0.372 0.043 0.068
0 0.702 0.555 0.036 0.058
0 0.665 0.568 0.043 0.068
0 0.076 0.833 0.035 0.057
0 0.806 0.158 0.042 0.067
0 0.609 0.573 0.036 0.058
0 0.076 0.640 0.035 0.057
0 0.119 0.443 0.035 0.057
0 0.646 1.000 0.036 0.058
0 0.028 0.425 0.042 0.067
0 0.092 0.435 0.048 0.077
0 0.635 0.530 0.047 0.075
0 0.056 0.532 0.048 0.077
0 0.166 0.038 0.042 0.067
0 0.831 0.760 0.037 0.060
0 0.590 0.010 0.043 0.068
0 1.000 0.212 0.041 0.065
0 0.544 0.257 0.040 0.063
0 0.400 0.397 0.042 0.067
0 0.417 0.138 0.041 0.065
0 0.860 0.892 0.041 0.065
0 0.209 0.508 0.037 0.060
0 0.509 0.807 0.041 0.065
0 0.083 0.587 0.044 0.070
0 0.728 0.233 0.035 0.057
0 0.000 0.628 0.041 0.065
