0 0.297 1.000 0.044 0.070
0 0.776 0.743 0.048 0.077
0 0.321 0.460 0.045 0.072
0 0.294 0.490 0.043 0.068
0 0.739 0.048 0.043 0.068
0 0.889 0.998 0.046 0.073
0 0.671 0.290 0.048 0.077
0 0.489 0.837 0.044 0.070
0 0.414 0.592 0.042 0.067
0 0.518 0.760 0.041 0.065
0 0.369 0.157 0.048 0.077
0 0.827 0.808 0.042 0.067
0 0.323 0.908 0.048 0.077
0 0.757 0.750 0.048 0.077
0 0.608 0.190 0.042 0.067
0 0.637 0.738 0.043 0.068
0 0.389 0.878 0.048 0.077
0 0.417 0.900 0.048 0.077
0 0.550 0.172 0.048 0.077
0 0.673 0.868 0.041 0.065
0 0.371 0.318 0.042 0.067
0 0.402 0.812 0.047 0.075
0 0.905 0.398 0.043 0.068
0 0.493 0.623 0.040 0.063
0 0.683 0.973 0.045 0.072
0 0.746 0.853 0.037 0.060
0 0.570 0.242 0.042 0.067
0 0.705 0.827 0.037 0.060
0 0.070 0.918 0.048 0.077
0 0.878 0.963 0.035 0.057
0 0.721 0.295 0.048 0.077
0 0.886 0.250 0.048 0.077
0 0.241 0.700 0.036 0.058
0 0.916 0.963 0.044 0.070
0 0.953 0.985 0.048 0.077
0 0.886 0.377 0.042 0.067
