0 0.281 0.467 0.048 0.077
0 0.207 0.492 0.040 0.063
0 0.214 0.613 0.048 0.077
0 0.227 0.675 0.048 0.077
0 0.220 0.740 0.048 0.077
0 0.328 0.850 0.035 0.057
0 0.379 0.817 0.042 0.067
0 0.092 0.332 0.043 0.068
0 0.651 0.757 0.044 0.070
0 0.400 0.257 0.043 0.068
0 0.036 0.750 0.036 0.058
0 0.575 0.255 0.042 0.067
0 0.226 0.165 0.048 0.077
0 0.178 0.490 0.048 0.077
0 0.172 0.758 0.035 0.057
0 0.798 0.360 0.048 0.077
0 0.095 0.360 0.048 0.077
0 0.884 0.728 0.042 0.067
0 0.395 0.492 0.035 0.057
0 0.382 0.782 0.044 0.070
0 0.868 1.000 0.043 0.068
