0 0.298 0.998 0.042 0.067
0 0.777 0.743 0.048 0.077
0 0.322 0.457 0.046 0.073
0 0.294 0.488 0.044 0.070
0 0.736 0.042 0.048 0.077
0 0.887 0.998 0.048 0.077
0 0.671 0.290 0.045 0.072
0 0.483 0.835 0.044 0.070
0 0.416 0.593 0.042 0.067
0 0.519 0.765 0.044 0.070
0 0.369 0.155 0.047 0.075
0 0.829 0.810 0.048 0.077
0 0.315 0.910 0.048 0.077
0 0.753 0.747 0.044 0.070
0 0.610 0.190 0.048 0.077
0 0.637 0.738 0.044 0.070
0 0.386 0.877 0.046 0.073
0 0.416 0.903 0.048 0.077
0 0.551 0.163 0.042 0.067
0 0.674 0.868 0.035 0.057
0 0.372 0.325 0.048 0.077
0 0.396 0.820 0.048 0.077
0 0.903 0.402 0.044 0.070
0 0.494 0.625 0.040 0.063
0 0.680 0.977 0.048 0.077
0 0.749 0.853 0.042 0.067
0 0.571 0.240 0.043 0.068
0 0.704 0.812 0.046 0.073
0 0.068 0.930 0.048 0.077
0 0.877 0.967 0.042 0.067
0 0.722 0.297 0.045 0.072
0 0.893 0.247 0.034 0.055
0 0.241 0.698 0.048 0.077
0 0.914 0.970 0.046 0.073
0 0.950 0.985 0.042 0.067
0 0.885 0.377 0.037 0.060
