0 0.865 0.083 0.047 0.075
0 0.275 0.627 0.046 0.073
0 0.142 0.000 0.048 0.077
0 0.884 0.138 0.048 0.077
0 0.533 0.823 0.048 0.077
0 0.171 0.037 0.048 0.077
0 0.537 0.075 0.044 0.070
0 0.723 0.687 0.048 0.077
0 0.344 0.507 0.048 0.077
0 0.484 0.878 0.048 0.077
0 0.322 0.998 0.048 0.077
0 0.339 0.028 0.048 0.077
0 0.827 0.493 0.047 0.075
0 0.991 0.043 0.048 0.077
0 0.355 0.155 0.048 0.077
0 0.279 0.467 0.048 0.077
0 0.865 0.375 0.034 0.055
0 0.792 0.505 0.048 0.077
0 0.151 1.000 0.033 0.053
0 0.448 0.000 0.034 0.055
