0 0.104 0.517 0.048 0.077
0 0.028 0.787 0.048 0.077
0 0.857 0.300 0.040 0.063
0 0.761 0.907 0.035 0.057
0 0.059 0.268 0.042 0.067
0 0.033 0.375 0.042 0.067
0 0.695 0.553 0.042 0.067
0 0.662 0.565 0.044 0.070
0 0.059 0.828 0.035 0.057
0 0.808 0.152 0.044 0.070
0 0.617 0.588 0.048 0.077
0 0.083 0.637 0.048 0.077
0 0.122 0.422 0.036 0.058
0 0.651 0.998 0.042 0.067
0 0.022 0.423 0.036 0.058
0 0.100 0.450 0.036 0.058
0 0.641 0.525 0.046 0.073
0 0.068 0.523 0.045 0.072
0 0.161 0.052 0.037 0.060
0 0.830 0.763 0.042 0.067
0 0.595 0.025 0.042 0.067
0 0.999 0.183 0.033 0.053
0 0.537 0.247 0.041 0.065
0 0.412 0.370 0.040 0.063
0 0.402 0.115 0.035 0.057
0 0.856 0.877 0.043 0.068
0 0.210 0.517 0.040 0.063
0 0.511 0.832 0.041 0.065
0 0.083 0.587 0.035 0.057
0 0.727 0.207 0.036 0.058
0 0.000 0.668 0.037 0.060
