0 0.280 0.473 0.048 0.077
0 0.206 0.495 0.046 0.073
0 0.211 0.613 0.048 0.077
0 0.226 0.657 0.040 0.063
0 0.224 0.738 0.044 0.070
0 0.326 0.847 0.042 0.067
0 0.373 0.815 0.042 0.067
0 0.095 0.333 0.042 0.067
0 0.649 0.750 0.037 0.060
0 0.399 0.247 0.046 0.073
0 0.033 0.760 0.048 0.077
0 0.578 0.247 0.048 0.077
0 0.224 0.165 0.041 0.065
0 0.181 0.490 0.048 0.077
0 0.172 0.758 0.034 0.055
0 0.799 0.360 0.046 0.073
0 0.104 0.363 0.045 0.072
0 0.886 0.733 0.046 0.073
0 0.392 0.488 0.040 0.063
0 0.377 0.780 0.034 0.055
0 0.870 0.990 0.048 0.077
