0 0.948 0.500 0.042 0.067
0 0.526 0.083 0.046 0.073
0 0.506 0.117 0.043 0.068
0 0.676 0.060 0.043 0.068
0 0.664 0.135 0.044 0.070
0 0.129 0.510 0.048 0.077
0 0.327 0.488 0.048 0.077
0 0.424 0.698 0.046 0.073
0 0.627 0.007 0.048 0.077
0 0.175 0.778 0.048 0.077
0 0.314 0.803 0.048 0.077
0 0.581 0.185 0.048 0.077
0 0.398 0.075 0.048 0.077
0 0.674 0.097 0.048 0.077
0 0.775 0.382 0.048 0.077
0 0.703 0.222 0.046 0.073
0 0.299 0.813 0.048 0.077
0 0.774 0.037 0.048 0.077
0 0.986 0.838 0.041 0.065
0 0.708 0.192 0.048 0.077
