0 0.277 0.465 0.044 0.070
0 0.211 0.500 0.047 0.075
0 0.211 0.608 0.042 0.067
0 0.224 0.665 0.040 0.063
0 0.224 0.740 0.044 0.070
0 0.330 0.847 0.048 0.077
0 0.383 0.815 0.044 0.070
0 0.089 0.330 0.047 0.075
0 0.652 0.755 0.048 0.077
0 0.398 0.257 0.048 0.077
0 0.035 0.755 0.042 0.067
0 0.573 0.257 0.040 0.063
0 0.226 0.170 0.042 0.067
0 0.179 0.492 0.048 0.077
0 0.173 0.757 0.032 0.052
0 0.800 0.362 0.048 0.077
0 0.093 0.357 0.048 0.077
0 0.884 0.727 0.041 0.065
0 0.394 0.493 0.042 0.067
0 0.377 0.783 0.035 0.057
0 0.869 0.998 0.044 0.070
