0 0.535 0.418 0.041 0.065
0 0.210 0.492 0.044 0.070
0 0.652 0.438 0.044 0.070
0 0.397 0.573 0.046 0.073
0 0.670 0.525 0.043 0.068
0 0.290 0.182 0.048 0.077
0 0.586 1.000 0.045 0.072
0 0.671 0.212 0.041 0.065
0 0.713 0.753 0.044 0.070
0 0.219 0.428 0.042 0.067
0 0.338 0.487 0.040 0.063
0 0.796 0.672 0.042 0.067
0 0.964 0.872 0.037 0.060
0 0.351 1.000 0.035 0.057
0 0.190 0.370 0.044 0.070
0 0.817 0.488 0.040 0.063
0 0.900 0.792 0.044 0.070
0 0.736 0.127 0.041 0.065
0 0.645 0.765 0.048 0.077
0 0.164 0.572 0.048 0.077
0 0.025 0.735 0.044 0.070
0 0.282 0.398 0.048 0.077
0 0.051 0.022 0.046 0.073
0 0.274 0.982 0.042 0.067
