0 0.329 0.652 0.048 0.077
0 0.992 0.298 0.045 0.072
0 0.897 0.252 0.044 0.070
0 0.527 0.015 0.044 0.070
0 0.752 0.300 0.045 0.072
0 0.104 0.808 0.048 0.077
0 0.570 0.575 0.035 0.057
0 0.758 0.412 0.040 0.063
0 0.567 0.358 0.048 0.077
0 0.643 0.725 0.036 0.058
0 0.449 0.762 0.048 0.077
0 0.661 0.303 0.048 0.077
0 0.621 0.347 0.042 0.067
0 0.735 0.607 0.048 0.077
0 0.527 0.360 0.036 0.058
0 0.331 0.768 0.036 0.058
0 0.406 0.700 0.047 0.075
0 0.498 0.663 0.041 0.065
0 0.577 0.885 0.035 0.057
0 0.725 0.243 0.044 0.070
0 0.765 0.792 0.040 0.063
0 0.589 0.238 0.047 0.075
0 0.956 0.977 0.045 0.072
0 0.626 0.255 0.042 0.067
0 0.009 0.365 0.042 0.067
