0 0.292 0.987 0.040 0.063
0 0.774 0.745 0.048 0.077
0 0.321 0.460 0.048 0.077
0 0.294 0.488 0.042 0.067
0 0.736 0.040 0.048 0.077
0 0.887 1.000 0.047 0.075
0 0.672 0.288 0.048 0.077
0 0.497 0.825 0.035 0.057
0 0.415 0.588 0.048 0.077
0 0.521 0.760 0.046 0.073
0 0.370 0.155 0.046 0.073
0 0.825 0.812 0.048 0.077
0 0.314 0.907 0.048 0.077
0 0.758 0.750 0.048 0.077
0 0.608 0.192 0.042 0.067
0 0.645 0.732 0.048 0.077
0 0.384 0.875 0.048 0.077
0 0.417 0.907 0.048 0.077
0 0.548 0.172 0.048 0.077
0 0.675 0.872 0.036 0.058
0 0.370 0.322 0.036 0.058
0 0.406 0.810 0.036 0.058
0 0.900 0.393 0.048 0.077
0 0.492 0.618 0.037 0.060
0 0.684 0.977 0.048 0.077
0 0.743 0.857 0.037 0.060
0 0.572 0.243 0.041 0.065
0 0.707 0.827 0.041 0.065
0 0.069 0.932 0.041 0.065
0 0.879 0.958 0.048 0.077
0 0.721 0.292 0.048 0.077
0 0.894 0.252 0.036 0.058
0 0.244 0.695 0.048 0.077
0 0.916 0.965 0.042 0.067
0 0.956 0.985 0.048 0.077
0 0.887 0.378 0.040 0.063
