0 0.105 0.515 0.047 0.075
0 0.025 0.788 0.048 0.077
0 0.858 0.303 0.041 0.065
0 0.761 0.907 0.034 0.055
0 0.059 0.268 0.042 0.067
0 0.033 0.377 0.041 0.065
0 0.696 0.552 0.040 0.063
0 0.662 0.565 0.042 0.067
0 0.058 0.830 0.036 0.058
0 0.805 0.150 0.042 0.067
0 0.624 0.588 0.048 0.077
0 0.076 0.635 0.032 0.052
0 0.123 0.420 0.036 0.058
0 0.651 0.998 0.042 0.067
0 0.024 0.423 0.032 0.052
0 0.099 0.448 0.042 0.067
0 0.641 0.522 0.044 0.070
0 0.071 0.520 0.044 0.070
0 0.163 0.052 0.040 0.063
0 0.828 0.762 0.041 0.065
0 0.597 0.028 0.036 0.058
0 1.000 0.180 0.032 0.052
0 0.535 0.243 0.040 0.063
0 0.415 0.368 0.042 0.067
0 0.401 0.113 0.036 0.058
0 0.858 0.873 0.043 0.068
0 0.211 0.518 0.041 0.065
0 0.511 0.833 0.037 0.060
0 0.083 0.587 0.033 0.053
0 0.727 0.207 0.040 0.063
0 0.000 0.670 0.041 0.065
