0 0.379 0.167 0.037 0.060
0 0.127 0.977 0.043 0.068
0 0.317 0.843 0.042 0.067
0 0.782 0.467 0.041 0.065
0 0.808 0.288 0.037 0.060
0 0.784 0.405 0.041 0.065
0 0.358 0.382 0.041 0.065
0 0.747 0.270 0.037 0.060
0 0.492 0.660 0.037 0.060
0 0.308 0.820 0.041 0.065
0 0.218 0.753 0.037 0.060
0 0.651 0.098 0.032 0.052
0 0.840 0.092 0.035 0.057
0 0.058 0.612 0.041 0.065
0 0.697 0.655 0.040 0.063
0 0.927 0.723 0.036 0.058
0 0.861 0.142 0.041 0.065
0 0.113 0.777 0.042 0.067
0 0.227 0.638 0.040 0.063
0 0.292 0.000 0.042 0.067
0 0.143 0.060 0.035 0.057
0 0.011 0.365 0.044 0.070
0 0.000 0.552 0.032 0.052
0 0.527 0.102 0.034 0.055
0 0.799 0.098 0.037 0.060
0 0.994 0.567 0.041 0.065
0 0.536 0.468 0.034 0.055
0 0.827 0.053 0.032 0.052
