0 0.309 1.000 0.036 0.058
0 0.779 0.743 0.048 0.077
0 0.323 0.455 0.047 0.075
0 0.295 0.483 0.048 0.077
0 0.733 0.053 0.041 0.065
0 0.883 0.998 0.048 0.077
0 0.669 0.287 0.048 0.077
0 0.483 0.842 0.046 0.073
0 0.416 0.595 0.041 0.065
0 0.514 0.757 0.048 0.077
0 0.368 0.157 0.048 0.077
0 0.836 0.798 0.048 0.077
0 0.320 0.927 0.037 0.060
0 0.748 0.752 0.043 0.068
0 0.609 0.185 0.043 0.068
0 0.637 0.730 0.042 0.067
0 0.380 0.873 0.047 0.075
0 0.414 0.902 0.048 0.077
0 0.551 0.153 0.044 0.070
0 0.670 0.863 0.048 0.077
0 0.373 0.318 0.042 0.067
0 0.386 0.817 0.037 0.060
0 0.902 0.405 0.041 0.065
0 0.496 0.633 0.041 0.065
0 0.680 0.978 0.046 0.073
0 0.754 0.845 0.042 0.067
0 0.568 0.243 0.040 0.063
0 0.694 0.813 0.035 0.057
0 0.066 0.915 0.046 0.073
0 0.876 0.958 0.046 0.073
0 0.720 0.297 0.046 0.073
0 0.898 0.235 0.044 0.070
0 0.243 0.702 0.048 0.077
0 0.914 0.962 0.042 0.067
0 0.944 1.000 0.030 0.048
0 0.887 0.382 0.037 0.060
