0 0.374 0.168 0.037 0.060
0 0.126 0.982 0.044 0.070
0 0.314 0.855 0.044 0.070
0 0.782 0.463 0.037 0.060
0 0.807 0.293 0.041 0.065
0 0.784 0.405 0.041 0.065
0 0.360 0.385 0.040 0.063
0 0.747 0.267 0.040 0.063
0 0.491 0.662 0.035 0.057
0 0.311 0.828 0.048 0.077
0 0.220 0.753 0.040 0.063
0 0.650 0.095 0.037 0.060
0 0.838 0.088 0.041 0.065
0 0.056 0.610 0.042 0.067
0 0.698 0.662 0.037 0.060
0 0.929 0.720 0.037 0.060
0 0.861 0.138 0.036 0.058
0 0.110 0.777 0.042 0.067
0 0.225 0.638 0.041 0.065
0 0.294 0.000 0.041 0.065
0 0.134 0.062 0.048 0.077
0 0.010 0.365 0.042 0.067
0 0.002 0.552 0.035 0.057
0 0.524 0.098 0.042 0.067
0 0.800 0.102 0.048 0.077
0 0.996 0.565 0.042 0.067
0 0.542 0.475 0.048 0.077
0 0.832 0.048 0.034 0.055
