0 0.376 0.163 0.042 0.067
0 0.125 0.977 0.044 0.070
0 0.318 0.842 0.044 0.070
0 0.782 0.465 0.040 0.063
0 0.807 0.288 0.042 0.067
0 0.783 0.403 0.043 0.068
0 0.358 0.382 0.040 0.063
0 0.746 0.272 0.037 0.060
0 0.492 0.658 0.036 0.058
0 0.309 0.823 0.043 0.068
0 0.215 0.755 0.036 0.058
0 0.651 0.100 0.035 0.057
0 0.835 0.092 0.045 0.072
0 0.058 0.613 0.040 0.063
0 0.696 0.653 0.040 0.063
0 0.928 0.723 0.036 0.058
0 0.864 0.138 0.041 0.065
0 0.114 0.775 0.041 0.065
0 0.227 0.638 0.040 0.063
0 0.290 0.000 0.041 0.065
0 0.144 0.062 0.035 0.057
0 0.010 0.367 0.042 0.067
0 0.000 0.550 0.035 0.057
0 0.527 0.103 0.034 0.055
0 0.803 0.097 0.048 0.077
0 0.993 0.568 0.037 0.060
0 0.536 0.467 0.035 0.057
0 0.826 0.053 0.032 0.052
