0 0.469 0.807 0.043 0.068
0 0.098 0.232 0.048 0.077
0 0.065 0.748 0.048 0.077
0 0.212 0.000 0.045 0.072
0 0.307 0.945 0.044 0.070
0 0.723 0.152 0.046 0.073
0 0.189 0.893 0.046 0.073
0 0.374 0.815 0.037 0.060
0 0.374 0.663 0.048 0.077
0 0.296 0.377 0.041 0.065
0 0.624 0.887 0.048 0.077
0 0.812 0.048 0.046 0.073
0 0.619 0.683 0.047 0.075
0 0.078 0.948 0.046 0.073
0 0.872 0.513 0.043 0.068
0 0.797 0.490 0.048 0.077
0 0.273 0.648 0.048 0.077
0 0.079 0.333 0.044 0.070
0 0.808 0.620 0.045 0.072
0 0.376 0.275 0.040 0.063
0 0.548 0.470 0.044 0.070
0 0.424 0.332 0.045 0.072
0 0.581 0.857 0.048 0.077
0 0.036 0.442 0.037 0.060
0 0.537 0.307 0.048 0.077
0 0.287 0.847 0.048 0.077
0 0.537 0.172 0.046 0.073
0 0.667 0.445 0.048 0.077
0 0.972 0.460 0.044 0.070
0 0.955 0.178 0.048 0.077
0 0.695 0.325 0.048 0.077
0 0.466 0.512 0.043 0.068
0 0.959 0.072 0.044 0.070
0 0.646 0.310 0.046 0.073
0 0.375 0.375 0.042 0.067
0 0.494 0.463 0.042 0.067
0 0.808 0.977 0.047 0.075
0 0.565 0.362 0.048 0.077
0 0.388 0.988 0.044 0.070
0 0.762 0.935 0.045 0.072
0 0.623 0.190 0.045 0.072
0 0.887 0.918 0.036 0.058
0 0.570 0.242 0.037 0.060
0 0.144 0.000 0.043 0.068
0 0.005 0.043 0.035 0.057
0 0.959 0.047 0.041 0.065
0 0.494 0.313 0.048 0.077
