0 0.540 0.415 0.042 0.067
0 0.211 0.493 0.047 0.075
0 0.648 0.442 0.042 0.067
0 0.395 0.565 0.048 0.077
0 0.669 0.527 0.044 0.070
0 0.290 0.178 0.048 0.077
0 0.584 0.988 0.037 0.060
0 0.671 0.215 0.042 0.067
0 0.703 0.755 0.046 0.073
0 0.224 0.430 0.043 0.068
0 0.345 0.475 0.044 0.070
0 0.794 0.660 0.044 0.070
0 0.963 0.883 0.042 0.067
0 0.342 1.000 0.043 0.068
0 0.192 0.372 0.045 0.072
0 0.822 0.500 0.042 0.067
0 0.901 0.803 0.041 0.065
0 0.731 0.138 0.043 0.068
0 0.644 0.768 0.047 0.075
0 0.167 0.575 0.040 0.063
0 0.032 0.735 0.048 0.077
0 0.283 0.377 0.033 0.053
0 0.047 0.023 0.042 0.067
0 0.280 0.982 0.044 0.070
