0 0.378 0.943 0.048 0.077
0 0.630 0.942 0.048 0.077
0 0.270 0.093 0.042 0.067
0 0.709 0.960 0.048 0.077
0 0.202 0.033 0.048 0.077
0 0.579 0.030 0.044 0.070
0 0.921 0.835 0.048 0.077
0 0.129 0.793 0.048 0.077
0 0.777 0.568 0.048 0.077
0 0.398 0.085 0.048 0.077
0 0.972 0.962 0.047 0.075
0 0.044 0.242 0.048 0.077
0 0.707 0.207 0.048 0.077
0 0.519 0.248 0.048 0.077
0 0.838 0.953 0.047 0.075
0 0.158 0.173 0.042 0.067
0 0.480 0.173 0.043 0.068
0 0.757 0.547 0.040 0.063
0 0.649 0.632 0.044 0.070
0 0.607 0.535 0.040 0.063
0 0.571 0.292 0.046 0.073
0 0.053 0.025 0.041 0.065
0 0.133 0.578 0.042 0.067
0 0.452 0.382 0.048 0.077
0 0.536 0.445 0.048 0.077
0 0.365 0.427 0.047 0.075
0 0.466 0.085 0.035 0.057
0 0.733 0.340 0.037 0.060
0 0.932 0.000 0.048 0.077
0 0.820 0.585 0.048 0.077
0 0.433 0.047 0.034 0.055
0 0.032 0.138 0.040 0.063
0 0.741 0.693 0.040 0.063
0 0.116 0.768 0.048 0.077
0 0.682 0.345 0.040 0.063
0 0.834 0.245 0.037 0.060
0 0.701 0.902 0.046 0.073
0 0.486 0.388 0.037 0.060
0 0.979 0.053 0.045 0.072
0 0.456 0.727 0.048 0.077
0 0.635 0.410 0.044 0.070
