0 0.306 1.000 0.037 0.060
0 0.777 0.743 0.048 0.077
0 0.323 0.453 0.048 0.077
0 0.294 0.487 0.043 0.068
0 0.739 0.052 0.048 0.077
0 0.887 0.995 0.048 0.077
0 0.671 0.295 0.048 0.077
0 0.480 0.843 0.048 0.077
0 0.418 0.603 0.040 0.063
0 0.517 0.763 0.047 0.075
0 0.370 0.155 0.048 0.077
0 0.836 0.805 0.041 0.065
0 0.321 0.925 0.036 0.058
0 0.750 0.753 0.035 0.057
0 0.606 0.182 0.048 0.077
0 0.636 0.728 0.042 0.067
0 0.380 0.872 0.048 0.077
0 0.412 0.900 0.048 0.077
0 0.549 0.158 0.048 0.077
0 0.677 0.867 0.035 0.057
0 0.366 0.322 0.048 0.077
0 0.388 0.817 0.037 0.060
0 0.899 0.407 0.048 0.077
0 0.497 0.628 0.048 0.077
0 0.681 0.978 0.048 0.077
0 0.753 0.845 0.040 0.063
0 0.569 0.245 0.042 0.067
0 0.696 0.810 0.048 0.077
0 0.066 0.912 0.041 0.065
0 0.878 0.958 0.046 0.073
0 0.722 0.298 0.046 0.073
0 0.894 0.237 0.035 0.057
0 0.240 0.703 0.048 0.077
0 0.912 0.967 0.048 0.077
0 0.947 0.992 0.042 0.067
0 0.890 0.377 0.033 0.053
