0 0.720 0.820 0.040 0.063
0 0.766 0.510 0.048 0.077
0 0.928 0.210 0.048 0.077
0 0.351 0.523 0.045 0.072
0 0.189 0.732 0.046 0.073
0 0.735 0.070 0.048 0.077
0 0.282 0.517 0.036 0.058
0 0.340 0.228 0.037 0.060
0 0.000 0.738 0.044 0.070
0 0.369 0.338 0.048 0.077
0 0.268 0.113 0.036 0.058
0 0.689 0.215 0.044 0.070
0 0.536 0.688 0.045 0.072
0 0.276 0.645 0.048 0.077
0 0.879 0.838 0.044 0.070
0 0.273 0.708 0.048 0.077
0 0.749 0.955 0.042 0.067
0 0.924 0.592 0.042 0.067
0 0.539 0.885 0.046 0.073
0 0.458 0.560 0.040 0.063
0 0.852 0.667 0.042 0.067
0 0.139 0.802 0.042 0.067
0 0.699 0.675 0.043 0.068
0 0.628 0.327 0.040 0.063
0 0.958 0.423 0.036 0.058
0 0.115 0.223 0.048 0.077
0 0.578 0.025 0.044 0.070
0 0.450 0.612 0.041 0.065
0 0.606 0.303 0.042 0.067
0 0.647 0.732 0.034 0.055
0 0.795 0.267 0.044 0.070
0 0.382 0.308 0.036 0.058
0 0.255 0.690 0.048 0.077
0 0.607 0.657 0.040 0.063
0 0.832 0.450 0.041 0.065
0 0.907 0.778 0.044 0.070
0 0.582 0.610 0.042 0.067
0 0.676 0.318 0.041 0.065
0 0.000 0.083 0.046 0.073
0 0.825 0.000 0.042 0.067
0 0.677 0.000 0.044 0.070
