0 0.676 0.322 0.041 0.065
0 0.015 0.133 0.048 0.077
0 0.707 0.615 0.041 0.065
0 0.046 0.692 0.035 0.057
0 0.055 0.177 0.047 0.075
0 0.815 0.808 0.048 0.077
0 0.405 0.618 0.041 0.065
0 0.278 0.453 0.044 0.070
0 0.024 0.248 0.041 0.065
0 0.153 0.532 0.037 0.060
0 0.272 0.413 0.042 0.067
0 0.641 0.672 0.036 0.058
0 0.661 0.372 0.037 0.060
0 0.265 0.563 0.037 0.060
0 0.755 0.290 0.042 0.067
0 0.696 0.505 0.040 0.063
0 0.890 0.995 0.042 0.067
0 0.649 0.310 0.048 0.077
0 0.419 0.702 0.037 0.060
0 0.520 1.000 0.033 0.053
0 0.416 0.653 0.035 0.057
0 0.492 1.000 0.032 0.052
0 0.309 0.435 0.034 0.055
0 0.724 0.987 0.034 0.055
