0 0.330 0.652 0.047 0.075
0 0.993 0.297 0.048 0.077
0 0.898 0.253 0.043 0.068
0 0.532 0.007 0.046 0.073
0 0.753 0.298 0.045 0.072
0 0.101 0.812 0.048 0.077
0 0.571 0.572 0.037 0.060
0 0.759 0.412 0.040 0.063
0 0.569 0.360 0.047 0.075
0 0.642 0.723 0.036 0.058
0 0.449 0.755 0.037 0.060
0 0.661 0.310 0.047 0.075
0 0.622 0.345 0.042 0.067
0 0.736 0.608 0.048 0.077
0 0.531 0.357 0.042 0.067
0 0.331 0.772 0.035 0.057
0 0.404 0.695 0.037 0.060
0 0.497 0.665 0.042 0.067
0 0.579 0.883 0.034 0.055
0 0.725 0.252 0.035 0.057
0 0.766 0.790 0.035 0.057
0 0.590 0.237 0.048 0.077
0 0.956 0.973 0.048 0.077
0 0.628 0.253 0.041 0.065
0 0.010 0.360 0.048 0.077
