0 0.253 0.670 0.048 0.077
0 0.793 0.090 0.047 0.075
0 0.689 0.417 0.047 0.075
0 0.169 0.817 0.048 0.077
0 0.550 0.407 0.048 0.077
0 0.707 0.385 0.048 0.077
0 0.321 0.193 0.048 0.077
0 0.104 0.645 0.048 0.077
0 0.408 0.738 0.035 0.057
0 0.395 0.797 0.042 0.067
0 0.992 0.107 0.037 0.060
0 0.920 0.160 0.046 0.073
0 0.135 0.212 0.048 0.077
0 0.854 0.248 0.046 0.073
0 0.909 0.073 0.048 0.077
0 0.154 0.845 0.041 0.065
0 0.521 0.017 0.047 0.075
0 0.949 0.325 0.048 0.077
0 0.218 0.653 0.048 0.077
0 0.386 0.815 0.048 0.077
0 0.299 0.367 0.045 0.072
0 0.886 0.117 0.048 0.077
0 0.916 0.778 0.042 0.067
0 0.115 0.733 0.048 0.077
0 0.673 0.085 0.048 0.077
0 0.188 0.858 0.048 0.077
0 0.945 0.998 0.048 0.077
0 0.009 0.782 0.042 0.067
0 0.060 0.712 0.047 0.075
0 0.512 0.065 0.048 0.077
0 0.448 0.608 0.044 0.070
0 0.674 0.120 0.048 0.077
0 0.388 0.865 0.048 0.077
0 0.411 0.965 0.048 0.077
0 0.970 0.312 0.048 0.077
0 0.101 0.735 0.047 0.075
0 0.867 0.065 0.048 0.077
0 0.013 0.082 0.048 0.077
0 0.399 0.033 0.042 0.067
0 0.174 0.753 0.047 0.075
0 0.831 0.533 0.044 0.070
0 0.215 0.788 0.048 0.077
0 0.873 0.583 0.048 0.077
