0 0.720 0.820 0.041 0.065
0 0.766 0.510 0.048 0.077
0 0.927 0.208 0.048 0.077
0 0.351 0.527 0.046 0.073
0 0.186 0.733 0.042 0.067
0 0.735 0.072 0.048 0.077
0 0.284 0.515 0.041 0.065
0 0.340 0.228 0.035 0.057
0 0.000 0.738 0.044 0.070
0 0.371 0.340 0.048 0.077
0 0.268 0.113 0.036 0.058
0 0.689 0.210 0.045 0.072
0 0.535 0.688 0.044 0.070
0 0.276 0.642 0.044 0.070
0 0.880 0.837 0.043 0.068
0 0.274 0.710 0.046 0.073
0 0.750 0.955 0.041 0.065
0 0.923 0.590 0.041 0.065
0 0.537 0.883 0.045 0.072
0 0.456 0.562 0.041 0.065
0 0.855 0.665 0.037 0.060
0 0.139 0.802 0.042 0.067
0 0.700 0.673 0.044 0.070
0 0.628 0.322 0.036 0.058
0 0.958 0.423 0.037 0.060
0 0.119 0.232 0.041 0.065
0 0.577 0.027 0.042 0.067
0 0.450 0.613 0.041 0.065
0 0.605 0.305 0.044 0.070
0 0.648 0.728 0.034 0.055
0 0.796 0.267 0.043 0.068
0 0.383 0.310 0.036 0.058
0 0.256 0.692 0.047 0.075
0 0.607 0.653 0.048 0.077
0 0.831 0.450 0.042 0.067
0 0.906 0.777 0.042 0.067
0 0.585 0.607 0.048 0.077
0 0.675 0.320 0.042 0.067
0 0.004 0.093 0.048 0.077
0 0.826 0.000 0.041 0.065
0 0.676 0.000 0.048 0.077
