0 0.101 0.515 0.048 0.077
0 0.025 0.788 0.048 0.077
0 0.861 0.288 0.035 0.057
0 0.767 0.913 0.037 0.060
0 0.064 0.265 0.041 0.065
0 0.031 0.370 0.041 0.065
0 0.698 0.557 0.040 0.063
0 0.664 0.567 0.044 0.070
0 0.068 0.828 0.035 0.057
0 0.804 0.155 0.043 0.068
0 0.615 0.578 0.040 0.063
0 0.075 0.642 0.035 0.057
0 0.123 0.428 0.044 0.070
0 0.649 1.000 0.041 0.065
0 0.026 0.428 0.040 0.063
0 0.095 0.442 0.041 0.065
0 0.641 0.527 0.047 0.075
0 0.067 0.512 0.044 0.070
0 0.166 0.047 0.037 0.060
0 0.829 0.762 0.040 0.063
0 0.597 0.017 0.036 0.058
0 1.000 0.195 0.040 0.063
0 0.540 0.257 0.042 0.067
0 0.407 0.385 0.042 0.067
0 0.410 0.128 0.041 0.065
0 0.857 0.885 0.043 0.068
0 0.209 0.512 0.042 0.067
0 0.511 0.820 0.040 0.063
0 0.085 0.588 0.036 0.058
0 0.730 0.222 0.040 0.063
0 0.000 0.648 0.035 0.057
