0 0.283 0.475 0.043 0.068
0 0.208 0.473 0.040 0.063
0 0.210 0.607 0.042 0.067
0 0.221 0.643 0.035 0.057
0 0.227 0.738 0.044 0.070
0 0.318 0.845 0.041 0.065
0 0.365 0.828 0.048 0.077
0 0.100 0.340 0.042 0.067
0 0.645 0.763 0.042 0.067
0 0.394 0.233 0.048 0.077
0 0.029 0.765 0.044 0.070
0 0.573 0.235 0.048 0.077
0 0.225 0.152 0.041 0.065
0 0.184 0.500 0.045 0.072
0 0.172 0.757 0.033 0.053
0 0.796 0.362 0.044 0.070
0 0.110 0.367 0.048 0.077
0 0.886 0.740 0.044 0.070
0 0.383 0.488 0.037 0.060
0 0.375 0.778 0.037 0.060
0 0.870 1.000 0.048 0.077
