0 0.947 0.503 0.042 0.067
0 0.520 0.097 0.048 0.077
0 0.506 0.117 0.044 0.070
0 0.678 0.067 0.048 0.077
0 0.662 0.132 0.046 0.073
0 0.130 0.512 0.047 0.075
0 0.327 0.487 0.048 0.077
0 0.420 0.698 0.048 0.077
0 0.634 0.005 0.048 0.077
0 0.176 0.777 0.048 0.077
0 0.307 0.798 0.048 0.077
0 0.581 0.180 0.048 0.077
0 0.399 0.075 0.041 0.065
0 0.673 0.098 0.047 0.075
0 0.776 0.385 0.047 0.075
0 0.695 0.227 0.045 0.072
0 0.298 0.813 0.048 0.077
0 0.767 0.032 0.048 0.077
0 0.989 0.838 0.037 0.060
0 0.710 0.190 0.048 0.077
