0 0.669 0.317 0.040 0.063
0 0.016 0.135 0.044 0.070
0 0.706 0.618 0.043 0.068
0 0.025 0.685 0.048 0.077
0 0.054 0.175 0.048 0.077
0 0.807 0.792 0.043 0.068
0 0.404 0.617 0.040 0.063
0 0.282 0.448 0.042 0.067
0 0.028 0.248 0.044 0.070
0 0.144 0.532 0.036 0.058
0 0.270 0.418 0.048 0.077
0 0.654 0.660 0.035 0.057
0 0.658 0.373 0.036 0.058
0 0.274 0.562 0.035 0.057
0 0.758 0.283 0.035 0.057
0 0.697 0.503 0.040 0.063
0 0.883 1.000 0.046 0.073
0 0.655 0.317 0.048 0.077
0 0.419 0.700 0.036 0.058
0 0.519 0.998 0.033 0.053
0 0.414 0.655 0.032 0.052
0 0.491 1.000 0.033 0.053
0 0.307 0.435 0.035 0.057
0 0.715 1.000 0.030 0.048
