0 0.728 0.827 0.040 0.063
0 0.766 0.527 0.048 0.077
0 0.933 0.180 0.044 0.070
0 0.353 0.515 0.046 0.073
0 0.189 0.737 0.044 0.070
0 0.736 0.065 0.048 0.077
0 0.263 0.512 0.041 0.065
0 0.350 0.210 0.035 0.057
0 0.005 0.740 0.045 0.072
0 0.376 0.350 0.045 0.072
0 0.268 0.072 0.036 0.058
0 0.696 0.210 0.047 0.075
0 0.542 0.698 0.046 0.073
0 0.283 0.648 0.044 0.070
0 0.877 0.835 0.040 0.063
0 0.273 0.713 0.048 0.077
0 0.736 0.932 0.042 0.067
0 0.923 0.598 0.043 0.068
0 0.560 0.882 0.041 0.065
0 0.464 0.570 0.040 0.063
0 0.857 0.657 0.042 0.067
0 0.126 0.803 0.042 0.067
0 0.694 0.673 0.044 0.070
0 0.642 0.303 0.042 0.067
0 0.939 0.417 0.037 0.060
0 0.115 0.227 0.040 0.063
0 0.579 0.033 0.042 0.067
0 0.466 0.600 0.036 0.058
0 0.610 0.307 0.044 0.070
0 0.652 0.727 0.035 0.057
0 0.800 0.272 0.042 0.067
0 0.366 0.293 0.044 0.070
0 0.250 0.682 0.048 0.077
0 0.607 0.655 0.041 0.065
0 0.836 0.445 0.042 0.067
0 0.901 0.777 0.042 0.067
0 0.588 0.608 0.044 0.070
0 0.677 0.307 0.037 0.060
0 0.009 0.057 0.047 0.075
0 0.835 0.000 0.044 0.070
0 0.669 0.022 0.041 0.065
