0 0.539 0.407 0.047 0.075
0 0.209 0.492 0.046 0.073
0 0.652 0.442 0.045 0.072
0 0.394 0.565 0.035 0.057
0 0.669 0.527 0.042 0.067
0 0.290 0.182 0.048 0.077
0 0.583 1.000 0.042 0.067
0 0.674 0.208 0.044 0.070
0 0.710 0.757 0.048 0.077
0 0.221 0.425 0.036 0.058
0 0.341 0.483 0.042 0.067
0 0.800 0.668 0.042 0.067
0 0.964 0.868 0.040 0.063
0 0.345 0.998 0.044 0.070
0 0.190 0.370 0.043 0.068
0 0.818 0.487 0.040 0.063
0 0.899 0.793 0.041 0.065
0 0.735 0.127 0.042 0.067
0 0.642 0.765 0.048 0.077
0 0.168 0.577 0.040 0.063
0 0.022 0.740 0.037 0.060
0 0.282 0.398 0.047 0.075
0 0.045 0.027 0.041 0.065
0 0.277 0.983 0.042 0.067
