0 0.466 0.803 0.042 0.067
0 0.099 0.243 0.048 0.077
0 0.064 0.750 0.048 0.077
0 0.211 0.005 0.048 0.077
0 0.309 0.945 0.048 0.077
0 0.722 0.150 0.046 0.073
0 0.186 0.892 0.044 0.070
0 0.372 0.813 0.042 0.067
0 0.381 0.675 0.048 0.077
0 0.296 0.385 0.046 0.073
0 0.621 0.882 0.042 0.067
0 0.811 0.052 0.048 0.077
0 0.618 0.682 0.048 0.077
0 0.083 0.948 0.048 0.077
0 0.873 0.518 0.048 0.077
0 0.798 0.490 0.042 0.067
0 0.273 0.652 0.046 0.073
0 0.076 0.337 0.048 0.077
0 0.805 0.625 0.044 0.070
0 0.373 0.273 0.040 0.063
0 0.548 0.468 0.044 0.070
0 0.423 0.335 0.048 0.077
0 0.583 0.852 0.046 0.073
0 0.035 0.438 0.035 0.057
0 0.533 0.312 0.048 0.077
0 0.287 0.843 0.046 0.073
0 0.539 0.170 0.046 0.073
0 0.666 0.443 0.046 0.073
0 0.971 0.455 0.048 0.077
0 0.954 0.178 0.046 0.073
0 0.698 0.327 0.045 0.072
0 0.466 0.512 0.042 0.067
0 0.958 0.068 0.043 0.068
0 0.646 0.310 0.045 0.072
0 0.374 0.377 0.042 0.067
0 0.493 0.462 0.041 0.065
0 0.810 0.978 0.044 0.070
0 0.570 0.360 0.041 0.065
0 0.389 0.988 0.047 0.075
0 0.770 0.942 0.047 0.075
0 0.624 0.188 0.045 0.072
0 0.885 0.915 0.034 0.055
0 0.569 0.242 0.040 0.063
0 0.143 0.013 0.044 0.070
0 0.004 0.030 0.048 0.077
0 0.959 0.042 0.037 0.060
0 0.494 0.322 0.029 0.047
