0 0.938 0.512 0.042 0.067
0 0.524 0.083 0.048 0.077
0 0.510 0.115 0.048 0.077
0 0.678 0.058 0.042 0.067
0 0.660 0.135 0.041 0.065
0 0.136 0.523 0.046 0.073
0 0.333 0.488 0.048 0.077
0 0.414 0.688 0.048 0.077
0 0.641 0.025 0.041 0.065
0 0.182 0.777 0.048 0.077
0 0.320 0.792 0.048 0.077
0 0.582 0.178 0.044 0.070
0 0.395 0.073 0.048 0.077
0 0.691 0.078 0.042 0.067
0 0.779 0.393 0.048 0.077
0 0.707 0.225 0.048 0.077
0 0.297 0.800 0.048 0.077
0 0.770 0.032 0.048 0.077
0 0.979 0.842 0.040 0.063
0 0.709 0.195 0.037 0.060
