0 0.100 0.518 0.048 0.077
0 0.023 0.792 0.048 0.077
0 0.866 0.285 0.035 0.057
0 0.770 0.917 0.035 0.057
0 0.064 0.263 0.042 0.067
0 0.027 0.372 0.042 0.067
0 0.700 0.557 0.041 0.065
0 0.665 0.568 0.042 0.067
0 0.073 0.828 0.037 0.060
0 0.804 0.157 0.042 0.067
0 0.615 0.573 0.040 0.063
0 0.075 0.642 0.037 0.060
0 0.116 0.437 0.035 0.057
0 0.648 1.000 0.041 0.065
0 0.027 0.427 0.042 0.067
0 0.092 0.445 0.035 0.057
0 0.640 0.527 0.048 0.077
0 0.060 0.527 0.048 0.077
0 0.166 0.043 0.040 0.063
0 0.829 0.762 0.041 0.065
0 0.594 0.015 0.036 0.058
0 0.999 0.202 0.040 0.063
0 0.541 0.255 0.042 0.067
0 0.405 0.392 0.042 0.067
0 0.414 0.132 0.036 0.058
0 0.858 0.892 0.046 0.073
0 0.208 0.510 0.042 0.067
0 0.511 0.813 0.041 0.065
0 0.086 0.587 0.048 0.077
0 0.729 0.232 0.037 0.060
0 0.000 0.645 0.044 0.070
