0 0.553 0.885 0.042 0.067
0 0.829 0.932 0.030 0.048
0 0.852 0.597 0.047 0.075
0 0.087 0.618 0.042 0.067
0 0.320 0.492 0.042 0.067
0 0.031 0.432 0.042 0.067
0 0.553 0.330 0.048 0.077
0 0.824 0.408 0.042 0.067
0 0.052 0.735 0.047 0.075
0 0.660 0.918 0.035 0.057
0 0.827 0.727 0.042 0.067
0 0.591 0.068 0.040 0.063
0 0.770 0.395 0.048 0.077
0 0.131 0.917 0.046 0.073
0 0.356 0.103 0.044 0.070
0 0.771 0.455 0.036 0.058
0 0.375 0.698 0.037 0.060
0 0.681 0.215 0.040 0.063
0 0.630 0.413 0.042 0.067
0 0.164 0.280 0.043 0.068
0 0.548 0.585 0.035 0.057
0 0.664 0.580 0.037 0.060
0 0.550 0.793 0.035 0.057
0 0.011 0.568 0.041 0.065
0 0.761 0.162 0.036 0.058
0 0.857 0.960 0.036 0.058
0 0.973 0.978 0.037 0.060
0 0.287 0.868 0.042 0.067
0 0.410 0.452 0.040 0.063
0 0.467 0.407 0.044 0.070
0 0.815 0.577 0.040 0.063
0 0.314 0.258 0.040 0.063
0 0.608 0.768 0.035 0.057
0 0.646 0.577 0.035 0.057
0 0.718 0.043 0.042 0.067
0 0.477 0.138 0.048 0.077
0 0.778 0.762 0.035 0.057
0 0.731 0.528 0.035 0.057
0 0.954 0.678 0.037 0.060
0 0.127 0.577 0.037 0.060
0 0.689 0.827 0.037 0.060
0 0.000 0.710 0.043 0.068
0 0.272 0.795 0.037 0.060
0 0.884 0.443 0.035 0.057
0 0.674 0.795 0.037 0.060
0 0.671 0.547 0.037 0.060
0 0.354 0.332 0.034 0.055
0 0.226 0.803 0.048 0.077
0 0.932 0.167 0.035 0.057
0 0.439 1.000 0.033 0.053
0 0.186 0.037 0.036 0.058
0 0.584 0.322 0.042 0.067
0 0.588 0.267 0.036 0.058
0 0.790 1.000 0.044 0.070
0 0.539 0.238 0.034 0.055
0 0.791 0.610 0.035 0.057
