0 0.330 0.653 0.048 0.077
0 0.990 0.298 0.043 0.068
0 0.899 0.255 0.044 0.070
0 0.528 0.013 0.048 0.077
0 0.756 0.288 0.048 0.077
0 0.093 0.820 0.044 0.070
0 0.576 0.568 0.036 0.058
0 0.759 0.408 0.041 0.065
0 0.567 0.358 0.042 0.067
0 0.637 0.722 0.033 0.053
0 0.448 0.755 0.035 0.057
0 0.662 0.310 0.047 0.075
0 0.621 0.348 0.042 0.067
0 0.738 0.607 0.045 0.072
0 0.532 0.363 0.037 0.060
0 0.327 0.777 0.032 0.052
0 0.406 0.698 0.040 0.063
0 0.496 0.665 0.042 0.067
0 0.579 0.883 0.034 0.055
0 0.727 0.250 0.041 0.065
0 0.767 0.790 0.035 0.057
0 0.591 0.232 0.045 0.072
0 0.955 0.982 0.045 0.072
0 0.625 0.252 0.033 0.053
0 0.013 0.368 0.035 0.057
