0 0.868 0.088 0.048 0.077
0 0.275 0.627 0.046 0.073
0 0.148 0.015 0.048 0.077
0 0.889 0.150 0.048 0.077
0 0.529 0.818 0.048 0.077
0 0.179 0.032 0.048 0.077
0 0.535 0.085 0.045 0.072
0 0.717 0.685 0.044 0.070
0 0.338 0.503 0.048 0.077
0 0.487 0.885 0.044 0.070
0 0.324 0.987 0.030 0.048
0 0.344 0.030 0.048 0.077
0 0.832 0.487 0.044 0.070
0 1.000 0.037 0.048 0.077
0 0.346 0.155 0.048 0.077
0 0.277 0.488 0.048 0.077
0 0.865 0.377 0.036 0.058
0 0.790 0.498 0.048 0.077
0 0.142 0.995 0.048 0.077
0 0.446 0.008 0.048 0.077
