0 0.950 0.500 0.043 0.068
0 0.524 0.090 0.048 0.077
0 0.507 0.117 0.043 0.068
0 0.678 0.077 0.048 0.077
0 0.664 0.132 0.044 0.070
0 0.128 0.508 0.048 0.077
0 0.325 0.488 0.048 0.077
0 0.419 0.692 0.048 0.077
0 0.625 0.007 0.047 0.075
0 0.174 0.775 0.048 0.077
0 0.312 0.805 0.048 0.077
0 0.581 0.187 0.048 0.077
0 0.396 0.077 0.046 0.073
0 0.672 0.100 0.048 0.077
0 0.776 0.380 0.047 0.075
0 0.696 0.225 0.048 0.077
0 0.300 0.822 0.046 0.073
0 0.781 0.038 0.048 0.077
0 0.981 0.842 0.037 0.060
0 0.710 0.192 0.044 0.070
