0 0.102 0.517 0.048 0.077
0 0.023 0.788 0.046 0.073
0 0.864 0.288 0.037 0.060
0 0.766 0.913 0.036 0.058
0 0.061 0.265 0.042 0.067
0 0.034 0.377 0.048 0.077
0 0.698 0.555 0.040 0.063
0 0.662 0.567 0.044 0.070
0 0.067 0.827 0.040 0.063
0 0.805 0.153 0.042 0.067
0 0.617 0.575 0.037 0.060
0 0.076 0.638 0.036 0.058
0 0.122 0.428 0.045 0.072
0 0.648 1.000 0.041 0.065
0 0.023 0.427 0.042 0.067
0 0.096 0.445 0.037 0.060
0 0.639 0.522 0.044 0.070
0 0.065 0.525 0.048 0.077
0 0.168 0.053 0.048 0.077
0 0.829 0.762 0.040 0.063
0 0.592 0.018 0.048 0.077
0 1.000 0.193 0.040 0.063
0 0.539 0.252 0.041 0.065
0 0.410 0.383 0.042 0.067
0 0.411 0.122 0.037 0.060
0 0.856 0.882 0.042 0.067
0 0.211 0.508 0.048 0.077
0 0.512 0.820 0.040 0.063
0 0.082 0.588 0.035 0.057
0 0.730 0.220 0.040 0.063
0 0.000 0.650 0.035 0.057
