0 0.468 0.792 0.042 0.067
0 0.093 0.247 0.046 0.073
0 0.061 0.745 0.048 0.077
0 0.209 0.022 0.045 0.072
0 0.305 0.940 0.047 0.075
0 0.722 0.158 0.048 0.077
0 0.183 0.895 0.045 0.072
0 0.370 0.812 0.035 0.057
0 0.389 0.692 0.041 0.065
0 0.294 0.402 0.042 0.067
0 0.616 0.880 0.048 0.077
0 0.816 0.062 0.046 0.073
0 0.616 0.672 0.042 0.067
0 0.076 0.945 0.045 0.072
0 0.869 0.523 0.047 0.075
0 0.792 0.495 0.043 0.068
0 0.271 0.653 0.048 0.077
0 0.076 0.335 0.046 0.073
0 0.797 0.637 0.044 0.070
0 0.357 0.277 0.040 0.063
0 0.547 0.463 0.042 0.067
0 0.429 0.327 0.043 0.068
0 0.591 0.835 0.047 0.075
0 0.026 0.422 0.037 0.060
0 0.540 0.318 0.048 0.077
0 0.289 0.835 0.046 0.073
0 0.543 0.165 0.046 0.073
0 0.669 0.443 0.046 0.073
0 0.977 0.453 0.046 0.073
0 0.954 0.175 0.044 0.070
0 0.704 0.330 0.048 0.077
0 0.459 0.508 0.043 0.068
0 0.949 0.067 0.045 0.072
0 0.645 0.317 0.045 0.072
0 0.374 0.395 0.048 0.077
0 0.490 0.458 0.042 0.067
0 0.810 0.980 0.046 0.073
0 0.573 0.358 0.041 0.065
0 0.389 0.987 0.048 0.077
0 0.767 0.945 0.047 0.075
0 0.626 0.180 0.044 0.070
0 0.870 0.917 0.037 0.060
0 0.561 0.252 0.041 0.065
0 0.146 0.010 0.048 0.077
0 0.000 0.037 0.033 0.053
0 0.957 0.020 0.036 0.058
0 0.493 0.322 0.030 0.048
