0 0.378 0.163 0.035 0.057
0 0.125 0.977 0.044 0.070
0 0.318 0.842 0.047 0.075
0 0.782 0.465 0.040 0.063
0 0.806 0.288 0.041 0.065
0 0.783 0.403 0.042 0.067
0 0.356 0.383 0.037 0.060
0 0.747 0.270 0.040 0.063
0 0.491 0.658 0.036 0.058
0 0.308 0.820 0.041 0.065
0 0.216 0.753 0.036 0.058
0 0.650 0.098 0.034 0.055
0 0.838 0.093 0.041 0.065
0 0.058 0.613 0.040 0.063
0 0.695 0.655 0.040 0.063
0 0.926 0.723 0.036 0.058
0 0.865 0.137 0.041 0.065
0 0.111 0.777 0.041 0.065
0 0.228 0.640 0.040 0.063
0 0.290 0.000 0.041 0.065
0 0.144 0.058 0.037 0.060
0 0.011 0.363 0.042 0.067
0 0.000 0.550 0.035 0.057
0 0.526 0.103 0.036 0.058
0 0.803 0.095 0.044 0.070
0 0.994 0.570 0.037 0.060
0 0.537 0.467 0.035 0.057
0 0.826 0.053 0.032 0.052
