0 0.674 0.317 0.041 0.065
0 0.017 0.137 0.042 0.067
0 0.706 0.618 0.043 0.068
0 0.036 0.692 0.041 0.065
0 0.056 0.175 0.048 0.077
0 0.809 0.798 0.042 0.067
0 0.404 0.617 0.037 0.060
0 0.281 0.447 0.047 0.075
0 0.030 0.248 0.048 0.077
0 0.148 0.532 0.036 0.058
0 0.272 0.413 0.042 0.067
0 0.647 0.665 0.037 0.060
0 0.660 0.372 0.040 0.063
0 0.269 0.558 0.034 0.055
0 0.757 0.288 0.037 0.060
0 0.697 0.503 0.040 0.063
0 0.885 1.000 0.032 0.052
0 0.654 0.317 0.032 0.052
0 0.419 0.695 0.042 0.067
0 0.520 1.000 0.033 0.053
0 0.414 0.653 0.033 0.053
0 0.491 1.000 0.032 0.052
0 0.306 0.438 0.032 0.052
0 0.720 0.993 0.035 0.057
