0 0.284 0.473 0.044 0.070
0 0.210 0.468 0.040 0.063
0 0.209 0.607 0.044 0.070
0 0.220 0.635 0.048 0.077
0 0.228 0.733 0.048 0.077
0 0.317 0.843 0.048 0.077
0 0.364 0.825 0.048 0.077
0 0.100 0.342 0.044 0.070
0 0.643 0.768 0.036 0.058
0 0.395 0.230 0.041 0.065
0 0.029 0.767 0.044 0.070
0 0.571 0.237 0.035 0.057
0 0.227 0.152 0.042 0.067
0 0.186 0.498 0.041 0.065
0 0.172 0.758 0.034 0.055
0 0.795 0.363 0.044 0.070
0 0.109 0.362 0.044 0.070
0 0.886 0.740 0.044 0.070
0 0.379 0.495 0.042 0.067
0 0.380 0.780 0.035 0.057
0 0.872 0.998 0.030 0.048
