0 0.535 0.853 0.044 0.070
0 0.833 0.952 0.048 0.077
0 0.848 0.592 0.046 0.073
0 0.105 0.590 0.042 0.067
0 0.330 0.473 0.041 0.065
0 0.028 0.457 0.042 0.067
0 0.556 0.337 0.048 0.077
0 0.824 0.408 0.042 0.067
0 0.056 0.710 0.041 0.065
0 0.655 0.903 0.037 0.060
0 0.839 0.758 0.041 0.065
0 0.599 0.057 0.040 0.063
0 0.756 0.387 0.041 0.065
0 0.131 0.905 0.048 0.077
0 0.350 0.092 0.044 0.070
0 0.752 0.413 0.036 0.058
0 0.371 0.718 0.041 0.065
0 0.679 0.218 0.035 0.057
0 0.629 0.407 0.048 0.077
0 0.171 0.270 0.042 0.067
0 0.549 0.550 0.041 0.065
0 0.662 0.583 0.041 0.065
0 0.542 0.765 0.042 0.067
0 0.005 0.553 0.044 0.070
0 0.776 0.160 0.036 0.058
0 0.864 0.950 0.040 0.063
0 0.972 0.968 0.040 0.063
0 0.292 0.870 0.043 0.068
0 0.411 0.480 0.041 0.065
0 0.467 0.420 0.046 0.073
0 0.797 0.567 0.042 0.067
0 0.310 0.277 0.037 0.060
0 0.584 0.767 0.036 0.058
0 0.646 0.577 0.035 0.057
0 0.731 0.023 0.040 0.063
0 0.489 0.122 0.048 0.077
0 0.790 0.745 0.035 0.057
0 0.754 0.540 0.040 0.063
0 0.953 0.712 0.036 0.058
0 0.127 0.598 0.040 0.063
0 0.672 0.843 0.037 0.060
0 0.017 0.708 0.040 0.063
0 0.289 0.830 0.035 0.057
0 0.880 0.448 0.036 0.058
0 0.668 0.787 0.035 0.057
0 0.660 0.552 0.032 0.052
0 0.361 0.305 0.044 0.070
0 0.233 0.782 0.042 0.067
0 0.922 0.182 0.036 0.058
0 0.463 0.998 0.037 0.060
0 0.179 0.053 0.035 0.057
0 0.588 0.305 0.035 0.057
0 0.592 0.270 0.035 0.057
0 0.785 1.000 0.032 0.052
0 0.550 0.210 0.030 0.048
0 0.816 0.613 0.042 0.067
