0 0.330 0.655 0.048 0.077
0 0.992 0.295 0.048 0.077
0 0.901 0.257 0.045 0.072
0 0.526 0.005 0.048 0.077
0 0.760 0.275 0.048 0.077
0 0.101 0.813 0.048 0.077
0 0.588 0.563 0.035 0.057
0 0.767 0.402 0.040 0.063
0 0.562 0.373 0.040 0.063
0 0.631 0.723 0.037 0.060
0 0.444 0.755 0.040 0.063
0 0.671 0.307 0.048 0.077
0 0.614 0.353 0.041 0.065
0 0.738 0.607 0.040 0.063
0 0.547 0.358 0.044 0.070
0 0.319 0.772 0.035 0.057
0 0.412 0.700 0.036 0.058
0 0.497 0.665 0.040 0.063
0 0.579 0.883 0.034 0.055
0 0.725 0.250 0.041 0.065
0 0.768 0.790 0.035 0.057
0 0.600 0.230 0.044 0.070
0 0.963 0.992 0.041 0.065
0 0.629 0.233 0.035 0.057
0 0.008 0.365 0.036 0.058
