0 0.865 0.082 0.048 0.077
0 0.273 0.627 0.048 0.077
0 0.145 0.000 0.047 0.075
0 0.880 0.140 0.048 0.077
0 0.542 0.817 0.048 0.077
0 0.156 0.043 0.048 0.077
0 0.542 0.070 0.044 0.070
0 0.729 0.688 0.046 0.073
0 0.348 0.505 0.047 0.075
0 0.490 0.873 0.048 0.077
0 0.318 1.000 0.045 0.072
0 0.328 0.025 0.048 0.077
0 0.824 0.498 0.046 0.073
0 0.984 0.038 0.042 0.067
0 0.359 0.157 0.045 0.072
0 0.283 0.507 0.048 0.077
0 0.864 0.375 0.033 0.053
0 0.794 0.510 0.048 0.077
0 0.130 1.000 0.044 0.070
0 0.457 0.013 0.043 0.068
