0 0.103 0.515 0.048 0.077
0 0.026 0.788 0.048 0.077
0 0.859 0.293 0.036 0.058
0 0.765 0.910 0.037 0.060
0 0.059 0.265 0.040 0.063
0 0.033 0.372 0.041 0.065
0 0.698 0.557 0.037 0.060
0 0.665 0.565 0.042 0.067
0 0.065 0.825 0.036 0.058
0 0.805 0.153 0.042 0.067
0 0.619 0.577 0.036 0.058
0 0.079 0.632 0.044 0.070
0 0.121 0.427 0.036 0.058
0 0.650 1.000 0.043 0.068
0 0.023 0.428 0.036 0.058
0 0.098 0.445 0.037 0.060
0 0.641 0.525 0.047 0.075
0 0.067 0.522 0.048 0.077
0 0.165 0.050 0.036 0.058
0 0.829 0.763 0.037 0.060
0 0.592 0.020 0.048 0.077
0 1.000 0.192 0.037 0.060
0 0.539 0.252 0.041 0.065
0 0.412 0.378 0.036 0.058
0 0.407 0.120 0.036 0.058
0 0.856 0.882 0.044 0.070
0 0.210 0.513 0.041 0.065
0 0.511 0.820 0.040 0.063
0 0.081 0.588 0.035 0.057
0 0.729 0.218 0.040 0.063
0 0.000 0.658 0.037 0.060
