0 0.374 0.172 0.036 0.058
0 0.127 0.980 0.042 0.067
0 0.310 0.855 0.040 0.063
0 0.782 0.463 0.040 0.063
0 0.804 0.298 0.042 0.067
0 0.787 0.405 0.041 0.065
0 0.360 0.383 0.040 0.063
0 0.747 0.265 0.040 0.063
0 0.486 0.667 0.035 0.057
0 0.310 0.825 0.043 0.068
0 0.223 0.753 0.037 0.060
0 0.650 0.092 0.032 0.052
0 0.841 0.087 0.042 0.067
0 0.056 0.610 0.041 0.065
0 0.699 0.660 0.037 0.060
0 0.928 0.718 0.036 0.058
0 0.858 0.137 0.040 0.063
0 0.108 0.782 0.041 0.065
0 0.224 0.635 0.037 0.060
0 0.295 0.000 0.044 0.070
0 0.133 0.070 0.037 0.060
0 0.013 0.362 0.042 0.067
0 0.002 0.552 0.035 0.057
0 0.528 0.098 0.033 0.053
0 0.795 0.103 0.035 0.057
0 1.000 0.565 0.045 0.072
0 0.535 0.473 0.035 0.057
0 0.831 0.050 0.035 0.057
