0 0.374 0.940 0.037 0.060
0 0.630 0.940 0.047 0.075
0 0.268 0.092 0.041 0.065
0 0.709 0.960 0.048 0.077
0 0.203 0.037 0.043 0.068
0 0.579 0.028 0.048 0.077
0 0.919 0.840 0.048 0.077
0 0.126 0.802 0.048 0.077
0 0.774 0.573 0.041 0.065
0 0.397 0.083 0.048 0.077
0 0.969 0.965 0.044 0.070
0 0.043 0.242 0.046 0.073
0 0.709 0.207 0.042 0.067
0 0.516 0.253 0.037 0.060
0 0.834 0.945 0.048 0.077
0 0.157 0.170 0.042 0.067
0 0.479 0.172 0.044 0.070
0 0.756 0.548 0.041 0.065
0 0.649 0.630 0.048 0.077
0 0.606 0.538 0.043 0.068
0 0.572 0.300 0.035 0.057
0 0.056 0.020 0.048 0.077
0 0.133 0.580 0.042 0.067
0 0.454 0.370 0.048 0.077
0 0.535 0.432 0.048 0.077
0 0.361 0.425 0.042 0.067
0 0.468 0.097 0.048 0.077
0 0.733 0.347 0.041 0.065
0 0.928 0.000 0.048 0.077
0 0.824 0.582 0.036 0.058
0 0.431 0.045 0.036 0.058
0 0.031 0.130 0.048 0.077
0 0.743 0.698 0.037 0.060
0 0.119 0.768 0.048 0.077
0 0.682 0.348 0.042 0.067
0 0.826 0.243 0.048 0.077
0 0.698 0.902 0.041 0.065
0 0.487 0.392 0.042 0.067
0 0.980 0.053 0.047 0.075
0 0.451 0.730 0.048 0.077
0 0.636 0.415 0.036 0.058
