0 0.926 0.512 0.042 0.067
0 0.523 0.080 0.047 0.075
0 0.510 0.117 0.043 0.068
0 0.671 0.053 0.048 0.077
0 0.662 0.132 0.048 0.077
0 0.147 0.522 0.047 0.075
0 0.339 0.482 0.048 0.077
0 0.408 0.678 0.048 0.077
0 0.632 0.038 0.047 0.075
0 0.189 0.773 0.046 0.073
0 0.321 0.775 0.048 0.077
0 0.573 0.173 0.046 0.073
0 0.399 0.075 0.048 0.077
0 0.685 0.093 0.048 0.077
0 0.770 0.405 0.048 0.077
0 0.692 0.232 0.044 0.070
0 0.297 0.805 0.048 0.077
0 0.766 0.035 0.048 0.077
0 0.986 0.833 0.042 0.067
0 0.710 0.190 0.034 0.055
