0 0.534 0.857 0.040 0.063
0 0.835 0.960 0.048 0.077
0 0.848 0.588 0.044 0.070
0 0.104 0.593 0.044 0.070
0 0.330 0.475 0.040 0.063
0 0.029 0.455 0.042 0.067
0 0.555 0.333 0.048 0.077
0 0.823 0.405 0.042 0.067
0 0.057 0.718 0.047 0.075
0 0.655 0.902 0.037 0.060
0 0.839 0.757 0.042 0.067
0 0.598 0.057 0.042 0.067
0 0.757 0.388 0.042 0.067
0 0.129 0.907 0.048 0.077
0 0.352 0.093 0.044 0.070
0 0.755 0.420 0.040 0.063
0 0.370 0.715 0.043 0.068
0 0.679 0.220 0.041 0.065
0 0.628 0.410 0.048 0.077
0 0.171 0.272 0.042 0.067
0 0.551 0.553 0.041 0.065
0 0.660 0.583 0.041 0.065
0 0.543 0.763 0.041 0.065
0 0.005 0.553 0.044 0.070
0 0.776 0.157 0.036 0.058
0 0.868 0.947 0.037 0.060
0 0.971 0.967 0.037 0.060
0 0.292 0.873 0.042 0.067
0 0.417 0.478 0.044 0.070
0 0.467 0.413 0.042 0.067
0 0.798 0.567 0.041 0.065
0 0.310 0.277 0.036 0.058
0 0.585 0.763 0.037 0.060
0 0.647 0.577 0.037 0.060
0 0.731 0.023 0.042 0.067
0 0.490 0.120 0.044 0.070
0 0.789 0.747 0.035 0.057
0 0.754 0.542 0.037 0.060
0 0.952 0.712 0.035 0.057
0 0.128 0.598 0.036 0.058
0 0.673 0.840 0.035 0.057
0 0.017 0.713 0.046 0.073
0 0.285 0.830 0.034 0.055
0 0.881 0.445 0.034 0.055
0 0.668 0.787 0.040 0.063
0 0.661 0.552 0.030 0.048
0 0.365 0.307 0.042 0.067
0 0.233 0.782 0.032 0.052
0 0.921 0.182 0.033 0.053
0 0.460 0.993 0.044 0.070
0 0.180 0.055 0.035 0.057
0 0.594 0.298 0.048 0.077
0 0.589 0.268 0.036 0.058
0 0.786 1.000 0.034 0.055
0 0.549 0.213 0.032 0.052
0 0.816 0.613 0.041 0.065
