0 0.677 0.328 0.043 0.068
0 0.017 0.133 0.048 0.077
0 0.707 0.617 0.043 0.068
0 0.051 0.687 0.041 0.065
0 0.054 0.167 0.041 0.065
0 0.817 0.807 0.044 0.070
0 0.404 0.617 0.037 0.060
0 0.277 0.458 0.042 0.067
0 0.024 0.248 0.036 0.058
0 0.156 0.528 0.041 0.065
0 0.272 0.408 0.040 0.063
0 0.636 0.680 0.033 0.053
0 0.662 0.367 0.041 0.065
0 0.260 0.565 0.037 0.060
0 0.754 0.287 0.036 0.058
0 0.697 0.507 0.040 0.063
0 0.889 1.000 0.036 0.058
0 0.650 0.312 0.032 0.052
0 0.418 0.697 0.041 0.065
0 0.521 1.000 0.035 0.057
0 0.416 0.652 0.034 0.055
0 0.491 1.000 0.032 0.052
0 0.307 0.438 0.031 0.050
0 0.728 0.992 0.032 0.052
