0 0.250 0.670 0.048 0.077
0 0.795 0.087 0.048 0.077
0 0.688 0.417 0.048 0.077
0 0.169 0.817 0.048 0.077
0 0.551 0.410 0.048 0.077
0 0.708 0.377 0.048 0.077
0 0.321 0.193 0.048 0.077
0 0.106 0.643 0.043 0.068
0 0.405 0.743 0.041 0.065
0 0.399 0.798 0.048 0.077
0 1.000 0.123 0.044 0.070
0 0.919 0.162 0.048 0.077
0 0.147 0.210 0.036 0.058
0 0.854 0.250 0.042 0.067
0 0.896 0.070 0.040 0.063
0 0.157 0.840 0.048 0.077
0 0.520 0.015 0.048 0.077
0 0.950 0.327 0.048 0.077
0 0.222 0.640 0.048 0.077
0 0.381 0.817 0.048 0.077
0 0.295 0.368 0.048 0.077
0 0.884 0.118 0.048 0.077
0 0.915 0.785 0.048 0.077
0 0.117 0.738 0.048 0.077
0 0.672 0.087 0.048 0.077
0 0.189 0.860 0.048 0.077
0 0.945 1.000 0.046 0.073
0 0.008 0.782 0.048 0.077
0 0.060 0.710 0.047 0.075
0 0.511 0.065 0.048 0.077
0 0.446 0.610 0.042 0.067
0 0.672 0.123 0.048 0.077
0 0.384 0.872 0.048 0.077
0 0.410 0.967 0.042 0.067
0 0.972 0.312 0.046 0.073
0 0.102 0.733 0.046 0.073
0 0.869 0.065 0.048 0.077
0 0.015 0.082 0.047 0.075
0 0.401 0.035 0.045 0.072
0 0.174 0.753 0.048 0.077
0 0.833 0.535 0.041 0.065
0 0.216 0.787 0.048 0.077
0 0.880 0.582 0.047 0.075
