0 0.328 0.658 0.048 0.077
0 0.992 0.295 0.048 0.077
0 0.901 0.262 0.042 0.067
0 0.526 0.008 0.046 0.073
0 0.766 0.273 0.043 0.068
0 0.104 0.813 0.048 0.077
0 0.593 0.562 0.035 0.057
0 0.770 0.405 0.043 0.068
0 0.561 0.373 0.044 0.070
0 0.628 0.725 0.040 0.063
0 0.448 0.758 0.034 0.055
0 0.675 0.312 0.046 0.073
0 0.611 0.352 0.040 0.063
0 0.735 0.598 0.046 0.073
0 0.552 0.358 0.037 0.060
0 0.314 0.767 0.035 0.057
0 0.410 0.702 0.042 0.067
0 0.497 0.663 0.043 0.068
0 0.580 0.883 0.037 0.060
0 0.726 0.252 0.042 0.067
0 0.767 0.792 0.040 0.063
0 0.600 0.228 0.048 0.077
0 0.957 1.000 0.032 0.052
0 0.631 0.227 0.034 0.055
0 0.009 0.363 0.035 0.057
