0 0.276 0.473 0.042 0.067
0 0.207 0.493 0.048 0.077
0 0.214 0.613 0.048 0.077
0 0.223 0.655 0.044 0.070
0 0.224 0.737 0.044 0.070
0 0.329 0.843 0.048 0.077
0 0.374 0.815 0.042 0.067
0 0.095 0.332 0.042 0.067
0 0.648 0.753 0.048 0.077
0 0.399 0.245 0.047 0.075
0 0.031 0.757 0.045 0.072
0 0.577 0.252 0.035 0.057
0 0.224 0.167 0.041 0.065
0 0.185 0.500 0.044 0.070
0 0.172 0.757 0.033 0.053
0 0.798 0.362 0.044 0.070
0 0.104 0.365 0.048 0.077
0 0.884 0.735 0.041 0.065
0 0.398 0.488 0.048 0.077
0 0.377 0.780 0.036 0.058
0 0.870 0.990 0.048 0.077
