0 0.933 0.513 0.041 0.065
0 0.523 0.083 0.048 0.077
0 0.510 0.115 0.047 0.075
0 0.678 0.062 0.044 0.070
0 0.659 0.137 0.040 0.063
0 0.142 0.525 0.048 0.077
0 0.335 0.488 0.047 0.075
0 0.411 0.685 0.048 0.077
0 0.641 0.030 0.036 0.058
0 0.185 0.777 0.047 0.075
0 0.320 0.790 0.048 0.077
0 0.578 0.173 0.048 0.077
0 0.399 0.075 0.042 0.067
0 0.689 0.085 0.048 0.077
0 0.772 0.402 0.048 0.077
0 0.689 0.233 0.048 0.077
0 0.295 0.800 0.047 0.075
0 0.772 0.038 0.047 0.075
0 0.984 0.835 0.048 0.077
0 0.711 0.190 0.037 0.060
