0 0.330 0.652 0.048 0.077
0 0.993 0.295 0.046 0.073
0 0.898 0.253 0.044 0.070
0 0.532 0.007 0.047 0.075
0 0.755 0.293 0.044 0.070
0 0.092 0.822 0.048 0.077
0 0.575 0.572 0.036 0.058
0 0.760 0.408 0.040 0.063
0 0.568 0.350 0.044 0.070
0 0.640 0.730 0.045 0.072
0 0.449 0.755 0.037 0.060
0 0.662 0.308 0.048 0.077
0 0.621 0.350 0.042 0.067
0 0.736 0.607 0.047 0.075
0 0.532 0.360 0.042 0.067
0 0.328 0.773 0.032 0.052
0 0.405 0.697 0.040 0.063
0 0.497 0.662 0.042 0.067
0 0.579 0.885 0.035 0.057
0 0.726 0.250 0.040 0.063
0 0.766 0.790 0.035 0.057
0 0.591 0.235 0.047 0.075
0 0.955 0.982 0.047 0.075
0 0.626 0.255 0.032 0.052
0 0.011 0.358 0.048 0.077
