0 0.544 0.858 0.042 0.067
0 0.829 0.952 0.048 0.077
0 0.853 0.590 0.046 0.073
0 0.105 0.608 0.044 0.070
0 0.326 0.477 0.040 0.063
0 0.028 0.448 0.040 0.063
0 0.551 0.348 0.036 0.058
0 0.824 0.407 0.042 0.067
0 0.061 0.732 0.041 0.065
0 0.653 0.908 0.036 0.058
0 0.832 0.750 0.041 0.065
0 0.593 0.053 0.041 0.065
0 0.761 0.390 0.037 0.060
0 0.128 0.913 0.048 0.077
0 0.356 0.088 0.048 0.077
0 0.759 0.425 0.036 0.058
0 0.370 0.707 0.045 0.072
0 0.684 0.220 0.040 0.063
0 0.629 0.417 0.042 0.067
0 0.172 0.280 0.044 0.070
0 0.553 0.560 0.037 0.060
0 0.666 0.578 0.042 0.067
0 0.549 0.770 0.042 0.067
0 0.009 0.557 0.045 0.072
0 0.769 0.150 0.037 0.060
0 0.868 0.957 0.033 0.053
0 0.976 0.970 0.036 0.058
0 0.293 0.867 0.042 0.067
0 0.422 0.458 0.048 0.077
0 0.471 0.417 0.044 0.070
0 0.803 0.570 0.042 0.067
0 0.317 0.275 0.040 0.063
0 0.590 0.757 0.035 0.057
0 0.647 0.578 0.034 0.055
0 0.727 0.033 0.042 0.067
0 0.485 0.125 0.048 0.077
0 0.786 0.753 0.034 0.055
0 0.744 0.547 0.037 0.060
0 0.952 0.700 0.040 0.063
0 0.125 0.590 0.040 0.063
0 0.678 0.832 0.037 0.060
0 0.013 0.712 0.036 0.058
0 0.273 0.823 0.036 0.058
0 0.881 0.440 0.037 0.060
0 0.672 0.787 0.040 0.063
0 0.666 0.548 0.037 0.060
0 0.365 0.320 0.042 0.067
0 0.234 0.788 0.032 0.052
0 0.927 0.180 0.037 0.060
0 0.454 1.000 0.030 0.048
0 0.183 0.048 0.035 0.057
0 0.591 0.303 0.044 0.070
0 0.585 0.262 0.041 0.065
0 0.787 0.998 0.035 0.057
0 0.546 0.218 0.035 0.057
0 0.808 0.607 0.041 0.065
