0 0.095 0.525 0.048 0.077
0 0.026 0.795 0.048 0.077
0 0.872 0.282 0.035 0.057
0 0.773 0.927 0.037 0.060
0 0.068 0.260 0.044 0.070
0 0.023 0.372 0.043 0.068
0 0.701 0.555 0.042 0.067
0 0.662 0.570 0.042 0.067
0 0.080 0.837 0.036 0.058
0 0.806 0.160 0.044 0.070
0 0.608 0.575 0.036 0.058
0 0.075 0.643 0.036 0.058
0 0.122 0.445 0.035 0.057
0 0.647 1.000 0.033 0.053
0 0.030 0.425 0.042 0.067
0 0.090 0.443 0.042 0.067
0 0.635 0.528 0.048 0.077
0 0.056 0.535 0.048 0.077
0 0.167 0.038 0.037 0.060
0 0.829 0.762 0.040 0.063
0 0.590 0.010 0.042 0.067
0 0.999 0.210 0.040 0.063
0 0.544 0.258 0.041 0.065
0 0.398 0.395 0.035 0.057
0 0.415 0.143 0.037 0.060
0 0.860 0.893 0.044 0.070
0 0.207 0.510 0.042 0.067
0 0.509 0.805 0.041 0.065
0 0.087 0.593 0.048 0.077
0 0.728 0.240 0.037 0.060
0 0.000 0.630 0.048 0.077
