0 0.926 0.512 0.042 0.067
0 0.521 0.085 0.048 0.077
0 0.510 0.112 0.048 0.077
0 0.669 0.060 0.048 0.077
0 0.656 0.128 0.048 0.077
0 0.147 0.522 0.048 0.077
0 0.341 0.483 0.048 0.077
0 0.408 0.675 0.048 0.077
0 0.633 0.047 0.037 0.060
0 0.188 0.773 0.048 0.077
0 0.320 0.775 0.047 0.075
0 0.573 0.172 0.048 0.077
0 0.399 0.073 0.042 0.067
0 0.689 0.093 0.048 0.077
0 0.769 0.407 0.048 0.077
0 0.690 0.233 0.041 0.065
0 0.298 0.805 0.048 0.077
0 0.760 0.038 0.048 0.077
0 0.986 0.833 0.042 0.067
0 0.710 0.185 0.048 0.077
