0 0.537 0.418 0.041 0.065
0 0.209 0.488 0.043 0.068
0 0.649 0.440 0.042 0.067
0 0.396 0.570 0.042 0.067
0 0.668 0.527 0.042 0.067
0 0.291 0.178 0.047 0.075
0 0.585 0.998 0.042 0.067
0 0.672 0.212 0.042 0.067
0 0.707 0.757 0.048 0.077
0 0.221 0.430 0.043 0.068
0 0.343 0.480 0.042 0.067
0 0.793 0.668 0.046 0.073
0 0.963 0.878 0.041 0.065
0 0.345 1.000 0.043 0.068
0 0.190 0.373 0.045 0.072
0 0.819 0.497 0.035 0.057
0 0.898 0.798 0.042 0.067
0 0.732 0.132 0.044 0.070
0 0.644 0.765 0.048 0.077
0 0.168 0.577 0.042 0.067
0 0.023 0.733 0.041 0.065
0 0.283 0.392 0.046 0.073
0 0.044 0.025 0.042 0.067
0 0.276 0.982 0.042 0.067
