0 0.467 0.793 0.041 0.065
0 0.094 0.245 0.048 0.077
0 0.062 0.748 0.048 0.077
0 0.209 0.015 0.044 0.070
0 0.306 0.940 0.045 0.072
0 0.720 0.155 0.046 0.073
0 0.184 0.892 0.044 0.070
0 0.373 0.812 0.042 0.067
0 0.383 0.687 0.042 0.067
0 0.293 0.395 0.040 0.063
0 0.620 0.883 0.044 0.070
0 0.817 0.057 0.048 0.077
0 0.618 0.677 0.048 0.077
0 0.078 0.947 0.046 0.073
0 0.869 0.522 0.046 0.073
0 0.793 0.493 0.042 0.067
0 0.271 0.652 0.048 0.077
0 0.075 0.337 0.048 0.077
0 0.800 0.633 0.045 0.072
0 0.360 0.272 0.040 0.063
0 0.546 0.467 0.043 0.068
0 0.428 0.330 0.044 0.070
0 0.589 0.842 0.047 0.075
0 0.030 0.427 0.040 0.063
0 0.541 0.315 0.048 0.077
0 0.286 0.835 0.046 0.073
0 0.543 0.168 0.042 0.067
0 0.667 0.443 0.047 0.075
0 0.973 0.453 0.048 0.077
0 0.953 0.175 0.044 0.070
0 0.702 0.327 0.044 0.070
0 0.460 0.512 0.043 0.068
0 0.951 0.065 0.045 0.072
0 0.648 0.317 0.048 0.077
0 0.374 0.390 0.048 0.077
0 0.494 0.460 0.048 0.077
0 0.808 0.982 0.045 0.072
0 0.571 0.363 0.036 0.058
0 0.382 0.988 0.048 0.077
0 0.769 0.943 0.048 0.077
0 0.626 0.185 0.044 0.070
0 0.874 0.915 0.036 0.058
0 0.561 0.248 0.041 0.065
0 0.146 0.013 0.042 0.067
0 0.000 0.038 0.034 0.055
0 0.959 0.027 0.036 0.058
0 0.503 0.313 0.048 0.077
