0 0.555 0.878 0.041 0.065
0 0.827 0.937 0.035 0.057
0 0.853 0.597 0.048 0.077
0 0.092 0.620 0.037 0.060
0 0.318 0.493 0.042 0.067
0 0.031 0.435 0.037 0.060
0 0.551 0.337 0.041 0.065
0 0.825 0.408 0.043 0.068
0 0.055 0.740 0.040 0.063
0 0.656 0.920 0.035 0.057
0 0.827 0.732 0.035 0.057
0 0.588 0.065 0.040 0.063
0 0.768 0.390 0.043 0.068
0 0.128 0.912 0.048 0.077
0 0.359 0.100 0.042 0.067
0 0.769 0.450 0.035 0.057
0 0.380 0.695 0.032 0.052
0 0.683 0.215 0.037 0.060
0 0.630 0.418 0.046 0.073
0 0.165 0.282 0.042 0.067
0 0.551 0.580 0.036 0.058
0 0.666 0.577 0.037 0.060
0 0.552 0.793 0.041 0.065
0 0.013 0.562 0.037 0.060
0 0.762 0.155 0.035 0.057
0 0.861 0.963 0.036 0.058
0 0.974 0.975 0.040 0.063
0 0.289 0.865 0.041 0.065
0 0.410 0.448 0.042 0.067
0 0.467 0.412 0.048 0.077
0 0.814 0.573 0.037 0.060
0 0.316 0.260 0.037 0.060
0 0.605 0.763 0.035 0.057
0 0.647 0.577 0.041 0.065
0 0.721 0.038 0.037 0.060
0 0.470 0.138 0.044 0.070
0 0.779 0.763 0.035 0.057
0 0.731 0.530 0.041 0.065
0 0.953 0.683 0.036 0.058
0 0.126 0.580 0.037 0.060
0 0.686 0.823 0.042 0.067
0 0.000 0.708 0.048 0.077
0 0.269 0.800 0.040 0.063
0 0.884 0.443 0.040 0.063
0 0.675 0.793 0.037 0.060
0 0.670 0.545 0.036 0.058
0 0.352 0.333 0.041 0.065
0 0.226 0.805 0.033 0.053
0 0.931 0.170 0.035 0.057
0 0.439 1.000 0.030 0.048
0 0.185 0.037 0.037 0.060
0 0.586 0.322 0.042 0.067
0 0.589 0.263 0.040 0.063
0 0.791 0.997 0.044 0.070
0 0.541 0.235 0.035 0.057
0 0.795 0.612 0.036 0.058
