0 0.530 0.407 0.037 0.060
0 0.209 0.490 0.048 0.077
0 0.654 0.447 0.044 0.070
0 0.391 0.572 0.044 0.070
0 0.671 0.525 0.043 0.068
0 0.289 0.188 0.047 0.075
0 0.575 1.000 0.035 0.057
0 0.676 0.213 0.045 0.072
0 0.721 0.765 0.048 0.077
0 0.216 0.420 0.044 0.070
0 0.336 0.512 0.035 0.057
0 0.816 0.660 0.042 0.067
0 0.952 0.845 0.034 0.055
0 0.346 0.995 0.044 0.070
0 0.194 0.360 0.045 0.072
0 0.804 0.473 0.040 0.063
0 0.905 0.780 0.041 0.065
0 0.740 0.098 0.041 0.065
0 0.645 0.758 0.048 0.077
0 0.167 0.578 0.044 0.070
0 0.023 0.765 0.036 0.058
0 0.268 0.413 0.045 0.072
0 0.042 0.017 0.040 0.063
0 0.267 1.000 0.032 0.052
