0 0.867 0.087 0.046 0.073
0 0.276 0.628 0.046 0.073
0 0.154 0.018 0.048 0.077
0 0.890 0.142 0.042 0.067
0 0.531 0.822 0.046 0.073
0 0.177 0.037 0.048 0.077
0 0.533 0.085 0.048 0.077
0 0.718 0.690 0.042 0.067
0 0.340 0.502 0.048 0.077
0 0.486 0.883 0.044 0.070
0 0.322 0.988 0.048 0.077
0 0.344 0.030 0.048 0.077
0 0.833 0.487 0.048 0.077
0 1.000 0.022 0.048 0.077
0 0.349 0.155 0.048 0.077
0 0.273 0.480 0.048 0.077
0 0.861 0.375 0.042 0.067
0 0.790 0.500 0.048 0.077
0 0.143 0.998 0.037 0.060
0 0.445 0.010 0.048 0.077
