0 0.290 0.985 0.037 0.060
0 0.773 0.745 0.048 0.077
0 0.322 0.462 0.048 0.077
0 0.294 0.492 0.044 0.070
0 0.740 0.043 0.042 0.067
0 0.887 0.998 0.046 0.073
0 0.674 0.297 0.048 0.077
0 0.492 0.825 0.035 0.057
0 0.414 0.593 0.041 0.065
0 0.520 0.770 0.048 0.077
0 0.369 0.157 0.048 0.077
0 0.823 0.812 0.048 0.077
0 0.318 0.905 0.037 0.060
0 0.759 0.750 0.048 0.077
0 0.608 0.193 0.042 0.067
0 0.643 0.742 0.044 0.070
0 0.384 0.882 0.035 0.057
0 0.419 0.907 0.048 0.077
0 0.556 0.175 0.048 0.077
0 0.674 0.862 0.044 0.070
0 0.366 0.322 0.048 0.077
0 0.411 0.805 0.042 0.067
0 0.899 0.390 0.048 0.077
0 0.491 0.628 0.048 0.077
0 0.684 0.975 0.048 0.077
0 0.742 0.862 0.037 0.060
0 0.572 0.242 0.045 0.072
0 0.701 0.810 0.044 0.070
0 0.069 0.938 0.041 0.065
0 0.878 0.962 0.044 0.070
0 0.724 0.298 0.048 0.077
0 0.893 0.255 0.036 0.058
0 0.239 0.700 0.040 0.063
0 0.912 0.968 0.047 0.075
0 0.957 0.980 0.042 0.067
0 0.886 0.380 0.035 0.057
