0 0.467 0.795 0.042 0.067
0 0.099 0.232 0.048 0.077
0 0.066 0.752 0.042 0.067
0 0.211 0.013 0.048 0.077
0 0.305 0.942 0.044 0.070
0 0.721 0.155 0.046 0.073
0 0.183 0.893 0.045 0.072
0 0.373 0.812 0.041 0.065
0 0.381 0.685 0.046 0.073
0 0.292 0.395 0.041 0.065
0 0.618 0.880 0.045 0.072
0 0.816 0.055 0.047 0.075
0 0.622 0.678 0.047 0.075
0 0.090 0.945 0.044 0.070
0 0.868 0.518 0.045 0.072
0 0.797 0.492 0.048 0.077
0 0.272 0.657 0.044 0.070
0 0.079 0.335 0.042 0.067
0 0.801 0.632 0.044 0.070
0 0.366 0.273 0.044 0.070
0 0.548 0.468 0.045 0.072
0 0.428 0.332 0.045 0.072
0 0.588 0.847 0.048 0.077
0 0.030 0.428 0.036 0.058
0 0.534 0.310 0.048 0.077
0 0.290 0.837 0.048 0.077
0 0.541 0.165 0.046 0.073
0 0.668 0.442 0.048 0.077
0 0.976 0.458 0.048 0.077
0 0.952 0.172 0.048 0.077
0 0.700 0.325 0.045 0.072
0 0.464 0.518 0.048 0.077
0 0.953 0.067 0.048 0.077
0 0.648 0.313 0.046 0.073
0 0.374 0.388 0.047 0.075
0 0.491 0.465 0.048 0.077
0 0.810 0.978 0.048 0.077
0 0.574 0.355 0.044 0.070
0 0.384 0.987 0.048 0.077
0 0.758 0.922 0.036 0.058
0 0.625 0.183 0.044 0.070
0 0.876 0.917 0.036 0.058
0 0.564 0.245 0.042 0.067
0 0.139 0.000 0.044 0.070
0 0.000 0.037 0.037 0.060
0 0.955 0.028 0.048 0.077
0 0.492 0.323 0.032 0.052
