0 0.378 0.162 0.035 0.057
0 0.126 0.972 0.042 0.067
0 0.320 0.842 0.041 0.065
0 0.783 0.467 0.040 0.063
0 0.806 0.287 0.041 0.065
0 0.781 0.402 0.042 0.067
0 0.357 0.380 0.041 0.065
0 0.747 0.273 0.041 0.065
0 0.494 0.657 0.040 0.063
0 0.310 0.827 0.042 0.067
0 0.212 0.752 0.040 0.063
0 0.652 0.103 0.035 0.057
0 0.839 0.095 0.040 0.063
0 0.057 0.618 0.041 0.065
0 0.693 0.653 0.041 0.065
0 0.928 0.727 0.037 0.060
0 0.865 0.143 0.041 0.065
0 0.115 0.775 0.042 0.067
0 0.229 0.640 0.037 0.060
0 0.289 0.000 0.042 0.067
0 0.148 0.062 0.035 0.057
0 0.010 0.363 0.042 0.067
0 0.000 0.552 0.040 0.063
0 0.528 0.102 0.044 0.070
0 0.804 0.098 0.033 0.053
0 0.992 0.568 0.040 0.063
0 0.537 0.465 0.035 0.057
0 0.825 0.057 0.032 0.052
