0 0.100 0.522 0.046 0.073
0 0.025 0.792 0.048 0.077
0 0.871 0.282 0.037 0.060
0 0.770 0.920 0.033 0.053
0 0.065 0.262 0.042 0.067
0 0.025 0.373 0.042 0.067
0 0.701 0.558 0.042 0.067
0 0.666 0.572 0.044 0.070
0 0.075 0.833 0.036 0.058
0 0.804 0.158 0.042 0.067
0 0.609 0.575 0.037 0.060
0 0.076 0.642 0.036 0.058
0 0.122 0.442 0.037 0.060
0 0.647 1.000 0.035 0.057
0 0.032 0.427 0.048 0.077
0 0.092 0.442 0.037 0.060
0 0.636 0.527 0.048 0.077
0 0.058 0.530 0.048 0.077
0 0.167 0.042 0.037 0.060
0 0.829 0.762 0.041 0.065
0 0.589 0.010 0.045 0.072
0 1.000 0.207 0.036 0.058
0 0.542 0.257 0.041 0.065
0 0.400 0.398 0.046 0.073
0 0.416 0.137 0.041 0.065
0 0.859 0.892 0.045 0.072
0 0.207 0.507 0.042 0.067
0 0.510 0.808 0.041 0.065
0 0.079 0.588 0.048 0.077
0 0.728 0.232 0.036 0.058
0 0.000 0.633 0.044 0.070
