0 0.295 1.000 0.043 0.068
0 0.777 0.743 0.048 0.077
0 0.320 0.455 0.048 0.077
0 0.292 0.490 0.048 0.077
0 0.736 0.055 0.048 0.077
0 0.889 1.000 0.048 0.077
0 0.670 0.290 0.043 0.068
0 0.494 0.832 0.037 0.060
0 0.417 0.597 0.035 0.057
0 0.519 0.765 0.045 0.072
0 0.370 0.155 0.048 0.077
0 0.822 0.805 0.048 0.077
0 0.320 0.910 0.041 0.065
0 0.754 0.747 0.043 0.068
0 0.610 0.185 0.048 0.077
0 0.637 0.738 0.044 0.070
0 0.389 0.875 0.048 0.077
0 0.417 0.903 0.048 0.077
0 0.548 0.167 0.048 0.077
0 0.674 0.870 0.035 0.057
0 0.370 0.322 0.035 0.057
0 0.398 0.815 0.037 0.060
0 0.903 0.400 0.042 0.067
0 0.494 0.625 0.040 0.063
0 0.683 0.970 0.042 0.067
0 0.747 0.852 0.037 0.060
0 0.571 0.243 0.041 0.065
0 0.698 0.815 0.045 0.072
0 0.068 0.923 0.041 0.065
0 0.877 0.955 0.048 0.077
0 0.721 0.302 0.048 0.077
0 0.894 0.247 0.037 0.060
0 0.235 0.693 0.048 0.077
0 0.917 0.965 0.048 0.077
0 0.953 0.982 0.045 0.072
0 0.890 0.377 0.046 0.073
