0 0.468 0.807 0.042 0.067
0 0.098 0.232 0.048 0.077
0 0.064 0.753 0.048 0.077
0 0.215 0.000 0.045 0.072
0 0.309 0.943 0.044 0.070
0 0.725 0.153 0.048 0.077
0 0.191 0.895 0.048 0.077
0 0.373 0.815 0.040 0.063
0 0.376 0.668 0.042 0.067
0 0.298 0.377 0.042 0.067
0 0.622 0.878 0.048 0.077
0 0.811 0.050 0.048 0.077
0 0.618 0.678 0.048 0.077
0 0.083 0.947 0.047 0.075
0 0.875 0.517 0.046 0.073
0 0.800 0.493 0.043 0.068
0 0.272 0.643 0.044 0.070
0 0.074 0.333 0.048 0.077
0 0.806 0.618 0.044 0.070
0 0.377 0.278 0.041 0.065
0 0.548 0.468 0.044 0.070
0 0.423 0.332 0.044 0.070
0 0.580 0.855 0.048 0.077
0 0.036 0.445 0.036 0.058
0 0.537 0.313 0.048 0.077
0 0.292 0.840 0.048 0.077
0 0.537 0.170 0.044 0.070
0 0.664 0.445 0.048 0.077
0 0.971 0.463 0.046 0.073
0 0.954 0.178 0.045 0.072
0 0.697 0.325 0.044 0.070
0 0.467 0.513 0.042 0.067
0 0.961 0.068 0.048 0.077
0 0.646 0.308 0.045 0.072
0 0.376 0.372 0.042 0.067
0 0.494 0.462 0.042 0.067
0 0.810 0.978 0.044 0.070
0 0.566 0.362 0.042 0.067
0 0.390 0.987 0.047 0.075
0 0.770 0.942 0.046 0.073
0 0.622 0.188 0.045 0.072
0 0.891 0.917 0.036 0.058
0 0.572 0.240 0.042 0.067
0 0.145 0.000 0.044 0.070
0 0.005 0.038 0.048 0.077
0 0.958 0.047 0.040 0.063
0 0.493 0.322 0.030 0.048
