0 0.722 0.818 0.040 0.063
0 0.766 0.512 0.048 0.077
0 0.930 0.207 0.048 0.077
0 0.355 0.522 0.048 0.077
0 0.190 0.730 0.048 0.077
0 0.735 0.068 0.048 0.077
0 0.281 0.517 0.041 0.065
0 0.340 0.225 0.034 0.055
0 0.000 0.745 0.046 0.073
0 0.369 0.337 0.044 0.070
0 0.268 0.108 0.036 0.058
0 0.688 0.212 0.044 0.070
0 0.533 0.692 0.042 0.067
0 0.278 0.640 0.043 0.068
0 0.879 0.838 0.044 0.070
0 0.272 0.712 0.048 0.077
0 0.751 0.952 0.042 0.067
0 0.923 0.592 0.042 0.067
0 0.544 0.875 0.040 0.063
0 0.458 0.562 0.041 0.065
0 0.856 0.665 0.040 0.063
0 0.139 0.803 0.042 0.067
0 0.698 0.677 0.044 0.070
0 0.629 0.320 0.036 0.058
0 0.957 0.422 0.036 0.058
0 0.119 0.235 0.041 0.065
0 0.578 0.023 0.043 0.068
0 0.451 0.610 0.042 0.067
0 0.607 0.303 0.042 0.067
0 0.648 0.727 0.033 0.053
0 0.796 0.265 0.042 0.067
0 0.382 0.305 0.035 0.057
0 0.260 0.688 0.048 0.077
0 0.606 0.652 0.044 0.070
0 0.832 0.452 0.044 0.070
0 0.907 0.778 0.041 0.065
0 0.584 0.610 0.042 0.067
0 0.677 0.322 0.040 0.063
0 0.000 0.087 0.046 0.073
0 0.827 0.000 0.040 0.063
0 0.676 0.000 0.044 0.070
