0 0.470 0.808 0.042 0.067
0 0.098 0.227 0.048 0.077
0 0.062 0.752 0.046 0.073
0 0.216 0.005 0.046 0.073
0 0.311 0.942 0.044 0.070
0 0.728 0.152 0.048 0.077
0 0.190 0.895 0.043 0.068
0 0.373 0.818 0.040 0.063
0 0.380 0.660 0.048 0.077
0 0.303 0.380 0.048 0.077
0 0.623 0.877 0.045 0.072
0 0.808 0.047 0.048 0.077
0 0.615 0.685 0.048 0.077
0 0.082 0.948 0.046 0.073
0 0.878 0.517 0.045 0.072
0 0.803 0.500 0.046 0.073
0 0.272 0.643 0.048 0.077
0 0.078 0.335 0.048 0.077
0 0.807 0.612 0.044 0.070
0 0.384 0.285 0.048 0.077
0 0.549 0.468 0.044 0.070
0 0.424 0.332 0.042 0.067
0 0.576 0.858 0.045 0.072
0 0.041 0.457 0.042 0.067
0 0.536 0.307 0.048 0.077
0 0.292 0.840 0.048 0.077
0 0.535 0.172 0.048 0.077
0 0.664 0.447 0.048 0.077
0 0.970 0.460 0.044 0.070
0 0.956 0.178 0.048 0.077
0 0.694 0.325 0.046 0.073
0 0.469 0.510 0.042 0.067
0 0.965 0.078 0.042 0.067
0 0.643 0.308 0.045 0.072
0 0.379 0.368 0.042 0.067
0 0.492 0.462 0.048 0.077
0 0.809 0.977 0.044 0.070
0 0.562 0.360 0.044 0.070
0 0.385 0.982 0.046 0.073
0 0.769 0.937 0.046 0.073
0 0.620 0.190 0.048 0.077
0 0.895 0.923 0.037 0.060
0 0.571 0.243 0.046 0.073
0 0.140 0.010 0.048 0.077
0 0.009 0.042 0.044 0.070
0 0.959 0.060 0.037 0.060
0 0.490 0.322 0.037 0.060
