0 0.722 0.820 0.040 0.063
0 0.766 0.513 0.048 0.077
0 0.930 0.207 0.047 0.075
0 0.351 0.523 0.045 0.072
0 0.190 0.730 0.044 0.070
0 0.735 0.070 0.048 0.077
0 0.281 0.518 0.037 0.060
0 0.343 0.227 0.037 0.060
0 0.000 0.737 0.045 0.072
0 0.372 0.338 0.048 0.077
0 0.267 0.108 0.040 0.063
0 0.691 0.212 0.045 0.072
0 0.535 0.690 0.046 0.073
0 0.275 0.643 0.044 0.070
0 0.879 0.835 0.047 0.075
0 0.275 0.715 0.042 0.067
0 0.745 0.967 0.048 0.077
0 0.924 0.592 0.041 0.065
0 0.546 0.873 0.036 0.058
0 0.459 0.555 0.048 0.077
0 0.854 0.663 0.042 0.067
0 0.138 0.800 0.040 0.063
0 0.700 0.673 0.044 0.070
0 0.629 0.322 0.036 0.058
0 0.955 0.423 0.035 0.057
0 0.117 0.230 0.035 0.057
0 0.579 0.027 0.043 0.068
0 0.453 0.612 0.036 0.058
0 0.607 0.303 0.042 0.067
0 0.648 0.732 0.035 0.057
0 0.796 0.267 0.042 0.067
0 0.384 0.310 0.042 0.067
0 0.253 0.687 0.048 0.077
0 0.607 0.657 0.042 0.067
0 0.830 0.448 0.042 0.067
0 0.905 0.778 0.041 0.065
0 0.583 0.612 0.040 0.063
0 0.676 0.318 0.041 0.065
0 0.006 0.095 0.042 0.067
0 0.827 0.000 0.040 0.063
0 0.677 0.000 0.046 0.073
