0 0.328 0.657 0.048 0.077
0 0.993 0.293 0.048 0.077
0 0.901 0.257 0.044 0.070
0 0.527 0.005 0.048 0.077
0 0.759 0.282 0.048 0.077
0 0.102 0.808 0.048 0.077
0 0.586 0.560 0.035 0.057
0 0.767 0.402 0.035 0.057
0 0.559 0.367 0.047 0.075
0 0.631 0.723 0.037 0.060
0 0.448 0.752 0.048 0.077
0 0.671 0.312 0.048 0.077
0 0.615 0.355 0.041 0.065
0 0.735 0.608 0.042 0.067
0 0.544 0.358 0.042 0.067
0 0.315 0.772 0.042 0.067
0 0.410 0.700 0.041 0.065
0 0.495 0.662 0.045 0.072
0 0.580 0.883 0.035 0.057
0 0.724 0.248 0.036 0.058
0 0.769 0.787 0.035 0.057
0 0.596 0.232 0.048 0.077
0 0.961 0.990 0.042 0.067
0 0.628 0.235 0.035 0.057
0 0.006 0.358 0.048 0.077
