0 0.554 0.880 0.041 0.065
0 0.828 0.948 0.048 0.077
0 0.856 0.595 0.042 0.067
0 0.091 0.620 0.042 0.067
0 0.318 0.492 0.040 0.063
0 0.029 0.435 0.040 0.063
0 0.554 0.335 0.047 0.075
0 0.825 0.408 0.043 0.068
0 0.054 0.740 0.042 0.067
0 0.656 0.918 0.036 0.058
0 0.827 0.732 0.035 0.057
0 0.589 0.063 0.042 0.067
0 0.768 0.388 0.044 0.070
0 0.127 0.913 0.045 0.072
0 0.360 0.102 0.047 0.075
0 0.769 0.452 0.036 0.058
0 0.375 0.700 0.042 0.067
0 0.682 0.213 0.037 0.060
0 0.631 0.417 0.044 0.070
0 0.166 0.283 0.041 0.065
0 0.550 0.583 0.035 0.057
0 0.667 0.578 0.037 0.060
0 0.552 0.787 0.040 0.063
0 0.015 0.562 0.040 0.063
0 0.762 0.157 0.037 0.060
0 0.857 0.960 0.044 0.070
0 0.973 0.973 0.035 0.057
0 0.290 0.863 0.042 0.067
0 0.414 0.448 0.042 0.067
0 0.472 0.405 0.041 0.065
0 0.812 0.575 0.041 0.065
0 0.315 0.258 0.042 0.067
0 0.606 0.765 0.037 0.060
0 0.646 0.577 0.035 0.057
0 0.720 0.040 0.041 0.065
0 0.471 0.138 0.042 0.067
0 0.779 0.762 0.036 0.058
0 0.731 0.532 0.035 0.057
0 0.952 0.687 0.037 0.060
0 0.126 0.580 0.040 0.063
0 0.685 0.825 0.040 0.063
0 0.000 0.705 0.040 0.063
0 0.270 0.798 0.036 0.058
0 0.884 0.443 0.037 0.060
0 0.675 0.792 0.036 0.058
0 0.670 0.543 0.037 0.060
0 0.356 0.330 0.036 0.058
0 0.225 0.808 0.035 0.057
0 0.928 0.172 0.037 0.060
0 0.440 0.997 0.032 0.052
0 0.185 0.038 0.040 0.063
0 0.585 0.320 0.044 0.070
0 0.588 0.263 0.037 0.060
0 0.787 0.998 0.043 0.068
0 0.543 0.235 0.035 0.057
0 0.795 0.610 0.036 0.058
