0 0.668 0.322 0.040 0.063
0 0.024 0.130 0.048 0.077
0 0.707 0.615 0.042 0.067
0 0.025 0.688 0.047 0.075
0 0.054 0.190 0.044 0.070
0 0.804 0.787 0.037 0.060
0 0.403 0.618 0.036 0.058
0 0.283 0.452 0.046 0.073
0 0.025 0.247 0.042 0.067
0 0.144 0.532 0.036 0.058
0 0.275 0.418 0.042 0.067
0 0.654 0.663 0.035 0.057
0 0.657 0.375 0.037 0.060
0 0.275 0.560 0.035 0.057
0 0.758 0.285 0.036 0.058
0 0.696 0.503 0.040 0.063
0 0.881 1.000 0.045 0.072
0 0.648 0.322 0.046 0.073
0 0.418 0.700 0.035 0.057
0 0.520 1.000 0.033 0.053
0 0.415 0.655 0.035 0.057
0 0.492 0.998 0.033 0.053
0 0.308 0.438 0.035 0.057
0 0.714 0.995 0.035 0.057
