0 0.257 0.667 0.048 0.077
0 0.795 0.087 0.048 0.077
0 0.690 0.417 0.048 0.077
0 0.170 0.820 0.047 0.075
0 0.551 0.408 0.048 0.077
0 0.709 0.385 0.047 0.075
0 0.321 0.192 0.048 0.077
0 0.108 0.642 0.046 0.073
0 0.406 0.742 0.037 0.060
0 0.407 0.790 0.048 0.077
0 0.999 0.122 0.048 0.077
0 0.919 0.162 0.048 0.077
0 0.145 0.203 0.031 0.050
0 0.854 0.243 0.048 0.077
0 0.903 0.073 0.048 0.077
0 0.158 0.847 0.048 0.077
0 0.527 0.017 0.047 0.075
0 0.950 0.327 0.048 0.077
0 0.221 0.642 0.048 0.077
0 0.383 0.818 0.048 0.077
0 0.297 0.368 0.048 0.077
0 0.885 0.120 0.048 0.077
0 0.914 0.778 0.048 0.077
0 0.117 0.740 0.048 0.077
0 0.673 0.088 0.048 0.077
0 0.185 0.862 0.048 0.077
0 0.954 0.998 0.048 0.077
0 0.007 0.787 0.044 0.070
0 0.061 0.712 0.048 0.077
0 0.509 0.067 0.044 0.070
0 0.446 0.612 0.042 0.067
0 0.678 0.122 0.044 0.070
0 0.386 0.870 0.048 0.077
0 0.418 0.965 0.042 0.067
0 0.973 0.312 0.046 0.073
0 0.102 0.735 0.048 0.077
0 0.863 0.070 0.048 0.077
0 0.016 0.080 0.048 0.077
0 0.401 0.033 0.048 0.077
0 0.174 0.755 0.045 0.072
0 0.829 0.533 0.043 0.068
0 0.214 0.788 0.048 0.077
0 0.872 0.578 0.048 0.077
