0 0.531 0.415 0.041 0.065
0 0.209 0.492 0.047 0.075
0 0.652 0.442 0.042 0.067
0 0.393 0.577 0.044 0.070
0 0.670 0.523 0.042 0.067
0 0.290 0.185 0.048 0.077
0 0.582 1.000 0.037 0.060
0 0.675 0.212 0.044 0.070
0 0.715 0.758 0.048 0.077
0 0.216 0.428 0.044 0.070
0 0.334 0.497 0.042 0.067
0 0.805 0.670 0.043 0.068
0 0.959 0.857 0.037 0.060
0 0.339 1.000 0.035 0.057
0 0.191 0.365 0.044 0.070
0 0.812 0.480 0.042 0.067
0 0.901 0.788 0.036 0.058
0 0.738 0.117 0.043 0.068
0 0.644 0.760 0.048 0.077
0 0.164 0.570 0.048 0.077
0 0.019 0.742 0.048 0.077
0 0.279 0.408 0.048 0.077
0 0.041 0.020 0.042 0.067
0 0.270 0.998 0.046 0.073
