0 0.103 0.515 0.048 0.077
0 0.026 0.783 0.048 0.077
0 0.857 0.298 0.037 0.060
0 0.758 0.903 0.036 0.058
0 0.059 0.270 0.042 0.067
0 0.034 0.373 0.048 0.077
0 0.695 0.553 0.041 0.065
0 0.661 0.563 0.043 0.068
0 0.059 0.828 0.035 0.057
0 0.805 0.150 0.042 0.067
0 0.616 0.582 0.048 0.077
0 0.076 0.635 0.035 0.057
0 0.121 0.420 0.035 0.057
0 0.652 0.997 0.040 0.063
0 0.023 0.422 0.040 0.063
0 0.099 0.447 0.042 0.067
0 0.640 0.523 0.044 0.070
0 0.072 0.510 0.048 0.077
0 0.161 0.052 0.040 0.063
0 0.830 0.762 0.042 0.067
0 0.598 0.027 0.037 0.060
0 1.000 0.182 0.034 0.055
0 0.536 0.245 0.040 0.063
0 0.415 0.368 0.040 0.063
0 0.402 0.113 0.035 0.057
0 0.855 0.877 0.041 0.065
0 0.212 0.513 0.048 0.077
0 0.512 0.830 0.037 0.060
0 0.082 0.585 0.035 0.057
0 0.726 0.207 0.036 0.058
0 0.000 0.668 0.037 0.060
