0 0.551 0.863 0.044 0.070
0 0.833 0.958 0.048 0.077
0 0.854 0.592 0.045 0.072
0 0.100 0.615 0.035 0.057
0 0.322 0.482 0.040 0.063
0 0.028 0.447 0.036 0.058
0 0.553 0.342 0.041 0.065
0 0.822 0.408 0.044 0.070
0 0.059 0.735 0.041 0.065
0 0.652 0.918 0.040 0.063
0 0.829 0.743 0.043 0.068
0 0.589 0.057 0.041 0.065
0 0.766 0.388 0.042 0.067
0 0.124 0.910 0.044 0.070
0 0.359 0.090 0.044 0.070
0 0.762 0.433 0.037 0.060
0 0.373 0.707 0.041 0.065
0 0.686 0.218 0.036 0.058
0 0.628 0.415 0.048 0.077
0 0.171 0.282 0.043 0.068
0 0.553 0.570 0.041 0.065
0 0.666 0.578 0.042 0.067
0 0.553 0.780 0.042 0.067
0 0.010 0.558 0.045 0.072
0 0.766 0.152 0.037 0.060
0 0.865 0.957 0.035 0.057
0 0.976 0.970 0.036 0.058
0 0.291 0.863 0.045 0.072
0 0.418 0.447 0.042 0.067
0 0.469 0.413 0.048 0.077
0 0.806 0.573 0.041 0.065
0 0.317 0.267 0.042 0.067
0 0.597 0.757 0.036 0.058
0 0.647 0.578 0.040 0.063
0 0.723 0.038 0.037 0.060
0 0.476 0.130 0.048 0.077
0 0.783 0.758 0.035 0.057
0 0.739 0.545 0.040 0.063
0 0.950 0.693 0.042 0.067
0 0.125 0.587 0.037 0.060
0 0.679 0.827 0.036 0.058
0 0.010 0.713 0.035 0.057
0 0.272 0.812 0.048 0.077
0 0.881 0.438 0.036 0.058
0 0.673 0.785 0.036 0.058
0 0.670 0.545 0.036 0.058
0 0.361 0.325 0.042 0.067
0 0.233 0.798 0.036 0.058
0 0.928 0.177 0.037 0.060
0 0.452 1.000 0.030 0.048
0 0.184 0.047 0.035 0.057
0 0.588 0.317 0.048 0.077
0 0.586 0.263 0.037 0.060
0 0.789 1.000 0.035 0.057
0 0.546 0.225 0.037 0.060
0 0.803 0.607 0.036 0.058
