0 0.298 1.000 0.042 0.067
0 0.777 0.743 0.048 0.077
0 0.318 0.467 0.048 0.077
0 0.294 0.488 0.044 0.070
0 0.736 0.050 0.041 0.065
0 0.886 0.998 0.048 0.077
0 0.673 0.288 0.048 0.077
0 0.483 0.840 0.048 0.077
0 0.417 0.598 0.035 0.057
0 0.520 0.765 0.048 0.077
0 0.370 0.157 0.048 0.077
0 0.825 0.805 0.048 0.077
0 0.316 0.915 0.048 0.077
0 0.753 0.750 0.044 0.070
0 0.609 0.190 0.043 0.068
0 0.636 0.737 0.044 0.070
0 0.388 0.877 0.048 0.077
0 0.409 0.907 0.048 0.077
0 0.548 0.165 0.046 0.073
0 0.675 0.872 0.036 0.058
0 0.373 0.317 0.042 0.067
0 0.396 0.817 0.037 0.060
0 0.904 0.402 0.041 0.065
0 0.496 0.630 0.042 0.067
0 0.681 0.977 0.048 0.077
0 0.749 0.852 0.041 0.065
0 0.570 0.243 0.040 0.063
0 0.699 0.810 0.048 0.077
0 0.068 0.920 0.041 0.065
0 0.878 0.962 0.042 0.067
0 0.717 0.292 0.048 0.077
0 0.894 0.243 0.036 0.058
0 0.244 0.700 0.048 0.077
0 0.921 0.980 0.035 0.057
0 0.948 0.988 0.035 0.057
0 0.886 0.380 0.036 0.058
