0 0.468 0.805 0.042 0.067
0 0.098 0.242 0.048 0.077
0 0.065 0.752 0.048 0.077
0 0.214 0.000 0.048 0.077
0 0.310 0.943 0.048 0.077
0 0.724 0.153 0.047 0.075
0 0.189 0.895 0.048 0.077
0 0.374 0.812 0.040 0.063
0 0.373 0.667 0.048 0.077
0 0.296 0.377 0.041 0.065
0 0.621 0.883 0.044 0.070
0 0.811 0.050 0.048 0.077
0 0.618 0.680 0.044 0.070
0 0.084 0.947 0.046 0.073
0 0.874 0.517 0.046 0.073
0 0.800 0.490 0.042 0.067
0 0.274 0.652 0.048 0.077
0 0.077 0.333 0.048 0.077
0 0.806 0.623 0.043 0.068
0 0.376 0.272 0.048 0.077
0 0.547 0.470 0.044 0.070
0 0.424 0.332 0.046 0.073
0 0.582 0.853 0.048 0.077
0 0.036 0.442 0.036 0.058
0 0.539 0.310 0.048 0.077
0 0.287 0.842 0.044 0.070
0 0.540 0.168 0.044 0.070
0 0.666 0.445 0.047 0.075
0 0.971 0.457 0.048 0.077
0 0.953 0.180 0.044 0.070
0 0.699 0.325 0.045 0.072
0 0.466 0.512 0.042 0.067
0 0.959 0.073 0.042 0.067
0 0.646 0.308 0.045 0.072
0 0.377 0.373 0.044 0.070
0 0.490 0.463 0.046 0.073
0 0.809 0.982 0.046 0.073
0 0.565 0.362 0.048 0.077
0 0.389 0.988 0.044 0.070
0 0.760 0.937 0.048 0.077
0 0.623 0.188 0.044 0.070
0 0.885 0.918 0.040 0.063
0 0.570 0.242 0.040 0.063
0 0.143 0.000 0.043 0.068
0 0.007 0.045 0.032 0.052
0 0.961 0.045 0.040 0.063
0 0.493 0.322 0.030 0.048
