0 0.295 0.988 0.045 0.072
0 0.774 0.743 0.048 0.077
0 0.322 0.460 0.048 0.077
0 0.294 0.492 0.044 0.070
0 0.740 0.045 0.041 0.065
0 0.887 1.000 0.047 0.075
0 0.671 0.287 0.048 0.077
0 0.485 0.828 0.037 0.060
0 0.411 0.588 0.048 0.077
0 0.518 0.768 0.048 0.077
0 0.369 0.157 0.048 0.077
0 0.823 0.822 0.048 0.077
0 0.320 0.905 0.035 0.057
0 0.752 0.752 0.042 0.067
0 0.607 0.192 0.041 0.065
0 0.642 0.742 0.044 0.070
0 0.385 0.880 0.035 0.057
0 0.418 0.910 0.048 0.077
0 0.554 0.177 0.047 0.075
0 0.676 0.863 0.048 0.077
0 0.370 0.322 0.036 0.058
0 0.403 0.808 0.042 0.067
0 0.901 0.388 0.048 0.077
0 0.491 0.618 0.037 0.060
0 0.684 0.977 0.048 0.077
0 0.742 0.857 0.037 0.060
0 0.575 0.235 0.048 0.077
0 0.705 0.820 0.048 0.077
0 0.068 0.932 0.040 0.063
0 0.877 0.958 0.048 0.077
0 0.721 0.295 0.042 0.067
0 0.894 0.253 0.037 0.060
0 0.246 0.697 0.048 0.077
0 0.918 0.963 0.048 0.077
0 0.956 0.983 0.041 0.065
0 0.887 0.378 0.041 0.065
