0 0.533 0.417 0.041 0.065
0 0.209 0.490 0.048 0.077
0 0.653 0.443 0.044 0.070
0 0.394 0.573 0.044 0.070
0 0.668 0.525 0.041 0.065
0 0.291 0.183 0.048 0.077
0 0.581 0.998 0.042 0.067
0 0.672 0.208 0.041 0.065
0 0.714 0.758 0.048 0.077
0 0.217 0.428 0.044 0.070
0 0.335 0.490 0.043 0.068
0 0.806 0.668 0.041 0.065
0 0.961 0.858 0.040 0.063
0 0.333 1.000 0.035 0.057
0 0.191 0.362 0.037 0.060
0 0.815 0.483 0.036 0.058
0 0.898 0.788 0.041 0.065
0 0.738 0.120 0.044 0.070
0 0.642 0.765 0.045 0.072
0 0.169 0.575 0.035 0.057
0 0.022 0.738 0.044 0.070
0 0.280 0.403 0.046 0.073
0 0.042 0.025 0.041 0.065
0 0.270 0.988 0.042 0.067
