0 0.865 0.082 0.048 0.077
0 0.273 0.628 0.047 0.075
0 0.149 0.002 0.048 0.077
0 0.879 0.137 0.048 0.077
0 0.541 0.818 0.048 0.077
0 0.167 0.035 0.048 0.077
0 0.539 0.073 0.044 0.070
0 0.726 0.692 0.045 0.072
0 0.346 0.505 0.048 0.077
0 0.486 0.873 0.047 0.075
0 0.318 1.000 0.048 0.077
0 0.338 0.023 0.047 0.075
0 0.824 0.502 0.045 0.072
0 0.986 0.042 0.044 0.070
0 0.355 0.158 0.048 0.077
0 0.278 0.473 0.045 0.072
0 0.864 0.377 0.037 0.060
0 0.792 0.507 0.045 0.072
0 0.151 1.000 0.033 0.053
0 0.466 0.018 0.032 0.052
