0 0.537 0.418 0.041 0.065
0 0.209 0.483 0.048 0.077
0 0.649 0.442 0.042 0.067
0 0.396 0.570 0.044 0.070
0 0.669 0.525 0.042 0.067
0 0.291 0.182 0.048 0.077
0 0.584 0.993 0.037 0.060
0 0.674 0.210 0.045 0.072
0 0.708 0.757 0.048 0.077
0 0.222 0.428 0.042 0.067
0 0.339 0.483 0.037 0.060
0 0.796 0.668 0.042 0.067
0 0.965 0.872 0.036 0.058
0 0.345 1.000 0.044 0.070
0 0.191 0.373 0.044 0.070
0 0.819 0.493 0.036 0.058
0 0.899 0.797 0.040 0.063
0 0.734 0.130 0.042 0.067
0 0.643 0.767 0.044 0.070
0 0.168 0.577 0.042 0.067
0 0.024 0.738 0.037 0.060
0 0.282 0.393 0.045 0.072
0 0.046 0.027 0.041 0.065
0 0.276 0.983 0.042 0.067
