0 0.257 0.655 0.047 0.075
0 0.809 0.065 0.048 0.077
0 0.692 0.420 0.048 0.077
0 0.170 0.818 0.048 0.077
0 0.549 0.405 0.048 0.077
0 0.718 0.392 0.048 0.077
0 0.328 0.175 0.048 0.077
0 0.120 0.647 0.048 0.077
0 0.397 0.752 0.046 0.073
0 0.409 0.800 0.048 0.077
0 0.998 0.108 0.048 0.077
0 0.908 0.172 0.046 0.073
0 0.120 0.217 0.048 0.077
0 0.854 0.250 0.048 0.077
0 0.916 0.078 0.044 0.070
0 0.156 0.852 0.042 0.067
0 0.521 0.010 0.048 0.077
0 0.953 0.325 0.048 0.077
0 0.222 0.648 0.048 0.077
0 0.395 0.800 0.048 0.077
0 0.298 0.368 0.048 0.077
0 0.883 0.113 0.048 0.077
0 0.920 0.783 0.048 0.077
0 0.117 0.742 0.048 0.077
0 0.670 0.100 0.048 0.077
0 0.186 0.858 0.048 0.077
0 0.951 1.000 0.036 0.058
0 0.011 0.797 0.035 0.057
0 0.065 0.717 0.048 0.077
0 0.510 0.060 0.045 0.072
0 0.439 0.623 0.048 0.077
0 0.683 0.098 0.048 0.077
0 0.389 0.868 0.048 0.077
0 0.423 0.948 0.044 0.070
0 0.981 0.302 0.048 0.077
0 0.103 0.717 0.048 0.077
0 0.866 0.070 0.048 0.077
0 0.000 0.077 0.033 0.053
0 0.400 0.038 0.048 0.077
0 0.177 0.753 0.048 0.077
0 0.829 0.538 0.035 0.057
0 0.223 0.778 0.048 0.077
0 0.880 0.585 0.044 0.070
