0 0.552 0.872 0.042 0.067
0 0.830 0.948 0.048 0.077
0 0.856 0.595 0.048 0.077
0 0.098 0.618 0.040 0.063
0 0.321 0.485 0.037 0.060
0 0.028 0.442 0.037 0.060
0 0.551 0.333 0.048 0.077
0 0.823 0.410 0.044 0.070
0 0.058 0.737 0.040 0.063
0 0.654 0.918 0.037 0.060
0 0.828 0.738 0.043 0.068
0 0.588 0.060 0.041 0.065
0 0.773 0.392 0.037 0.060
0 0.128 0.913 0.048 0.077
0 0.356 0.097 0.042 0.067
0 0.765 0.440 0.037 0.060
0 0.373 0.702 0.045 0.072
0 0.685 0.217 0.041 0.065
0 0.631 0.417 0.044 0.070
0 0.169 0.282 0.042 0.067
0 0.554 0.577 0.042 0.067
0 0.668 0.580 0.041 0.065
0 0.552 0.780 0.041 0.065
0 0.010 0.558 0.044 0.070
0 0.765 0.153 0.037 0.060
0 0.861 0.962 0.040 0.063
0 0.978 0.973 0.036 0.058
0 0.291 0.863 0.041 0.065
0 0.416 0.447 0.042 0.067
0 0.473 0.408 0.040 0.063
0 0.809 0.573 0.042 0.067
0 0.318 0.265 0.040 0.063
0 0.602 0.760 0.035 0.057
0 0.647 0.577 0.041 0.065
0 0.723 0.038 0.042 0.067
0 0.476 0.128 0.040 0.063
0 0.781 0.760 0.035 0.057
0 0.735 0.540 0.041 0.065
0 0.950 0.690 0.035 0.057
0 0.124 0.583 0.040 0.063
0 0.683 0.827 0.037 0.060
0 0.006 0.708 0.044 0.070
0 0.268 0.810 0.035 0.057
0 0.880 0.440 0.035 0.057
0 0.674 0.790 0.036 0.058
0 0.672 0.547 0.033 0.053
0 0.359 0.332 0.042 0.067
0 0.226 0.802 0.042 0.067
0 0.929 0.173 0.035 0.057
0 0.449 0.998 0.030 0.048
0 0.185 0.042 0.040 0.063
0 0.589 0.317 0.042 0.067
0 0.585 0.263 0.037 0.060
0 0.787 0.998 0.041 0.065
0 0.544 0.228 0.034 0.055
0 0.802 0.607 0.036 0.058
