0 0.285 0.475 0.048 0.077
0 0.207 0.478 0.042 0.067
0 0.209 0.608 0.044 0.070
0 0.222 0.648 0.036 0.058
0 0.225 0.735 0.048 0.077
0 0.321 0.838 0.048 0.077
0 0.369 0.813 0.046 0.073
0 0.100 0.340 0.045 0.072
0 0.641 0.750 0.048 0.077
0 0.398 0.238 0.044 0.070
0 0.025 0.758 0.035 0.057
0 0.571 0.245 0.044 0.070
0 0.225 0.157 0.041 0.065
0 0.184 0.502 0.048 0.077
0 0.172 0.758 0.034 0.055
0 0.796 0.360 0.045 0.072
0 0.109 0.367 0.047 0.075
0 0.884 0.737 0.043 0.068
0 0.384 0.488 0.040 0.063
0 0.385 0.777 0.047 0.075
0 0.870 0.997 0.037 0.060
