0 0.380 0.143 0.042 0.067
0 0.118 0.965 0.042 0.067
0 0.338 0.837 0.041 0.065
0 0.779 0.475 0.041 0.065
0 0.800 0.273 0.041 0.065
0 0.781 0.385 0.042 0.067
0 0.355 0.365 0.042 0.067
0 0.756 0.272 0.037 0.060
0 0.497 0.640 0.041 0.065
0 0.302 0.830 0.037 0.060
0 0.198 0.758 0.042 0.067
0 0.662 0.118 0.034 0.055
0 0.838 0.100 0.041 0.065
0 0.061 0.627 0.041 0.065
0 0.685 0.660 0.040 0.063
0 0.925 0.743 0.036 0.058
0 0.876 0.153 0.037 0.060
0 0.123 0.772 0.042 0.067
0 0.240 0.652 0.048 0.077
0 0.295 0.000 0.047 0.075
0 0.161 0.065 0.035 0.057
0 0.010 0.372 0.036 0.058
0 0.013 0.545 0.040 0.063
0 0.519 0.123 0.035 0.057
0 0.794 0.077 0.041 0.065
0 0.983 0.575 0.041 0.065
0 0.546 0.458 0.035 0.057
0 0.820 0.080 0.035 0.057
