0 0.529 0.407 0.040 0.063
0 0.209 0.493 0.045 0.072
0 0.653 0.443 0.042 0.067
0 0.391 0.573 0.044 0.070
0 0.672 0.525 0.041 0.065
0 0.289 0.190 0.046 0.073
0 0.574 1.000 0.035 0.057
0 0.674 0.208 0.041 0.065
0 0.719 0.772 0.044 0.070
0 0.217 0.418 0.042 0.067
0 0.338 0.513 0.042 0.067
0 0.817 0.658 0.042 0.067
0 0.950 0.842 0.037 0.060
0 0.349 1.000 0.041 0.065
0 0.196 0.363 0.044 0.070
0 0.805 0.470 0.040 0.063
0 0.907 0.785 0.041 0.065
0 0.738 0.098 0.042 0.067
0 0.646 0.757 0.046 0.073
0 0.165 0.570 0.044 0.070
0 0.025 0.768 0.036 0.058
0 0.266 0.415 0.044 0.070
0 0.042 0.013 0.041 0.065
0 0.266 1.000 0.030 0.048
