0 0.540 0.853 0.040 0.063
0 0.833 0.957 0.044 0.070
0 0.850 0.588 0.046 0.073
0 0.105 0.595 0.042 0.067
0 0.329 0.475 0.040 0.063
0 0.028 0.453 0.040 0.063
0 0.554 0.342 0.048 0.077
0 0.823 0.408 0.044 0.070
0 0.062 0.712 0.042 0.067
0 0.654 0.907 0.041 0.065
0 0.835 0.755 0.041 0.065
0 0.597 0.053 0.041 0.065
0 0.758 0.390 0.041 0.065
0 0.131 0.905 0.044 0.070
0 0.351 0.088 0.045 0.072
0 0.755 0.420 0.041 0.065
0 0.370 0.715 0.042 0.067
0 0.679 0.220 0.037 0.060
0 0.628 0.410 0.048 0.077
0 0.170 0.273 0.042 0.067
0 0.552 0.553 0.041 0.065
0 0.661 0.582 0.040 0.063
0 0.545 0.767 0.041 0.065
0 0.007 0.552 0.044 0.070
0 0.774 0.157 0.037 0.060
0 0.861 0.952 0.040 0.063
0 0.973 0.967 0.037 0.060
0 0.292 0.870 0.042 0.067
0 0.415 0.478 0.037 0.060
0 0.465 0.418 0.048 0.077
0 0.800 0.567 0.042 0.067
0 0.315 0.268 0.035 0.057
0 0.586 0.762 0.037 0.060
0 0.648 0.580 0.032 0.052
0 0.730 0.028 0.044 0.070
0 0.482 0.120 0.048 0.077
0 0.789 0.747 0.033 0.053
0 0.753 0.545 0.037 0.060
0 0.952 0.712 0.037 0.060
0 0.128 0.597 0.035 0.057
0 0.675 0.838 0.037 0.060
0 0.018 0.710 0.035 0.057
0 0.283 0.832 0.037 0.060
0 0.879 0.445 0.036 0.058
0 0.668 0.785 0.037 0.060
0 0.665 0.548 0.035 0.057
0 0.366 0.308 0.042 0.067
0 0.234 0.788 0.042 0.067
0 0.923 0.180 0.035 0.057
0 0.459 1.000 0.035 0.057
0 0.180 0.053 0.036 0.058
0 0.593 0.297 0.044 0.070
0 0.588 0.268 0.036 0.058
0 0.789 1.000 0.035 0.057
0 0.547 0.213 0.032 0.052
0 0.815 0.610 0.042 0.067
