0 0.529 0.408 0.040 0.063
0 0.210 0.493 0.044 0.070
0 0.655 0.445 0.044 0.070
0 0.390 0.573 0.042 0.067
0 0.672 0.523 0.042 0.067
0 0.287 0.188 0.048 0.077
0 0.575 1.000 0.037 0.060
0 0.675 0.208 0.042 0.067
0 0.718 0.767 0.046 0.073
0 0.217 0.420 0.042 0.067
0 0.335 0.508 0.042 0.067
0 0.819 0.657 0.041 0.065
0 0.953 0.845 0.041 0.065
0 0.343 1.000 0.042 0.067
0 0.194 0.360 0.045 0.072
0 0.807 0.472 0.040 0.063
0 0.905 0.782 0.040 0.063
0 0.739 0.102 0.042 0.067
0 0.645 0.760 0.048 0.077
0 0.166 0.575 0.042 0.067
0 0.022 0.765 0.040 0.063
0 0.268 0.415 0.046 0.073
0 0.041 0.015 0.041 0.065
0 0.267 0.997 0.031 0.050
