0 0.285 0.470 0.048 0.077
0 0.205 0.487 0.048 0.077
0 0.211 0.607 0.041 0.065
0 0.227 0.643 0.048 0.077
0 0.225 0.735 0.048 0.077
0 0.320 0.840 0.040 0.063
0 0.369 0.813 0.048 0.077
0 0.099 0.342 0.047 0.075
0 0.644 0.762 0.044 0.070
0 0.399 0.238 0.042 0.067
0 0.030 0.760 0.043 0.068
0 0.574 0.243 0.040 0.063
0 0.225 0.158 0.041 0.065
0 0.184 0.500 0.045 0.072
0 0.172 0.758 0.035 0.057
0 0.797 0.362 0.044 0.070
0 0.108 0.367 0.046 0.073
0 0.884 0.735 0.042 0.067
0 0.384 0.490 0.036 0.058
0 0.385 0.778 0.047 0.075
0 0.870 0.998 0.044 0.070
