0 0.553 0.878 0.040 0.063
0 0.832 0.958 0.047 0.075
0 0.857 0.597 0.044 0.070
0 0.092 0.620 0.036 0.058
0 0.317 0.492 0.042 0.067
0 0.030 0.437 0.036 0.058
0 0.553 0.337 0.042 0.067
0 0.826 0.412 0.044 0.070
0 0.057 0.743 0.044 0.070
0 0.657 0.918 0.037 0.060
0 0.827 0.732 0.042 0.067
0 0.588 0.067 0.041 0.065
0 0.767 0.390 0.041 0.065
0 0.128 0.912 0.048 0.077
0 0.357 0.098 0.042 0.067
0 0.767 0.447 0.040 0.063
0 0.375 0.698 0.042 0.067
0 0.683 0.217 0.043 0.068
0 0.631 0.418 0.046 0.073
0 0.167 0.283 0.040 0.063
0 0.551 0.583 0.042 0.067
0 0.664 0.582 0.044 0.070
0 0.552 0.787 0.040 0.063
0 0.014 0.562 0.037 0.060
0 0.762 0.155 0.036 0.058
0 0.860 0.960 0.035 0.057
0 0.974 0.973 0.036 0.058
0 0.290 0.868 0.037 0.060
0 0.414 0.450 0.042 0.067
0 0.469 0.410 0.048 0.077
0 0.814 0.575 0.042 0.067
0 0.316 0.260 0.041 0.065
0 0.605 0.765 0.037 0.060
0 0.645 0.577 0.035 0.057
0 0.719 0.042 0.041 0.065
0 0.473 0.135 0.041 0.065
0 0.780 0.762 0.032 0.052
0 0.732 0.532 0.040 0.063
0 0.952 0.687 0.037 0.060
0 0.125 0.578 0.037 0.060
0 0.689 0.825 0.035 0.057
0 0.008 0.717 0.030 0.048
0 0.269 0.802 0.037 0.060
0 0.883 0.442 0.036 0.058
0 0.674 0.792 0.040 0.063
0 0.672 0.547 0.037 0.060
0 0.353 0.333 0.040 0.063
0 0.226 0.810 0.036 0.058
0 0.931 0.172 0.036 0.058
0 0.440 0.997 0.032 0.052
0 0.185 0.037 0.037 0.060
0 0.585 0.322 0.042 0.067
0 0.588 0.262 0.040 0.063
0 0.787 1.000 0.042 0.067
0 0.539 0.233 0.032 0.052
0 0.795 0.610 0.036 0.058
