0 0.374 0.172 0.036 0.058
0 0.127 0.982 0.042 0.067
0 0.311 0.857 0.042 0.067
0 0.780 0.463 0.041 0.065
0 0.806 0.297 0.037 0.060
0 0.786 0.405 0.042 0.067
0 0.360 0.385 0.040 0.063
0 0.747 0.263 0.037 0.060
0 0.489 0.667 0.035 0.057
0 0.308 0.823 0.044 0.070
0 0.223 0.753 0.037 0.060
0 0.648 0.088 0.034 0.055
0 0.840 0.087 0.042 0.067
0 0.056 0.607 0.042 0.067
0 0.698 0.662 0.041 0.065
0 0.929 0.717 0.035 0.057
0 0.856 0.137 0.035 0.057
0 0.108 0.778 0.041 0.065
0 0.226 0.635 0.045 0.072
0 0.298 0.000 0.045 0.072
0 0.135 0.065 0.035 0.057
0 0.014 0.363 0.042 0.067
0 0.002 0.552 0.035 0.057
0 0.529 0.093 0.032 0.052
0 0.796 0.105 0.036 0.058
0 0.997 0.562 0.042 0.067
0 0.540 0.473 0.048 0.077
0 0.830 0.048 0.037 0.060
