0 0.305 1.000 0.039 0.062
0 0.777 0.742 0.048 0.077
0 0.322 0.455 0.046 0.073
0 0.293 0.492 0.048 0.077
0 0.735 0.052 0.042 0.067
0 0.886 0.990 0.048 0.077
0 0.675 0.290 0.048 0.077
0 0.491 0.842 0.048 0.077
0 0.412 0.592 0.030 0.048
0 0.515 0.760 0.044 0.070
0 0.372 0.145 0.035 0.057
0 0.838 0.808 0.046 0.073
0 0.322 0.923 0.035 0.057
0 0.749 0.750 0.042 0.067
0 0.609 0.187 0.041 0.065
0 0.636 0.730 0.042 0.067
0 0.381 0.875 0.047 0.075
0 0.412 0.900 0.048 0.077
0 0.549 0.158 0.046 0.073
0 0.671 0.870 0.044 0.070
0 0.367 0.317 0.042 0.067
0 0.394 0.818 0.048 0.077
0 0.903 0.405 0.041 0.065
0 0.491 0.632 0.048 0.077
0 0.681 0.978 0.046 0.073
0 0.755 0.842 0.033 0.053
0 0.572 0.250 0.048 0.077
0 0.697 0.813 0.036 0.058
0 0.066 0.913 0.040 0.063
0 0.877 0.965 0.036 0.058
0 0.723 0.295 0.048 0.077
0 0.889 0.240 0.042 0.067
0 0.242 0.698 0.047 0.075
0 0.916 0.967 0.048 0.077
0 0.948 1.000 0.032 0.052
0 0.886 0.378 0.036 0.058
