0 0.255 0.663 0.048 0.077
0 0.794 0.088 0.044 0.070
0 0.690 0.415 0.048 0.077
0 0.170 0.820 0.048 0.077
0 0.550 0.407 0.048 0.077
0 0.710 0.375 0.048 0.077
0 0.324 0.183 0.047 0.075
0 0.109 0.643 0.048 0.077
0 0.395 0.750 0.048 0.077
0 0.406 0.790 0.048 0.077
0 1.000 0.120 0.044 0.070
0 0.916 0.165 0.048 0.077
0 0.141 0.213 0.048 0.077
0 0.854 0.250 0.045 0.072
0 0.899 0.073 0.048 0.077
0 0.154 0.847 0.048 0.077
0 0.522 0.013 0.048 0.077
0 0.951 0.323 0.048 0.077
0 0.224 0.642 0.048 0.077
0 0.382 0.820 0.042 0.067
0 0.298 0.367 0.044 0.070
0 0.885 0.118 0.048 0.077
0 0.918 0.780 0.041 0.065
0 0.115 0.742 0.048 0.077
0 0.671 0.088 0.048 0.077
0 0.185 0.858 0.048 0.077
0 0.956 1.000 0.048 0.077
0 0.009 0.792 0.048 0.077
0 0.064 0.712 0.048 0.077
0 0.511 0.063 0.048 0.077
0 0.442 0.615 0.042 0.067
0 0.680 0.113 0.046 0.073
0 0.386 0.863 0.047 0.075
0 0.416 0.963 0.042 0.067
0 0.974 0.310 0.044 0.070
0 0.103 0.725 0.048 0.077
0 0.864 0.072 0.042 0.067
0 0.020 0.080 0.047 0.075
0 0.400 0.037 0.044 0.070
0 0.176 0.753 0.048 0.077
0 0.831 0.535 0.037 0.060
0 0.217 0.782 0.048 0.077
0 0.873 0.582 0.048 0.077
