0 0.382 0.148 0.036 0.058
0 0.120 0.967 0.043 0.068
0 0.332 0.835 0.041 0.065
0 0.781 0.475 0.040 0.063
0 0.802 0.275 0.041 0.065
0 0.781 0.390 0.042 0.067
0 0.355 0.368 0.041 0.065
0 0.752 0.273 0.036 0.058
0 0.497 0.642 0.036 0.058
0 0.303 0.823 0.041 0.065
0 0.202 0.757 0.037 0.060
0 0.659 0.113 0.032 0.052
0 0.838 0.098 0.037 0.060
0 0.059 0.628 0.041 0.065
0 0.685 0.655 0.040 0.063
0 0.925 0.740 0.036 0.058
0 0.874 0.150 0.037 0.060
0 0.119 0.770 0.042 0.067
0 0.233 0.650 0.041 0.065
0 0.292 0.000 0.045 0.072
0 0.158 0.062 0.035 0.057
0 0.007 0.368 0.044 0.070
0 0.010 0.548 0.036 0.058
0 0.521 0.123 0.041 0.065
0 0.799 0.083 0.035 0.057
0 0.985 0.573 0.040 0.063
0 0.544 0.458 0.036 0.058
0 0.821 0.073 0.034 0.055
