0 0.468 0.807 0.042 0.067
0 0.099 0.242 0.048 0.077
0 0.064 0.750 0.048 0.077
0 0.212 0.000 0.045 0.072
0 0.310 0.940 0.044 0.070
0 0.725 0.150 0.048 0.077
0 0.190 0.895 0.044 0.070
0 0.374 0.817 0.040 0.063
0 0.374 0.658 0.048 0.077
0 0.299 0.377 0.043 0.068
0 0.620 0.885 0.042 0.067
0 0.812 0.048 0.046 0.073
0 0.618 0.687 0.048 0.077
0 0.082 0.947 0.048 0.077
0 0.876 0.518 0.048 0.077
0 0.801 0.498 0.047 0.075
0 0.273 0.647 0.046 0.073
0 0.080 0.330 0.044 0.070
0 0.807 0.617 0.044 0.070
0 0.378 0.280 0.037 0.060
0 0.549 0.470 0.046 0.073
0 0.423 0.330 0.045 0.072
0 0.580 0.855 0.046 0.073
0 0.036 0.450 0.041 0.065
0 0.537 0.310 0.048 0.077
0 0.290 0.848 0.048 0.077
0 0.542 0.168 0.040 0.063
0 0.668 0.443 0.048 0.077
0 0.970 0.462 0.048 0.077
0 0.955 0.177 0.046 0.073
0 0.696 0.327 0.045 0.072
0 0.467 0.513 0.042 0.067
0 0.959 0.070 0.048 0.077
0 0.645 0.308 0.046 0.073
0 0.377 0.365 0.048 0.077
0 0.493 0.465 0.044 0.070
0 0.809 0.980 0.046 0.073
0 0.562 0.362 0.048 0.077
0 0.390 0.987 0.046 0.073
0 0.770 0.938 0.048 0.077
0 0.623 0.188 0.044 0.070
0 0.890 0.922 0.035 0.057
0 0.572 0.240 0.040 0.063
0 0.141 0.010 0.044 0.070
0 0.005 0.038 0.044 0.070
0 0.958 0.048 0.033 0.053
0 0.493 0.322 0.031 0.050
