0 0.549 0.865 0.044 0.070
0 0.835 0.962 0.046 0.073
0 0.855 0.593 0.045 0.072
0 0.097 0.618 0.042 0.067
0 0.322 0.485 0.040 0.063
0 0.028 0.443 0.042 0.067
0 0.552 0.345 0.042 0.067
0 0.824 0.408 0.044 0.070
0 0.057 0.740 0.037 0.060
0 0.654 0.917 0.037 0.060
0 0.829 0.738 0.042 0.067
0 0.589 0.060 0.041 0.065
0 0.767 0.387 0.042 0.067
0 0.125 0.912 0.045 0.072
0 0.357 0.087 0.041 0.065
0 0.764 0.435 0.044 0.070
0 0.372 0.705 0.043 0.068
0 0.684 0.217 0.041 0.065
0 0.629 0.417 0.047 0.075
0 0.169 0.282 0.042 0.067
0 0.554 0.578 0.042 0.067
0 0.668 0.577 0.042 0.067
0 0.552 0.777 0.040 0.063
0 0.013 0.557 0.037 0.060
0 0.765 0.152 0.037 0.060
0 0.864 0.960 0.034 0.055
0 0.973 0.963 0.037 0.060
0 0.292 0.863 0.042 0.067
0 0.418 0.448 0.042 0.067
0 0.468 0.412 0.048 0.077
0 0.809 0.573 0.041 0.065
0 0.319 0.267 0.040 0.063
0 0.602 0.758 0.041 0.065
0 0.648 0.577 0.042 0.067
0 0.725 0.035 0.040 0.063
0 0.478 0.130 0.037 0.060
0 0.782 0.760 0.035 0.057
0 0.738 0.542 0.035 0.057
0 0.950 0.692 0.041 0.065
0 0.124 0.582 0.041 0.065
0 0.681 0.827 0.036 0.058
0 0.010 0.713 0.035 0.057
0 0.269 0.813 0.040 0.063
0 0.881 0.442 0.035 0.057
0 0.674 0.787 0.036 0.058
0 0.672 0.547 0.035 0.057
0 0.358 0.330 0.043 0.068
0 0.232 0.795 0.048 0.077
0 0.929 0.175 0.035 0.057
0 0.443 0.998 0.030 0.048
0 0.185 0.045 0.040 0.063
0 0.591 0.315 0.040 0.063
0 0.584 0.265 0.040 0.063
0 0.789 1.000 0.037 0.060
0 0.544 0.230 0.035 0.057
0 0.801 0.608 0.037 0.060
