0 0.868 0.085 0.047 0.075
0 0.275 0.628 0.047 0.075
0 0.156 0.020 0.048 0.077
0 0.890 0.152 0.047 0.075
0 0.526 0.823 0.044 0.070
0 0.182 0.030 0.048 0.077
0 0.537 0.085 0.042 0.067
0 0.719 0.680 0.048 0.077
0 0.338 0.503 0.048 0.077
0 0.487 0.882 0.048 0.077
0 0.321 0.988 0.044 0.070
0 0.345 0.030 0.048 0.077
0 0.834 0.483 0.045 0.072
0 1.000 0.042 0.047 0.075
0 0.347 0.155 0.046 0.073
0 0.273 0.482 0.047 0.075
0 0.865 0.377 0.036 0.058
0 0.790 0.497 0.048 0.077
0 0.143 0.992 0.048 0.077
0 0.444 0.012 0.045 0.072
