0 0.670 0.317 0.041 0.065
0 0.017 0.137 0.044 0.070
0 0.707 0.617 0.042 0.067
0 0.027 0.692 0.048 0.077
0 0.055 0.177 0.046 0.073
0 0.807 0.792 0.040 0.063
0 0.404 0.617 0.040 0.063
0 0.281 0.443 0.044 0.070
0 0.025 0.242 0.044 0.070
0 0.145 0.533 0.037 0.060
0 0.273 0.418 0.041 0.065
0 0.651 0.658 0.035 0.057
0 0.659 0.373 0.036 0.058
0 0.273 0.560 0.035 0.057
0 0.759 0.283 0.034 0.055
0 0.696 0.503 0.040 0.063
0 0.884 1.000 0.042 0.067
0 0.653 0.315 0.043 0.068
0 0.419 0.700 0.036 0.058
0 0.519 1.000 0.034 0.055
0 0.414 0.653 0.035 0.057
0 0.493 1.000 0.033 0.053
0 0.306 0.438 0.032 0.052
0 0.717 0.990 0.036 0.058
