0 0.864 0.085 0.048 0.077
0 0.274 0.628 0.048 0.077
0 0.139 0.000 0.048 0.077
0 0.885 0.140 0.048 0.077
0 0.533 0.823 0.044 0.070
0 0.171 0.047 0.048 0.077
0 0.536 0.080 0.042 0.067
0 0.722 0.687 0.048 0.077
0 0.342 0.505 0.048 0.077
0 0.484 0.878 0.046 0.073
0 0.323 0.997 0.048 0.077
0 0.339 0.030 0.048 0.077
0 0.829 0.492 0.048 0.077
0 1.000 0.032 0.048 0.077
0 0.352 0.157 0.047 0.075
0 0.281 0.468 0.048 0.077
0 0.864 0.375 0.033 0.053
0 0.791 0.505 0.047 0.075
0 0.151 1.000 0.042 0.067
0 0.446 0.012 0.036 0.058
