0 0.322 0.648 0.044 0.070
0 0.992 0.300 0.044 0.070
0 0.893 0.252 0.044 0.070
0 0.530 0.015 0.042 0.067
0 0.749 0.295 0.048 0.077
0 0.104 0.810 0.048 0.077
0 0.570 0.585 0.036 0.058
0 0.755 0.420 0.041 0.065
0 0.574 0.355 0.040 0.063
0 0.647 0.732 0.041 0.065
0 0.452 0.747 0.040 0.063
0 0.661 0.308 0.046 0.073
0 0.619 0.335 0.046 0.073
0 0.738 0.610 0.048 0.077
0 0.525 0.355 0.042 0.067
0 0.335 0.770 0.037 0.060
0 0.399 0.703 0.037 0.060
0 0.497 0.662 0.042 0.067
0 0.578 0.885 0.035 0.057
0 0.726 0.248 0.037 0.060
0 0.766 0.790 0.036 0.058
0 0.588 0.245 0.047 0.075
0 0.954 0.977 0.048 0.077
0 0.629 0.267 0.032 0.052
0 0.014 0.355 0.042 0.067
