0 0.376 0.168 0.035 0.057
0 0.128 0.982 0.044 0.070
0 0.312 0.850 0.042 0.067
0 0.781 0.463 0.040 0.063
0 0.807 0.295 0.042 0.067
0 0.787 0.405 0.041 0.065
0 0.359 0.387 0.042 0.067
0 0.747 0.267 0.040 0.063
0 0.491 0.665 0.034 0.055
0 0.311 0.823 0.041 0.065
0 0.222 0.752 0.044 0.070
0 0.650 0.093 0.032 0.052
0 0.840 0.088 0.044 0.070
0 0.056 0.610 0.041 0.065
0 0.699 0.658 0.041 0.065
0 0.928 0.718 0.037 0.060
0 0.858 0.140 0.042 0.067
0 0.111 0.780 0.043 0.068
0 0.226 0.637 0.040 0.063
0 0.294 0.000 0.043 0.068
0 0.139 0.063 0.035 0.057
0 0.013 0.365 0.042 0.067
0 0.002 0.552 0.035 0.057
0 0.527 0.100 0.032 0.052
0 0.796 0.105 0.035 0.057
0 1.000 0.563 0.046 0.073
0 0.540 0.482 0.047 0.075
0 0.833 0.050 0.035 0.057
