0 0.328 0.653 0.048 0.077
0 0.994 0.293 0.048 0.077
0 0.897 0.250 0.045 0.072
0 0.530 0.013 0.040 0.063
0 0.751 0.300 0.046 0.073
0 0.106 0.807 0.047 0.075
0 0.573 0.575 0.036 0.058
0 0.757 0.413 0.040 0.063
0 0.568 0.353 0.036 0.058
0 0.643 0.725 0.035 0.057
0 0.450 0.748 0.044 0.070
0 0.661 0.308 0.047 0.075
0 0.622 0.347 0.042 0.067
0 0.736 0.607 0.048 0.077
0 0.531 0.357 0.042 0.067
0 0.332 0.773 0.035 0.057
0 0.403 0.697 0.040 0.063
0 0.496 0.665 0.042 0.067
0 0.578 0.885 0.036 0.058
0 0.724 0.252 0.033 0.053
0 0.767 0.790 0.034 0.055
0 0.589 0.237 0.047 0.075
0 0.954 0.978 0.047 0.075
0 0.629 0.260 0.032 0.052
0 0.010 0.357 0.047 0.075
