0 0.927 0.505 0.048 0.077
0 0.524 0.083 0.047 0.075
0 0.511 0.113 0.048 0.077
0 0.674 0.057 0.043 0.068
0 0.659 0.137 0.040 0.063
0 0.147 0.522 0.048 0.077
0 0.341 0.487 0.048 0.077
0 0.409 0.678 0.047 0.075
0 0.631 0.042 0.048 0.077
0 0.189 0.772 0.048 0.077
0 0.322 0.775 0.042 0.067
0 0.574 0.173 0.046 0.073
0 0.400 0.073 0.042 0.067
0 0.694 0.095 0.044 0.070
0 0.770 0.405 0.048 0.077
0 0.691 0.237 0.041 0.065
0 0.293 0.810 0.046 0.073
0 0.770 0.035 0.048 0.077
0 0.986 0.833 0.042 0.067
0 0.710 0.192 0.035 0.057
