0 0.675 0.318 0.041 0.065
0 0.017 0.140 0.041 0.065
0 0.707 0.615 0.041 0.065
0 0.042 0.692 0.040 0.063
0 0.055 0.175 0.048 0.077
0 0.814 0.805 0.048 0.077
0 0.405 0.618 0.041 0.065
0 0.279 0.447 0.048 0.077
0 0.025 0.245 0.040 0.063
0 0.149 0.530 0.041 0.065
0 0.274 0.415 0.037 0.060
0 0.644 0.670 0.035 0.057
0 0.660 0.372 0.036 0.058
0 0.266 0.560 0.035 0.057
0 0.756 0.285 0.034 0.055
0 0.695 0.507 0.040 0.063
0 0.887 1.000 0.035 0.057
0 0.651 0.315 0.032 0.052
0 0.421 0.693 0.048 0.077
0 0.519 1.000 0.034 0.055
0 0.416 0.653 0.035 0.057
0 0.492 0.997 0.036 0.058
0 0.308 0.435 0.033 0.053
0 0.723 0.992 0.035 0.057
