0 0.374 0.938 0.037 0.060
0 0.629 0.940 0.048 0.077
0 0.267 0.092 0.044 0.070
0 0.709 0.958 0.048 0.077
0 0.207 0.035 0.048 0.077
0 0.579 0.028 0.048 0.077
0 0.921 0.843 0.042 0.067
0 0.131 0.793 0.048 0.077
0 0.774 0.582 0.048 0.077
0 0.396 0.080 0.048 0.077
0 0.968 0.972 0.041 0.065
0 0.043 0.245 0.048 0.077
0 0.710 0.207 0.041 0.065
0 0.515 0.252 0.040 0.063
0 0.830 0.947 0.048 0.077
0 0.156 0.168 0.043 0.068
0 0.479 0.168 0.043 0.068
0 0.757 0.548 0.041 0.065
0 0.648 0.633 0.035 0.057
0 0.606 0.538 0.042 0.067
0 0.575 0.303 0.048 0.077
0 0.052 0.017 0.048 0.077
0 0.138 0.573 0.048 0.077
0 0.454 0.375 0.040 0.063
0 0.534 0.437 0.040 0.063
0 0.360 0.422 0.048 0.077
0 0.465 0.080 0.048 0.077
0 0.729 0.345 0.045 0.072
0 0.931 0.000 0.045 0.072
0 0.825 0.580 0.035 0.057
0 0.441 0.048 0.048 0.077
0 0.031 0.140 0.041 0.065
0 0.742 0.697 0.042 0.067
0 0.117 0.763 0.048 0.077
0 0.681 0.345 0.041 0.065
0 0.830 0.245 0.036 0.058
0 0.699 0.897 0.044 0.070
0 0.487 0.382 0.046 0.073
0 0.980 0.053 0.048 0.077
0 0.457 0.728 0.040 0.063
0 0.636 0.417 0.035 0.057
