0 0.370 0.922 0.041 0.065
0 0.625 0.938 0.045 0.072
0 0.264 0.070 0.041 0.065
0 0.706 0.962 0.048 0.077
0 0.215 0.032 0.044 0.070
0 0.577 0.000 0.033 0.053
0 0.926 0.833 0.042 0.067
0 0.128 0.795 0.048 0.077
0 0.771 0.593 0.044 0.070
0 0.397 0.083 0.044 0.070
0 0.965 0.993 0.043 0.068
0 0.041 0.253 0.048 0.077
0 0.719 0.222 0.048 0.077
0 0.500 0.258 0.041 0.065
0 0.818 0.948 0.047 0.075
0 0.159 0.147 0.046 0.073
0 0.472 0.148 0.044 0.070
0 0.755 0.550 0.042 0.067
0 0.650 0.630 0.048 0.077
0 0.600 0.532 0.042 0.067
0 0.567 0.330 0.035 0.057
0 0.053 0.025 0.041 0.065
0 0.135 0.597 0.044 0.070
0 0.459 0.382 0.048 0.077
0 0.537 0.437 0.040 0.063
0 0.345 0.423 0.048 0.077
0 0.467 0.097 0.047 0.075
0 0.741 0.377 0.042 0.067
0 0.936 0.000 0.046 0.073
0 0.826 0.582 0.042 0.067
0 0.432 0.045 0.039 0.062
0 0.034 0.140 0.041 0.065
0 0.744 0.708 0.037 0.060
0 0.113 0.778 0.035 0.057
0 0.674 0.335 0.041 0.065
0 0.811 0.245 0.035 0.057
0 0.688 0.905 0.035 0.057
0 0.490 0.388 0.036 0.058
0 0.979 0.053 0.041 0.065
0 0.459 0.698 0.048 0.077
0 0.648 0.433 0.043 0.068
