0 0.255 0.657 0.048 0.077
0 0.808 0.058 0.048 0.077
0 0.691 0.420 0.048 0.077
0 0.170 0.817 0.048 0.077
0 0.550 0.405 0.047 0.075
0 0.714 0.387 0.048 0.077
0 0.328 0.173 0.048 0.077
0 0.118 0.645 0.047 0.075
0 0.403 0.758 0.048 0.077
0 0.414 0.810 0.048 0.077
0 0.999 0.112 0.048 0.077
0 0.912 0.173 0.048 0.077
0 0.122 0.213 0.047 0.075
0 0.851 0.243 0.042 0.067
0 0.915 0.080 0.048 0.077
0 0.156 0.852 0.042 0.067
0 0.518 0.000 0.048 0.077
0 0.954 0.322 0.048 0.077
0 0.223 0.640 0.048 0.077
0 0.403 0.793 0.045 0.072
0 0.297 0.367 0.048 0.077
0 0.884 0.113 0.048 0.077
0 0.918 0.780 0.043 0.068
0 0.117 0.742 0.048 0.077
0 0.670 0.098 0.048 0.077
0 0.188 0.862 0.048 0.077
0 0.951 1.000 0.036 0.058
0 0.005 0.797 0.048 0.077
0 0.068 0.713 0.046 0.073
0 0.509 0.062 0.044 0.070
0 0.436 0.620 0.044 0.070
0 0.684 0.103 0.042 0.067
0 0.388 0.867 0.045 0.072
0 0.420 0.945 0.041 0.065
0 0.979 0.303 0.044 0.070
0 0.102 0.718 0.047 0.075
0 0.867 0.072 0.047 0.075
0 0.000 0.077 0.048 0.077
0 0.400 0.038 0.048 0.077
0 0.178 0.752 0.048 0.077
0 0.834 0.532 0.048 0.077
0 0.221 0.775 0.046 0.073
0 0.880 0.583 0.044 0.070
