0 0.947 0.502 0.041 0.065
0 0.523 0.098 0.048 0.077
0 0.505 0.117 0.044 0.070
0 0.683 0.073 0.044 0.070
0 0.664 0.132 0.044 0.070
0 0.131 0.518 0.048 0.077
0 0.327 0.487 0.048 0.077
0 0.422 0.700 0.048 0.077
0 0.627 0.007 0.048 0.077
0 0.177 0.778 0.044 0.070
0 0.314 0.803 0.047 0.075
0 0.580 0.180 0.048 0.077
0 0.397 0.077 0.048 0.077
0 0.672 0.098 0.048 0.077
0 0.776 0.385 0.048 0.077
0 0.695 0.227 0.046 0.073
0 0.294 0.803 0.048 0.077
0 0.773 0.040 0.048 0.077
0 0.986 0.837 0.036 0.058
0 0.711 0.192 0.037 0.060
