0 0.729 0.820 0.042 0.067
0 0.769 0.523 0.048 0.077
0 0.933 0.190 0.046 0.073
0 0.352 0.517 0.044 0.070
0 0.190 0.735 0.046 0.073
0 0.735 0.065 0.048 0.077
0 0.267 0.518 0.041 0.065
0 0.348 0.220 0.037 0.060
0 0.004 0.738 0.045 0.072
0 0.377 0.345 0.045 0.072
0 0.270 0.082 0.040 0.063
0 0.694 0.212 0.046 0.073
0 0.542 0.693 0.047 0.075
0 0.281 0.647 0.045 0.072
0 0.873 0.830 0.048 0.077
0 0.272 0.718 0.043 0.068
0 0.741 0.938 0.042 0.067
0 0.924 0.597 0.042 0.067
0 0.556 0.882 0.042 0.067
0 0.463 0.570 0.035 0.057
0 0.857 0.662 0.042 0.067
0 0.129 0.805 0.041 0.065
0 0.695 0.677 0.045 0.072
0 0.640 0.312 0.040 0.063
0 0.944 0.417 0.040 0.063
0 0.114 0.232 0.037 0.060
0 0.579 0.032 0.042 0.067
0 0.464 0.607 0.037 0.060
0 0.608 0.303 0.043 0.068
0 0.652 0.723 0.034 0.055
0 0.800 0.268 0.044 0.070
0 0.370 0.292 0.036 0.058
0 0.252 0.685 0.047 0.075
0 0.606 0.652 0.045 0.072
0 0.836 0.445 0.042 0.067
0 0.902 0.782 0.044 0.070
0 0.589 0.612 0.047 0.075
0 0.679 0.310 0.040 0.063
0 0.011 0.075 0.035 0.057
0 0.832 0.000 0.037 0.060
0 0.690 0.000 0.044 0.070
