0 0.277 0.468 0.044 0.070
0 0.208 0.497 0.044 0.070
0 0.207 0.608 0.048 0.077
0 0.229 0.668 0.048 0.077
0 0.223 0.738 0.044 0.070
0 0.323 0.843 0.048 0.077
0 0.380 0.812 0.048 0.077
0 0.092 0.333 0.044 0.070
0 0.650 0.753 0.044 0.070
0 0.399 0.250 0.048 0.077
0 0.033 0.755 0.040 0.063
0 0.574 0.255 0.040 0.063
0 0.225 0.168 0.042 0.067
0 0.178 0.490 0.048 0.077
0 0.172 0.758 0.034 0.055
0 0.799 0.362 0.047 0.075
0 0.099 0.353 0.048 0.077
0 0.883 0.730 0.041 0.065
0 0.395 0.488 0.035 0.057
0 0.376 0.780 0.040 0.063
0 0.868 0.998 0.042 0.067
