0 0.285 0.472 0.044 0.070
0 0.210 0.465 0.042 0.067
0 0.210 0.607 0.043 0.068
0 0.215 0.643 0.040 0.063
0 0.228 0.740 0.044 0.070
0 0.311 0.843 0.048 0.077
0 0.361 0.827 0.048 0.077
0 0.103 0.342 0.042 0.067
0 0.646 0.773 0.042 0.067
0 0.393 0.230 0.043 0.068
0 0.030 0.772 0.044 0.070
0 0.572 0.230 0.048 0.077
0 0.228 0.147 0.042 0.067
0 0.178 0.490 0.048 0.077
0 0.172 0.758 0.035 0.057
0 0.797 0.365 0.045 0.072
0 0.109 0.365 0.040 0.063
0 0.887 0.738 0.048 0.077
0 0.377 0.495 0.037 0.060
0 0.377 0.782 0.037 0.060
0 0.872 1.000 0.034 0.055
