0 0.373 0.925 0.042 0.067
0 0.629 0.938 0.048 0.077
0 0.265 0.082 0.041 0.065
0 0.706 0.967 0.048 0.077
0 0.214 0.028 0.048 0.077
0 0.581 0.013 0.042 0.067
0 0.925 0.842 0.042 0.067
0 0.128 0.790 0.048 0.077
0 0.774 0.580 0.045 0.072
0 0.395 0.083 0.048 0.077
0 0.964 0.980 0.048 0.077
0 0.042 0.247 0.045 0.072
0 0.710 0.212 0.048 0.077
0 0.508 0.253 0.042 0.067
0 0.829 0.952 0.042 0.067
0 0.161 0.158 0.048 0.077
0 0.478 0.157 0.044 0.070
0 0.756 0.550 0.041 0.065
0 0.650 0.630 0.048 0.077
0 0.605 0.530 0.048 0.077
0 0.568 0.313 0.036 0.058
0 0.054 0.015 0.048 0.077
0 0.134 0.583 0.036 0.058
0 0.455 0.375 0.045 0.072
0 0.537 0.445 0.048 0.077
0 0.354 0.427 0.036 0.058
0 0.465 0.080 0.048 0.077
0 0.735 0.363 0.040 0.063
0 0.933 0.000 0.044 0.070
0 0.820 0.582 0.041 0.065
0 0.435 0.038 0.047 0.075
0 0.031 0.135 0.035 0.057
0 0.739 0.703 0.037 0.060
0 0.116 0.778 0.042 0.067
0 0.678 0.348 0.047 0.075
0 0.819 0.250 0.044 0.070
0 0.694 0.900 0.037 0.060
0 0.494 0.397 0.048 0.077
0 0.980 0.055 0.048 0.077
0 0.457 0.715 0.044 0.070
0 0.646 0.420 0.042 0.067
