0 0.376 0.932 0.048 0.077
0 0.628 0.942 0.048 0.077
0 0.268 0.083 0.044 0.070
0 0.706 0.960 0.048 0.077
0 0.209 0.038 0.042 0.067
0 0.583 0.020 0.048 0.077
0 0.922 0.842 0.044 0.070
0 0.124 0.802 0.032 0.052
0 0.775 0.577 0.048 0.077
0 0.391 0.093 0.047 0.075
0 0.970 0.980 0.048 0.077
0 0.042 0.242 0.048 0.077
0 0.711 0.208 0.043 0.068
0 0.510 0.253 0.040 0.063
0 0.829 0.948 0.048 0.077
0 0.158 0.162 0.043 0.068
0 0.478 0.160 0.042 0.067
0 0.757 0.548 0.042 0.067
0 0.647 0.633 0.037 0.060
0 0.609 0.532 0.048 0.077
0 0.573 0.303 0.048 0.077
0 0.051 0.017 0.048 0.077
0 0.135 0.583 0.036 0.058
0 0.454 0.378 0.041 0.065
0 0.536 0.448 0.048 0.077
0 0.355 0.420 0.048 0.077
0 0.468 0.095 0.047 0.075
0 0.735 0.357 0.041 0.065
0 0.932 0.000 0.044 0.070
0 0.822 0.580 0.037 0.060
0 0.438 0.042 0.042 0.067
0 0.033 0.133 0.048 0.077
0 0.741 0.700 0.042 0.067
0 0.118 0.767 0.048 0.077
0 0.678 0.345 0.042 0.067
0 0.823 0.245 0.037 0.060
0 0.696 0.905 0.042 0.067
0 0.486 0.392 0.048 0.077
0 0.981 0.053 0.046 0.073
0 0.456 0.720 0.048 0.077
0 0.641 0.422 0.036 0.058
