0 0.105 0.513 0.048 0.077
0 0.026 0.785 0.045 0.072
0 0.856 0.303 0.035 0.057
0 0.757 0.903 0.035 0.057
0 0.058 0.272 0.043 0.068
0 0.033 0.378 0.041 0.065
0 0.694 0.553 0.042 0.067
0 0.664 0.562 0.044 0.070
0 0.058 0.827 0.036 0.058
0 0.805 0.152 0.042 0.067
0 0.621 0.577 0.048 0.077
0 0.076 0.640 0.041 0.065
0 0.122 0.418 0.037 0.060
0 0.654 0.997 0.040 0.063
0 0.021 0.417 0.042 0.067
0 0.099 0.450 0.042 0.067
0 0.641 0.520 0.042 0.067
0 0.073 0.517 0.048 0.077
0 0.160 0.052 0.037 0.060
0 0.829 0.762 0.040 0.063
0 0.597 0.030 0.035 0.057
0 0.999 0.182 0.032 0.052
0 0.536 0.245 0.041 0.065
0 0.415 0.365 0.042 0.067
0 0.399 0.112 0.035 0.057
0 0.856 0.875 0.042 0.067
0 0.210 0.520 0.042 0.067
0 0.511 0.833 0.041 0.065
0 0.081 0.590 0.037 0.060
0 0.728 0.207 0.042 0.067
0 0.000 0.667 0.042 0.067
