0 0.554 0.882 0.042 0.067
0 0.827 0.938 0.036 0.058
0 0.855 0.598 0.047 0.075
0 0.092 0.615 0.047 0.075
0 0.320 0.492 0.040 0.063
0 0.032 0.433 0.037 0.060
0 0.552 0.338 0.044 0.070
0 0.824 0.410 0.040 0.063
0 0.053 0.740 0.040 0.063
0 0.657 0.920 0.037 0.060
0 0.829 0.725 0.042 0.067
0 0.590 0.067 0.040 0.063
0 0.767 0.397 0.048 0.077
0 0.132 0.917 0.044 0.070
0 0.357 0.103 0.044 0.070
0 0.768 0.452 0.041 0.065
0 0.376 0.698 0.042 0.067
0 0.683 0.217 0.041 0.065
0 0.631 0.417 0.044 0.070
0 0.166 0.280 0.042 0.067
0 0.549 0.588 0.041 0.065
0 0.666 0.577 0.040 0.063
0 0.550 0.792 0.042 0.067
0 0.011 0.563 0.042 0.067
0 0.760 0.160 0.037 0.060
0 0.857 0.963 0.036 0.058
0 0.980 0.980 0.036 0.058
0 0.289 0.863 0.041 0.065
0 0.411 0.450 0.040 0.063
0 0.468 0.403 0.047 0.075
0 0.815 0.577 0.035 0.057
0 0.316 0.258 0.040 0.063
0 0.607 0.767 0.037 0.060
0 0.647 0.578 0.037 0.060
0 0.719 0.040 0.042 0.067
0 0.473 0.138 0.037 0.060
0 0.780 0.762 0.033 0.053
0 0.731 0.527 0.040 0.063
0 0.953 0.683 0.035 0.057
0 0.127 0.578 0.036 0.058
0 0.688 0.825 0.041 0.065
0 0.000 0.703 0.041 0.065
0 0.271 0.797 0.037 0.060
0 0.883 0.442 0.036 0.058
0 0.675 0.795 0.035 0.057
0 0.672 0.547 0.037 0.060
0 0.352 0.333 0.042 0.067
0 0.229 0.805 0.046 0.073
0 0.930 0.170 0.035 0.057
0 0.438 0.998 0.030 0.048
0 0.185 0.040 0.035 0.057
0 0.586 0.322 0.037 0.060
0 0.588 0.265 0.035 0.057
0 0.789 1.000 0.042 0.067
0 0.542 0.238 0.033 0.053
0 0.793 0.612 0.035 0.057
