0 0.540 0.415 0.043 0.068
0 0.209 0.493 0.048 0.077
0 0.650 0.442 0.044 0.070
0 0.395 0.570 0.044 0.070
0 0.667 0.527 0.044 0.070
0 0.290 0.177 0.048 0.077
0 0.584 0.988 0.037 0.060
0 0.672 0.215 0.042 0.067
0 0.703 0.755 0.048 0.077
0 0.223 0.430 0.044 0.070
0 0.345 0.473 0.044 0.070
0 0.793 0.660 0.044 0.070
0 0.963 0.887 0.037 0.060
0 0.342 0.998 0.041 0.065
0 0.192 0.368 0.048 0.077
0 0.822 0.505 0.037 0.060
0 0.901 0.800 0.042 0.067
0 0.730 0.137 0.042 0.067
0 0.646 0.768 0.048 0.077
0 0.167 0.573 0.036 0.058
0 0.029 0.738 0.035 0.057
0 0.282 0.392 0.048 0.077
0 0.049 0.025 0.042 0.067
0 0.283 0.985 0.048 0.077
