0 0.102 0.517 0.048 0.077
0 0.025 0.785 0.047 0.075
0 0.858 0.297 0.040 0.063
0 0.762 0.907 0.036 0.058
0 0.059 0.270 0.042 0.067
0 0.033 0.375 0.042 0.067
0 0.696 0.553 0.041 0.065
0 0.662 0.565 0.042 0.067
0 0.064 0.828 0.037 0.060
0 0.806 0.150 0.044 0.070
0 0.622 0.573 0.048 0.077
0 0.078 0.640 0.041 0.065
0 0.121 0.423 0.035 0.057
0 0.649 1.000 0.033 0.053
0 0.018 0.422 0.048 0.077
0 0.099 0.448 0.036 0.058
0 0.639 0.522 0.042 0.067
0 0.065 0.527 0.037 0.060
0 0.160 0.050 0.041 0.065
0 0.829 0.762 0.041 0.065
0 0.598 0.025 0.037 0.060
0 1.000 0.190 0.035 0.057
0 0.536 0.248 0.043 0.068
0 0.414 0.375 0.042 0.067
0 0.403 0.117 0.037 0.060
0 0.855 0.878 0.042 0.067
0 0.211 0.517 0.042 0.067
0 0.512 0.827 0.037 0.060
0 0.082 0.585 0.035 0.057
0 0.727 0.208 0.036 0.058
0 0.000 0.662 0.040 0.063
