0 0.330 0.653 0.047 0.075
0 0.993 0.297 0.048 0.077
0 0.899 0.255 0.044 0.070
0 0.528 0.008 0.048 0.077
0 0.756 0.287 0.048 0.077
0 0.101 0.810 0.048 0.077
0 0.575 0.572 0.030 0.048
0 0.764 0.405 0.040 0.063
0 0.565 0.360 0.041 0.065
0 0.637 0.727 0.042 0.067
0 0.445 0.747 0.041 0.065
0 0.665 0.308 0.048 0.077
0 0.621 0.352 0.041 0.065
0 0.738 0.605 0.046 0.073
0 0.532 0.362 0.037 0.060
0 0.327 0.777 0.037 0.060
0 0.409 0.698 0.042 0.067
0 0.498 0.667 0.037 0.060
0 0.579 0.883 0.034 0.055
0 0.724 0.245 0.042 0.067
0 0.767 0.790 0.035 0.057
0 0.592 0.233 0.048 0.077
0 0.956 0.985 0.046 0.073
0 0.627 0.252 0.035 0.057
0 0.011 0.362 0.048 0.077
