0 0.302 0.998 0.040 0.063
0 0.778 0.743 0.048 0.077
0 0.321 0.453 0.048 0.077
0 0.294 0.488 0.044 0.070
0 0.735 0.057 0.048 0.077
0 0.886 0.997 0.048 0.077
0 0.672 0.293 0.047 0.075
0 0.484 0.837 0.044 0.070
0 0.418 0.592 0.048 0.077
0 0.518 0.758 0.048 0.077
0 0.365 0.152 0.048 0.077
0 0.835 0.805 0.047 0.075
0 0.323 0.918 0.035 0.057
0 0.751 0.747 0.043 0.068
0 0.608 0.188 0.044 0.070
0 0.633 0.730 0.048 0.077
0 0.383 0.873 0.045 0.072
0 0.415 0.900 0.048 0.077
0 0.549 0.160 0.044 0.070
0 0.672 0.867 0.041 0.065
0 0.372 0.317 0.042 0.067
0 0.391 0.817 0.037 0.060
0 0.901 0.398 0.048 0.077
0 0.489 0.633 0.048 0.077
0 0.683 0.972 0.042 0.067
0 0.751 0.847 0.040 0.063
0 0.568 0.243 0.041 0.065
0 0.703 0.810 0.048 0.077
0 0.069 0.920 0.048 0.077
0 0.878 0.955 0.048 0.077
0 0.723 0.297 0.048 0.077
0 0.895 0.237 0.048 0.077
0 0.240 0.693 0.048 0.077
0 0.918 0.967 0.048 0.077
0 0.949 0.990 0.042 0.067
0 0.887 0.373 0.042 0.067
