0 0.536 0.855 0.043 0.068
0 0.834 0.948 0.048 0.077
0 0.849 0.592 0.045 0.072
0 0.104 0.595 0.044 0.070
0 0.329 0.473 0.041 0.065
0 0.028 0.457 0.036 0.058
0 0.557 0.323 0.041 0.065
0 0.823 0.407 0.042 0.067
0 0.059 0.713 0.041 0.065
0 0.655 0.908 0.035 0.057
0 0.836 0.755 0.041 0.065
0 0.598 0.055 0.041 0.065
0 0.757 0.387 0.041 0.065
0 0.131 0.907 0.048 0.077
0 0.351 0.093 0.044 0.070
0 0.753 0.415 0.036 0.058
0 0.372 0.717 0.041 0.065
0 0.679 0.220 0.037 0.060
0 0.627 0.407 0.045 0.072
0 0.172 0.273 0.042 0.067
0 0.549 0.550 0.040 0.063
0 0.661 0.582 0.041 0.065
0 0.544 0.765 0.042 0.067
0 0.008 0.552 0.043 0.068
0 0.775 0.158 0.036 0.058
0 0.867 0.947 0.037 0.060
0 0.972 0.968 0.037 0.060
0 0.292 0.872 0.043 0.068
0 0.415 0.482 0.042 0.067
0 0.467 0.420 0.048 0.077
0 0.797 0.570 0.042 0.067
0 0.314 0.277 0.042 0.067
0 0.586 0.763 0.040 0.063
0 0.646 0.578 0.034 0.055
0 0.732 0.025 0.044 0.070
0 0.484 0.120 0.032 0.052
0 0.789 0.747 0.034 0.055
0 0.754 0.540 0.037 0.060
0 0.952 0.712 0.033 0.053
0 0.126 0.598 0.037 0.060
0 0.676 0.838 0.036 0.058
0 0.019 0.715 0.048 0.077
0 0.287 0.832 0.036 0.058
0 0.881 0.445 0.034 0.055
0 0.668 0.787 0.033 0.053
0 0.664 0.555 0.035 0.057
0 0.365 0.307 0.040 0.063
0 0.234 0.785 0.042 0.067
0 0.923 0.182 0.035 0.057
0 0.457 1.000 0.035 0.057
0 0.181 0.057 0.033 0.053
0 0.590 0.293 0.046 0.073
0 0.589 0.267 0.036 0.058
0 0.787 0.997 0.033 0.053
0 0.549 0.207 0.035 0.057
0 0.814 0.610 0.043 0.068
