0 0.377 0.165 0.035 0.057
0 0.125 0.975 0.041 0.065
0 0.316 0.850 0.035 0.057
0 0.782 0.465 0.041 0.065
0 0.807 0.288 0.040 0.063
0 0.783 0.402 0.044 0.070
0 0.359 0.382 0.040 0.063
0 0.747 0.270 0.037 0.060
0 0.492 0.660 0.036 0.058
0 0.309 0.830 0.048 0.077
0 0.217 0.753 0.036 0.058
0 0.651 0.100 0.032 0.052
0 0.840 0.093 0.037 0.060
0 0.056 0.615 0.041 0.065
0 0.697 0.653 0.041 0.065
0 0.927 0.725 0.040 0.063
0 0.863 0.140 0.036 0.058
0 0.111 0.777 0.042 0.067
0 0.227 0.637 0.040 0.063
0 0.292 0.000 0.041 0.065
0 0.143 0.062 0.035 0.057
0 0.011 0.363 0.037 0.060
0 0.000 0.552 0.032 0.052
0 0.525 0.103 0.034 0.055
0 0.802 0.098 0.048 0.077
0 0.994 0.568 0.040 0.063
0 0.537 0.472 0.040 0.063
0 0.829 0.050 0.032 0.052
