0 0.379 0.157 0.040 0.063
0 0.122 0.968 0.041 0.065
0 0.329 0.838 0.035 0.057
0 0.782 0.472 0.041 0.065
0 0.805 0.278 0.040 0.063
0 0.780 0.395 0.042 0.067
0 0.355 0.375 0.040 0.063
0 0.749 0.277 0.042 0.067
0 0.495 0.650 0.036 0.058
0 0.304 0.822 0.037 0.060
0 0.207 0.755 0.041 0.065
0 0.655 0.108 0.032 0.052
0 0.838 0.100 0.040 0.063
0 0.059 0.620 0.041 0.065
0 0.691 0.653 0.041 0.065
0 0.925 0.732 0.036 0.058
0 0.869 0.145 0.037 0.060
0 0.118 0.773 0.041 0.065
0 0.231 0.643 0.037 0.060
0 0.291 0.000 0.046 0.073
0 0.154 0.062 0.035 0.057
0 0.008 0.367 0.044 0.070
0 0.000 0.548 0.041 0.065
0 0.523 0.112 0.036 0.058
0 0.803 0.090 0.032 0.052
0 0.991 0.572 0.041 0.065
0 0.540 0.462 0.035 0.057
0 0.825 0.063 0.035 0.057
