0 0.252 0.672 0.048 0.077
0 0.800 0.093 0.048 0.077
0 0.686 0.413 0.048 0.077
0 0.168 0.820 0.046 0.073
0 0.549 0.412 0.048 0.077
0 0.702 0.378 0.045 0.072
0 0.319 0.205 0.042 0.067
0 0.098 0.648 0.045 0.072
0 0.414 0.738 0.042 0.067
0 0.398 0.792 0.041 0.065
0 0.992 0.113 0.048 0.077
0 0.925 0.152 0.048 0.077
0 0.136 0.232 0.048 0.077
0 0.858 0.258 0.048 0.077
0 0.903 0.063 0.048 0.077
0 0.154 0.842 0.041 0.065
0 0.521 0.015 0.048 0.077
0 0.949 0.327 0.048 0.077
0 0.211 0.652 0.048 0.077
0 0.385 0.825 0.048 0.077
0 0.298 0.368 0.048 0.077
0 0.890 0.128 0.048 0.077
0 0.917 0.775 0.037 0.060
0 0.118 0.738 0.048 0.077
0 0.664 0.083 0.048 0.077
0 0.188 0.858 0.048 0.077
0 0.944 0.987 0.048 0.077
0 0.010 0.780 0.048 0.077
0 0.058 0.723 0.048 0.077
0 0.509 0.068 0.045 0.072
0 0.453 0.597 0.048 0.077
0 0.662 0.127 0.048 0.077
0 0.386 0.867 0.048 0.077
0 0.406 0.972 0.042 0.067
0 0.963 0.312 0.047 0.075
0 0.096 0.750 0.048 0.077
0 0.861 0.068 0.048 0.077
0 0.006 0.082 0.044 0.070
0 0.401 0.033 0.048 0.077
0 0.175 0.755 0.044 0.070
0 0.832 0.537 0.048 0.077
0 0.210 0.797 0.048 0.077
0 0.871 0.573 0.047 0.075
