0 0.867 0.085 0.048 0.077
0 0.277 0.630 0.048 0.077
0 0.154 0.018 0.048 0.077
0 0.890 0.150 0.048 0.077
0 0.527 0.825 0.044 0.070
0 0.184 0.030 0.046 0.073
0 0.540 0.078 0.048 0.077
0 0.717 0.683 0.044 0.070
0 0.338 0.503 0.048 0.077
0 0.487 0.883 0.046 0.073
0 0.321 0.988 0.044 0.070
0 0.346 0.028 0.048 0.077
0 0.835 0.487 0.030 0.048
0 1.000 0.035 0.048 0.077
0 0.344 0.153 0.048 0.077
0 0.273 0.482 0.046 0.073
0 0.863 0.375 0.040 0.063
0 0.795 0.497 0.048 0.077
0 0.145 0.992 0.048 0.077
0 0.452 0.010 0.044 0.070
