0 0.939 0.513 0.042 0.067
0 0.522 0.080 0.048 0.077
0 0.507 0.118 0.044 0.070
0 0.679 0.060 0.042 0.067
0 0.661 0.135 0.042 0.067
0 0.134 0.520 0.044 0.070
0 0.331 0.490 0.046 0.073
0 0.416 0.695 0.045 0.072
0 0.640 0.017 0.032 0.052
0 0.182 0.777 0.048 0.077
0 0.319 0.795 0.048 0.077
0 0.579 0.173 0.047 0.075
0 0.400 0.073 0.042 0.067
0 0.675 0.095 0.032 0.052
0 0.774 0.395 0.047 0.075
0 0.696 0.225 0.048 0.077
0 0.298 0.805 0.048 0.077
0 0.765 0.030 0.046 0.073
0 0.977 0.843 0.035 0.057
0 0.709 0.192 0.035 0.057
