0 0.330 0.655 0.047 0.075
0 0.990 0.295 0.044 0.070
0 0.899 0.255 0.044 0.070
0 0.528 0.010 0.048 0.077
0 0.759 0.282 0.048 0.077
0 0.101 0.808 0.048 0.077
0 0.582 0.562 0.033 0.053
0 0.766 0.403 0.041 0.065
0 0.564 0.363 0.042 0.067
0 0.633 0.720 0.035 0.057
0 0.445 0.750 0.040 0.063
0 0.667 0.308 0.048 0.077
0 0.617 0.353 0.043 0.068
0 0.735 0.605 0.046 0.073
0 0.540 0.363 0.037 0.060
0 0.323 0.778 0.035 0.057
0 0.410 0.698 0.040 0.063
0 0.496 0.662 0.044 0.070
0 0.579 0.885 0.035 0.057
0 0.725 0.250 0.037 0.060
0 0.765 0.792 0.036 0.058
0 0.595 0.232 0.048 0.077
0 0.958 0.988 0.043 0.068
0 0.627 0.240 0.037 0.060
0 0.006 0.360 0.048 0.077
