0 0.675 0.318 0.041 0.065
0 0.016 0.137 0.042 0.067
0 0.706 0.615 0.042 0.067
0 0.043 0.692 0.040 0.063
0 0.052 0.168 0.041 0.065
0 0.812 0.807 0.048 0.077
0 0.406 0.623 0.046 0.073
0 0.278 0.453 0.037 0.060
0 0.025 0.245 0.042 0.067
0 0.151 0.532 0.040 0.063
0 0.274 0.415 0.036 0.058
0 0.642 0.667 0.035 0.057
0 0.662 0.370 0.035 0.057
0 0.263 0.562 0.035 0.057
0 0.754 0.290 0.040 0.063
0 0.696 0.503 0.040 0.063
0 0.889 0.998 0.042 0.067
0 0.650 0.313 0.030 0.048
0 0.420 0.700 0.035 0.057
0 0.519 0.998 0.033 0.053
0 0.416 0.652 0.033 0.053
0 0.491 1.000 0.032 0.052
0 0.308 0.437 0.035 0.057
0 0.722 0.985 0.034 0.055
