0 0.099 0.520 0.048 0.077
0 0.025 0.790 0.048 0.077
0 0.871 0.283 0.040 0.063
0 0.769 0.923 0.033 0.053
0 0.065 0.262 0.041 0.065
0 0.026 0.370 0.044 0.070
0 0.701 0.555 0.040 0.063
0 0.664 0.567 0.041 0.065
0 0.073 0.832 0.035 0.057
0 0.805 0.160 0.044 0.070
0 0.610 0.573 0.037 0.060
0 0.076 0.640 0.035 0.057
0 0.119 0.440 0.035 0.057
0 0.646 0.998 0.040 0.063
0 0.028 0.425 0.041 0.065
0 0.091 0.440 0.040 0.063
0 0.637 0.527 0.048 0.077
0 0.056 0.528 0.048 0.077
0 0.167 0.042 0.037 0.060
0 0.829 0.762 0.040 0.063
0 0.592 0.012 0.037 0.060
0 1.000 0.208 0.037 0.060
0 0.543 0.257 0.040 0.063
0 0.400 0.393 0.041 0.065
0 0.414 0.137 0.037 0.060
0 0.859 0.890 0.043 0.068
0 0.207 0.512 0.042 0.067
0 0.510 0.810 0.035 0.057
0 0.083 0.598 0.044 0.070
0 0.729 0.233 0.040 0.063
0 0.000 0.633 0.037 0.060
