0 0.471 0.790 0.041 0.065
0 0.095 0.243 0.048 0.077
0 0.062 0.745 0.048 0.077
0 0.209 0.023 0.045 0.072
0 0.305 0.938 0.045 0.072
0 0.720 0.158 0.048 0.077
0 0.182 0.903 0.048 0.077
0 0.370 0.812 0.035 0.057
0 0.388 0.690 0.045 0.072
0 0.299 0.403 0.037 0.060
0 0.620 0.882 0.042 0.067
0 0.815 0.060 0.048 0.077
0 0.618 0.675 0.046 0.073
0 0.080 0.943 0.048 0.077
0 0.869 0.525 0.048 0.077
0 0.792 0.493 0.043 0.068
0 0.273 0.652 0.048 0.077
0 0.077 0.345 0.048 0.077
0 0.795 0.638 0.044 0.070
0 0.355 0.278 0.040 0.063
0 0.545 0.470 0.048 0.077
0 0.430 0.323 0.045 0.072
0 0.591 0.838 0.048 0.077
0 0.026 0.420 0.037 0.060
0 0.543 0.317 0.042 0.067
0 0.287 0.828 0.043 0.068
0 0.543 0.167 0.046 0.073
0 0.669 0.445 0.046 0.073
0 0.977 0.450 0.048 0.077
0 0.954 0.175 0.046 0.073
0 0.703 0.330 0.044 0.070
0 0.463 0.507 0.048 0.077
0 0.948 0.063 0.048 0.077
0 0.643 0.322 0.042 0.067
0 0.375 0.398 0.048 0.077
0 0.490 0.457 0.042 0.067
0 0.807 0.982 0.043 0.068
0 0.575 0.353 0.040 0.063
0 0.384 0.980 0.042 0.067
0 0.766 0.947 0.045 0.072
0 0.627 0.178 0.048 0.077
0 0.868 0.920 0.037 0.060
0 0.559 0.255 0.040 0.063
0 0.144 0.008 0.044 0.070
0 0.000 0.032 0.046 0.073
0 0.956 0.018 0.036 0.058
0 0.493 0.322 0.030 0.048
