0 0.677 0.325 0.040 0.063
0 0.015 0.147 0.037 0.060
0 0.706 0.618 0.040 0.063
0 0.048 0.685 0.048 0.077
0 0.053 0.188 0.048 0.077
0 0.814 0.803 0.042 0.067
0 0.405 0.618 0.041 0.065
0 0.277 0.453 0.044 0.070
0 0.025 0.243 0.042 0.067
0 0.155 0.532 0.040 0.063
0 0.276 0.408 0.048 0.077
0 0.639 0.673 0.035 0.057
0 0.664 0.372 0.040 0.063
0 0.260 0.562 0.036 0.058
0 0.754 0.287 0.036 0.058
0 0.695 0.505 0.036 0.058
0 0.891 0.995 0.042 0.067
0 0.651 0.313 0.033 0.053
0 0.419 0.700 0.035 0.057
0 0.518 1.000 0.035 0.057
0 0.415 0.652 0.033 0.053
0 0.491 1.000 0.032 0.052
0 0.308 0.437 0.036 0.058
0 0.725 0.988 0.035 0.057
