0 0.866 0.082 0.048 0.077
0 0.276 0.627 0.047 0.075
0 0.153 0.007 0.048 0.077
0 0.887 0.155 0.045 0.072
0 0.531 0.822 0.046 0.073
0 0.176 0.037 0.048 0.077
0 0.535 0.078 0.044 0.070
0 0.723 0.682 0.048 0.077
0 0.341 0.503 0.048 0.077
0 0.484 0.880 0.048 0.077
0 0.325 0.997 0.048 0.077
0 0.341 0.030 0.048 0.077
0 0.830 0.487 0.045 0.072
0 0.998 0.027 0.047 0.075
0 0.354 0.153 0.048 0.077
0 0.278 0.478 0.042 0.067
0 0.866 0.372 0.036 0.058
0 0.790 0.513 0.048 0.077
0 0.142 0.998 0.040 0.063
0 0.456 0.013 0.047 0.075
