0 0.303 0.998 0.037 0.060
0 0.778 0.743 0.048 0.077
0 0.323 0.453 0.048 0.077
0 0.294 0.488 0.044 0.070
0 0.736 0.057 0.048 0.077
0 0.886 0.998 0.048 0.077
0 0.671 0.295 0.048 0.077
0 0.479 0.843 0.047 0.075
0 0.419 0.588 0.033 0.053
0 0.517 0.765 0.048 0.077
0 0.370 0.155 0.048 0.077
0 0.829 0.798 0.048 0.077
0 0.316 0.918 0.048 0.077
0 0.750 0.747 0.042 0.067
0 0.608 0.185 0.041 0.065
0 0.636 0.728 0.048 0.077
0 0.383 0.875 0.046 0.073
0 0.415 0.902 0.048 0.077
0 0.550 0.158 0.043 0.068
0 0.674 0.857 0.048 0.077
0 0.371 0.317 0.048 0.077
0 0.393 0.815 0.044 0.070
0 0.898 0.405 0.048 0.077
0 0.492 0.633 0.048 0.077
0 0.682 0.978 0.048 0.077
0 0.751 0.847 0.041 0.065
0 0.568 0.243 0.041 0.065
0 0.700 0.807 0.041 0.065
0 0.066 0.915 0.037 0.060
0 0.877 0.962 0.035 0.057
0 0.722 0.297 0.046 0.073
0 0.895 0.240 0.035 0.057
0 0.243 0.698 0.048 0.077
0 0.914 0.962 0.048 0.077
0 0.949 0.988 0.041 0.065
0 0.890 0.377 0.033 0.053
