0 0.727 0.822 0.040 0.063
0 0.768 0.523 0.048 0.077
0 0.931 0.190 0.048 0.077
0 0.351 0.520 0.042 0.067
0 0.191 0.737 0.046 0.073
0 0.736 0.067 0.048 0.077
0 0.267 0.517 0.037 0.060
0 0.348 0.218 0.037 0.060
0 0.006 0.738 0.042 0.067
0 0.376 0.338 0.048 0.077
0 0.269 0.085 0.040 0.063
0 0.692 0.208 0.042 0.067
0 0.541 0.692 0.048 0.077
0 0.281 0.645 0.042 0.067
0 0.875 0.833 0.043 0.068
0 0.273 0.712 0.048 0.077
0 0.742 0.935 0.041 0.065
0 0.924 0.597 0.041 0.065
0 0.558 0.877 0.034 0.055
0 0.459 0.562 0.048 0.077
0 0.858 0.658 0.043 0.068
0 0.132 0.800 0.048 0.077
0 0.697 0.675 0.043 0.068
0 0.636 0.313 0.042 0.067
0 0.944 0.418 0.042 0.067
0 0.114 0.235 0.042 0.067
0 0.577 0.032 0.048 0.077
0 0.463 0.608 0.037 0.060
0 0.609 0.302 0.045 0.072
0 0.652 0.725 0.034 0.055
0 0.799 0.268 0.042 0.067
0 0.373 0.297 0.036 0.058
0 0.253 0.683 0.046 0.073
0 0.607 0.653 0.042 0.067
0 0.835 0.445 0.043 0.068
0 0.901 0.783 0.044 0.070
0 0.589 0.610 0.047 0.075
0 0.678 0.312 0.040 0.063
0 0.011 0.080 0.041 0.065
0 0.832 0.000 0.037 0.060
0 0.684 0.003 0.032 0.052
