0 0.283 0.475 0.044 0.070
0 0.208 0.472 0.041 0.065
0 0.209 0.610 0.046 0.073
0 0.215 0.643 0.048 0.077
0 0.227 0.735 0.048 0.077
0 0.319 0.842 0.042 0.067
0 0.367 0.817 0.047 0.075
0 0.102 0.343 0.048 0.077
0 0.643 0.762 0.037 0.060
0 0.395 0.233 0.046 0.073
0 0.030 0.763 0.042 0.067
0 0.575 0.233 0.042 0.067
0 0.226 0.153 0.042 0.067
0 0.183 0.503 0.048 0.077
0 0.172 0.758 0.034 0.055
0 0.797 0.365 0.043 0.068
0 0.108 0.363 0.037 0.060
0 0.885 0.738 0.042 0.067
0 0.382 0.492 0.040 0.063
0 0.377 0.780 0.035 0.057
0 0.867 0.998 0.048 0.077
