0 0.327 0.652 0.048 0.077
0 0.994 0.297 0.046 0.073
0 0.894 0.253 0.046 0.073
0 0.529 0.015 0.040 0.063
0 0.750 0.297 0.047 0.075
0 0.104 0.808 0.044 0.070
0 0.567 0.583 0.040 0.063
0 0.756 0.420 0.041 0.065
0 0.575 0.352 0.046 0.073
0 0.646 0.727 0.035 0.057
0 0.451 0.745 0.040 0.063
0 0.662 0.305 0.047 0.075
0 0.621 0.342 0.041 0.065
0 0.739 0.610 0.048 0.077
0 0.524 0.353 0.044 0.070
0 0.335 0.768 0.041 0.065
0 0.402 0.705 0.048 0.077
0 0.497 0.665 0.042 0.067
0 0.577 0.887 0.040 0.063
0 0.725 0.250 0.040 0.063
0 0.765 0.790 0.041 0.065
0 0.589 0.242 0.045 0.072
0 0.953 0.978 0.048 0.077
0 0.629 0.263 0.035 0.057
0 0.013 0.358 0.046 0.073
