0 0.540 0.413 0.040 0.063
0 0.210 0.492 0.044 0.070
0 0.648 0.440 0.044 0.070
0 0.395 0.567 0.043 0.068
0 0.667 0.527 0.043 0.068
0 0.289 0.177 0.047 0.075
0 0.583 0.988 0.040 0.063
0 0.672 0.210 0.044 0.070
0 0.704 0.755 0.046 0.073
0 0.223 0.428 0.044 0.070
0 0.346 0.477 0.042 0.067
0 0.795 0.657 0.045 0.072
0 0.961 0.890 0.035 0.057
0 0.341 1.000 0.041 0.065
0 0.192 0.375 0.045 0.072
0 0.821 0.502 0.036 0.058
0 0.901 0.800 0.041 0.065
0 0.728 0.138 0.041 0.065
0 0.648 0.773 0.044 0.070
0 0.167 0.575 0.037 0.060
0 0.031 0.737 0.035 0.057
0 0.283 0.393 0.043 0.068
0 0.050 0.023 0.042 0.067
0 0.285 0.985 0.048 0.077
