0 0.553 0.890 0.041 0.065
0 0.827 0.935 0.036 0.058
0 0.852 0.598 0.048 0.077
0 0.087 0.617 0.040 0.063
0 0.320 0.495 0.037 0.060
0 0.031 0.430 0.041 0.065
0 0.554 0.328 0.048 0.077
0 0.827 0.408 0.045 0.072
0 0.048 0.737 0.043 0.068
0 0.659 0.918 0.040 0.063
0 0.828 0.723 0.035 0.057
0 0.591 0.070 0.041 0.065
0 0.767 0.397 0.048 0.077
0 0.127 0.910 0.046 0.073
0 0.358 0.103 0.044 0.070
0 0.771 0.460 0.035 0.057
0 0.377 0.693 0.042 0.067
0 0.679 0.210 0.041 0.065
0 0.631 0.417 0.045 0.072
0 0.165 0.278 0.041 0.065
0 0.544 0.587 0.042 0.067
0 0.665 0.578 0.040 0.063
0 0.550 0.798 0.037 0.060
0 0.006 0.562 0.048 0.077
0 0.760 0.165 0.036 0.058
0 0.856 0.968 0.041 0.065
0 0.975 0.987 0.044 0.070
0 0.289 0.868 0.040 0.063
0 0.410 0.455 0.037 0.060
0 0.472 0.405 0.041 0.065
0 0.816 0.578 0.037 0.060
0 0.312 0.258 0.037 0.060
0 0.608 0.775 0.040 0.063
0 0.645 0.578 0.036 0.058
0 0.716 0.040 0.041 0.065
0 0.469 0.138 0.048 0.077
0 0.776 0.763 0.034 0.055
0 0.733 0.520 0.040 0.063
0 0.956 0.673 0.048 0.077
0 0.127 0.573 0.036 0.058
0 0.690 0.827 0.036 0.058
0 0.001 0.708 0.042 0.067
0 0.276 0.790 0.035 0.057
0 0.883 0.447 0.040 0.063
0 0.673 0.795 0.036 0.058
0 0.672 0.550 0.035 0.057
0 0.348 0.330 0.043 0.068
0 0.222 0.810 0.035 0.057
0 0.932 0.165 0.035 0.057
0 0.436 1.000 0.035 0.057
0 0.185 0.033 0.037 0.060
0 0.584 0.323 0.041 0.065
0 0.590 0.265 0.041 0.065
0 0.790 0.990 0.035 0.057
0 0.539 0.240 0.031 0.050
0 0.789 0.613 0.035 0.057
