0 0.865 0.085 0.047 0.075
0 0.274 0.627 0.048 0.077
0 0.154 0.017 0.048 0.077
0 0.889 0.145 0.047 0.075
0 0.530 0.820 0.047 0.075
0 0.177 0.037 0.048 0.077
0 0.535 0.080 0.044 0.070
0 0.717 0.685 0.048 0.077
0 0.341 0.503 0.048 0.077
0 0.485 0.882 0.048 0.077
0 0.325 0.998 0.046 0.073
0 0.342 0.030 0.048 0.077
0 0.832 0.487 0.048 0.077
0 0.996 0.043 0.048 0.077
0 0.349 0.155 0.048 0.077
0 0.275 0.483 0.047 0.075
0 0.866 0.373 0.034 0.055
0 0.794 0.500 0.048 0.077
0 0.144 1.000 0.037 0.060
0 0.444 0.000 0.044 0.070
