0 0.374 0.928 0.042 0.067
0 0.629 0.940 0.048 0.077
0 0.268 0.085 0.042 0.067
0 0.696 0.943 0.044 0.070
0 0.206 0.037 0.044 0.070
0 0.579 0.015 0.044 0.070
0 0.921 0.840 0.046 0.073
0 0.129 0.795 0.045 0.072
0 0.773 0.573 0.036 0.058
0 0.399 0.078 0.045 0.072
0 0.969 0.973 0.042 0.067
0 0.042 0.245 0.044 0.070
0 0.713 0.210 0.040 0.063
0 0.511 0.255 0.042 0.067
0 0.829 0.948 0.046 0.073
0 0.158 0.163 0.042 0.067
0 0.475 0.160 0.048 0.077
0 0.757 0.550 0.037 0.060
0 0.646 0.633 0.040 0.063
0 0.605 0.538 0.044 0.070
0 0.567 0.300 0.048 0.077
0 0.052 0.015 0.042 0.067
0 0.131 0.580 0.046 0.073
0 0.454 0.377 0.042 0.067
0 0.536 0.448 0.048 0.077
0 0.357 0.428 0.036 0.058
0 0.466 0.085 0.036 0.058
0 0.732 0.355 0.037 0.060
0 0.933 0.000 0.045 0.072
0 0.826 0.580 0.037 0.060
0 0.434 0.040 0.048 0.077
0 0.033 0.138 0.037 0.060
0 0.742 0.700 0.041 0.065
0 0.119 0.772 0.048 0.077
0 0.678 0.342 0.048 0.077
0 0.825 0.242 0.042 0.067
0 0.697 0.902 0.037 0.060
0 0.489 0.388 0.037 0.060
0 0.980 0.052 0.046 0.073
0 0.459 0.725 0.037 0.060
0 0.639 0.420 0.037 0.060
