0 0.291 0.987 0.037 0.060
0 0.775 0.745 0.046 0.073
0 0.322 0.462 0.047 0.075
0 0.291 0.492 0.048 0.077
0 0.741 0.043 0.041 0.065
0 0.889 0.998 0.044 0.070
0 0.673 0.290 0.046 0.073
0 0.496 0.825 0.046 0.073
0 0.412 0.593 0.042 0.067
0 0.517 0.767 0.048 0.077
0 0.375 0.163 0.035 0.057
0 0.826 0.813 0.048 0.077
0 0.315 0.900 0.045 0.072
0 0.752 0.752 0.035 0.057
0 0.608 0.188 0.048 0.077
0 0.644 0.730 0.048 0.077
0 0.386 0.877 0.041 0.065
0 0.417 0.905 0.048 0.077
0 0.554 0.170 0.041 0.065
0 0.676 0.872 0.034 0.055
0 0.373 0.317 0.042 0.067
0 0.407 0.805 0.035 0.057
0 0.906 0.402 0.048 0.077
0 0.489 0.627 0.048 0.077
0 0.684 0.973 0.048 0.077
0 0.743 0.860 0.037 0.060
0 0.575 0.237 0.048 0.077
0 0.703 0.822 0.048 0.077
0 0.070 0.933 0.037 0.060
0 0.876 0.955 0.048 0.077
0 0.720 0.297 0.048 0.077
0 0.886 0.253 0.048 0.077
0 0.236 0.702 0.042 0.067
0 0.919 0.967 0.048 0.077
0 0.958 0.987 0.048 0.077
0 0.887 0.378 0.037 0.060
