0 0.253 0.668 0.046 0.073
0 0.795 0.085 0.048 0.077
0 0.690 0.418 0.047 0.075
0 0.172 0.817 0.045 0.072
0 0.550 0.403 0.048 0.077
0 0.709 0.385 0.046 0.073
0 0.321 0.213 0.036 0.058
0 0.108 0.645 0.048 0.077
0 0.394 0.747 0.048 0.077
0 0.410 0.800 0.048 0.077
0 0.999 0.118 0.048 0.077
0 0.917 0.163 0.048 0.077
0 0.144 0.203 0.034 0.055
0 0.854 0.250 0.044 0.070
0 0.900 0.070 0.044 0.070
0 0.153 0.850 0.042 0.067
0 0.522 0.013 0.048 0.077
0 0.950 0.327 0.048 0.077
0 0.218 0.652 0.044 0.070
0 0.389 0.817 0.048 0.077
0 0.299 0.365 0.048 0.077
0 0.884 0.118 0.048 0.077
0 0.918 0.780 0.043 0.068
0 0.116 0.742 0.048 0.077
0 0.674 0.090 0.048 0.077
0 0.188 0.858 0.048 0.077
0 0.955 1.000 0.048 0.077
0 0.013 0.795 0.048 0.077
0 0.059 0.707 0.048 0.077
0 0.509 0.063 0.044 0.070
0 0.444 0.615 0.041 0.065
0 0.678 0.115 0.048 0.077
0 0.389 0.870 0.048 0.077
0 0.410 0.962 0.042 0.067
0 0.974 0.312 0.046 0.073
0 0.102 0.730 0.047 0.075
0 0.865 0.068 0.048 0.077
0 0.016 0.080 0.048 0.077
0 0.400 0.035 0.044 0.070
0 0.172 0.755 0.044 0.070
0 0.831 0.537 0.037 0.060
0 0.216 0.780 0.044 0.070
0 0.880 0.583 0.048 0.077
