0 0.723 0.822 0.037 0.060
0 0.769 0.513 0.048 0.077
0 0.920 0.202 0.036 0.058
0 0.354 0.522 0.048 0.077
0 0.191 0.732 0.046 0.073
0 0.734 0.068 0.048 0.077
0 0.280 0.518 0.041 0.065
0 0.340 0.222 0.036 0.058
0 0.000 0.732 0.047 0.075
0 0.373 0.340 0.048 0.077
0 0.269 0.102 0.035 0.057
0 0.689 0.212 0.044 0.070
0 0.540 0.688 0.046 0.073
0 0.279 0.642 0.044 0.070
0 0.878 0.837 0.044 0.070
0 0.273 0.712 0.044 0.070
0 0.748 0.947 0.041 0.065
0 0.924 0.595 0.042 0.067
0 0.547 0.880 0.040 0.063
0 0.460 0.560 0.040 0.063
0 0.856 0.663 0.043 0.068
0 0.135 0.805 0.042 0.067
0 0.699 0.675 0.044 0.070
0 0.629 0.320 0.037 0.060
0 0.954 0.418 0.035 0.057
0 0.117 0.235 0.040 0.063
0 0.580 0.027 0.042 0.067
0 0.455 0.613 0.042 0.067
0 0.606 0.303 0.042 0.067
0 0.655 0.730 0.047 0.075
0 0.798 0.263 0.044 0.070
0 0.382 0.307 0.044 0.070
0 0.259 0.690 0.048 0.077
0 0.605 0.657 0.040 0.063
0 0.832 0.447 0.040 0.063
0 0.905 0.782 0.042 0.067
0 0.589 0.610 0.047 0.075
0 0.675 0.318 0.037 0.060
0 0.011 0.085 0.048 0.077
0 0.826 0.000 0.039 0.062
0 0.676 0.000 0.048 0.077
