0 0.537 0.855 0.040 0.063
0 0.834 0.958 0.045 0.072
0 0.848 0.588 0.043 0.068
0 0.106 0.597 0.045 0.072
0 0.329 0.473 0.041 0.065
0 0.026 0.452 0.043 0.068
0 0.555 0.335 0.048 0.077
0 0.822 0.407 0.044 0.070
0 0.057 0.715 0.042 0.067
0 0.654 0.903 0.037 0.060
0 0.835 0.755 0.042 0.067
0 0.598 0.055 0.041 0.065
0 0.758 0.388 0.041 0.065
0 0.130 0.907 0.048 0.077
0 0.351 0.090 0.042 0.067
0 0.755 0.418 0.037 0.060
0 0.370 0.715 0.042 0.067
0 0.679 0.218 0.035 0.057
0 0.627 0.410 0.048 0.077
0 0.170 0.273 0.043 0.068
0 0.553 0.553 0.042 0.067
0 0.661 0.582 0.040 0.063
0 0.543 0.763 0.036 0.058
0 0.007 0.548 0.042 0.067
0 0.774 0.158 0.035 0.057
0 0.869 0.950 0.034 0.055
0 0.973 0.967 0.037 0.060
0 0.294 0.872 0.040 0.063
0 0.415 0.482 0.042 0.067
0 0.469 0.425 0.042 0.067
0 0.797 0.568 0.042 0.067
0 0.311 0.278 0.040 0.063
0 0.585 0.763 0.035 0.057
0 0.647 0.577 0.036 0.058
0 0.731 0.032 0.037 0.060
0 0.487 0.117 0.041 0.065
0 0.789 0.747 0.035 0.057
0 0.753 0.542 0.037 0.060
0 0.953 0.710 0.040 0.063
0 0.127 0.595 0.040 0.063
0 0.674 0.840 0.035 0.057
0 0.019 0.710 0.035 0.057
0 0.283 0.828 0.037 0.060
0 0.881 0.447 0.035 0.057
0 0.668 0.787 0.036 0.058
0 0.662 0.552 0.034 0.055
0 0.367 0.307 0.040 0.063
0 0.233 0.775 0.042 0.067
0 0.921 0.180 0.034 0.055
0 0.460 0.997 0.041 0.065
0 0.180 0.053 0.036 0.058
0 0.591 0.297 0.044 0.070
0 0.589 0.267 0.036 0.058
0 0.785 1.000 0.035 0.057
0 0.550 0.212 0.030 0.048
0 0.818 0.608 0.042 0.067
