0 0.666 0.325 0.042 0.067
0 0.017 0.137 0.041 0.065
0 0.706 0.615 0.041 0.065
0 0.022 0.675 0.044 0.070
0 0.052 0.170 0.037 0.060
0 0.805 0.782 0.035 0.057
0 0.404 0.617 0.037 0.060
0 0.280 0.435 0.048 0.077
0 0.030 0.247 0.048 0.077
0 0.138 0.527 0.042 0.067
0 0.271 0.415 0.041 0.065
0 0.660 0.662 0.035 0.057
0 0.653 0.377 0.037 0.060
0 0.279 0.563 0.035 0.057
0 0.761 0.282 0.034 0.055
0 0.696 0.503 0.040 0.063
0 0.875 0.998 0.048 0.077
0 0.652 0.323 0.041 0.065
0 0.418 0.697 0.037 0.060
0 0.519 0.998 0.034 0.055
0 0.414 0.653 0.035 0.057
0 0.491 1.000 0.032 0.052
0 0.309 0.435 0.034 0.055
0 0.708 1.000 0.032 0.052
