0 0.923 0.512 0.043 0.068
0 0.523 0.082 0.048 0.077
0 0.509 0.115 0.044 0.070
0 0.674 0.060 0.041 0.065
0 0.658 0.128 0.047 0.075
0 0.150 0.518 0.048 0.077
0 0.342 0.482 0.047 0.075
0 0.408 0.673 0.048 0.077
0 0.627 0.042 0.048 0.077
0 0.192 0.772 0.048 0.077
0 0.323 0.775 0.048 0.077
0 0.572 0.177 0.047 0.075
0 0.397 0.075 0.048 0.077
0 0.693 0.100 0.048 0.077
0 0.773 0.410 0.048 0.077
0 0.690 0.230 0.041 0.065
0 0.299 0.810 0.048 0.077
0 0.761 0.038 0.044 0.070
0 0.986 0.833 0.042 0.067
0 0.710 0.192 0.036 0.058
