0 0.295 0.993 0.040 0.063
0 0.776 0.743 0.046 0.073
0 0.321 0.458 0.047 0.075
0 0.294 0.490 0.044 0.070
0 0.739 0.033 0.048 0.077
0 0.887 1.000 0.048 0.077
0 0.668 0.288 0.048 0.077
0 0.492 0.828 0.033 0.053
0 0.417 0.590 0.048 0.077
0 0.520 0.762 0.042 0.067
0 0.369 0.157 0.048 0.077
0 0.823 0.808 0.048 0.077
0 0.322 0.912 0.035 0.057
0 0.752 0.748 0.044 0.070
0 0.608 0.188 0.041 0.065
0 0.639 0.740 0.043 0.068
0 0.390 0.873 0.046 0.073
0 0.416 0.905 0.048 0.077
0 0.549 0.167 0.042 0.067
0 0.677 0.870 0.048 0.077
0 0.367 0.325 0.048 0.077
0 0.405 0.812 0.048 0.077
0 0.904 0.397 0.042 0.067
0 0.489 0.630 0.048 0.077
0 0.684 0.975 0.047 0.075
0 0.745 0.852 0.037 0.060
0 0.571 0.242 0.040 0.063
0 0.706 0.817 0.046 0.073
0 0.068 0.925 0.041 0.065
0 0.878 0.958 0.044 0.070
0 0.715 0.297 0.048 0.077
0 0.894 0.248 0.037 0.060
0 0.241 0.700 0.035 0.057
0 0.917 0.968 0.045 0.072
0 0.954 0.982 0.046 0.073
0 0.886 0.378 0.036 0.058
