0 0.297 1.000 0.048 0.077
0 0.775 0.742 0.046 0.073
0 0.321 0.458 0.046 0.073
0 0.294 0.495 0.048 0.077
0 0.740 0.047 0.044 0.070
0 0.886 1.000 0.048 0.077
0 0.669 0.290 0.046 0.073
0 0.484 0.830 0.042 0.067
0 0.416 0.590 0.037 0.060
0 0.519 0.768 0.048 0.077
0 0.370 0.157 0.048 0.077
0 0.828 0.810 0.048 0.077
0 0.321 0.910 0.036 0.058
0 0.752 0.757 0.048 0.077
0 0.608 0.192 0.043 0.068
0 0.640 0.738 0.040 0.063
0 0.381 0.877 0.048 0.077
0 0.418 0.907 0.048 0.077
0 0.550 0.172 0.045 0.072
0 0.676 0.870 0.035 0.057
0 0.370 0.315 0.048 0.077
0 0.402 0.813 0.037 0.060
0 0.903 0.397 0.041 0.065
0 0.492 0.623 0.035 0.057
0 0.684 0.970 0.042 0.067
0 0.745 0.855 0.040 0.063
0 0.571 0.242 0.040 0.063
0 0.700 0.815 0.048 0.077
0 0.069 0.927 0.042 0.067
0 0.877 0.957 0.048 0.077
0 0.714 0.298 0.048 0.077
0 0.894 0.250 0.037 0.060
0 0.237 0.697 0.048 0.077
0 0.914 0.965 0.048 0.077
0 0.956 0.983 0.048 0.077
0 0.889 0.380 0.035 0.057
