0 0.666 0.328 0.048 0.077
0 0.019 0.140 0.048 0.077
0 0.706 0.615 0.040 0.063
0 0.026 0.683 0.041 0.065
0 0.055 0.177 0.048 0.077
0 0.805 0.788 0.036 0.058
0 0.406 0.617 0.036 0.058
0 0.281 0.445 0.037 0.060
0 0.031 0.248 0.048 0.077
0 0.141 0.532 0.037 0.060
0 0.272 0.413 0.042 0.067
0 0.658 0.660 0.033 0.053
0 0.656 0.375 0.041 0.065
0 0.277 0.562 0.035 0.057
0 0.759 0.283 0.033 0.053
0 0.696 0.503 0.040 0.063
0 0.882 1.000 0.044 0.070
0 0.652 0.320 0.040 0.063
0 0.418 0.697 0.040 0.063
0 0.519 1.000 0.032 0.052
0 0.416 0.655 0.032 0.052
0 0.490 1.000 0.033 0.053
0 0.306 0.438 0.032 0.052
0 0.711 1.000 0.031 0.050
