0 0.278 0.470 0.044 0.070
0 0.206 0.488 0.048 0.077
0 0.210 0.608 0.043 0.068
0 0.225 0.653 0.037 0.060
0 0.226 0.737 0.042 0.067
0 0.324 0.840 0.040 0.063
0 0.371 0.818 0.043 0.068
0 0.093 0.333 0.048 0.077
0 0.647 0.760 0.042 0.067
0 0.402 0.243 0.042 0.067
0 0.032 0.757 0.042 0.067
0 0.578 0.250 0.048 0.077
0 0.224 0.162 0.042 0.067
0 0.185 0.498 0.043 0.068
0 0.173 0.762 0.040 0.063
0 0.796 0.358 0.048 0.077
0 0.107 0.365 0.048 0.077
0 0.883 0.735 0.042 0.067
0 0.394 0.483 0.048 0.077
0 0.373 0.778 0.048 0.077
0 0.870 0.985 0.048 0.077
