0 0.105 0.515 0.048 0.077
0 0.024 0.787 0.048 0.077
0 0.859 0.298 0.035 0.057
0 0.760 0.907 0.036 0.058
0 0.059 0.268 0.042 0.067
0 0.034 0.377 0.040 0.063
0 0.695 0.553 0.040 0.063
0 0.662 0.563 0.042 0.067
0 0.059 0.828 0.037 0.060
0 0.803 0.152 0.044 0.070
0 0.620 0.582 0.040 0.063
0 0.077 0.637 0.037 0.060
0 0.120 0.422 0.036 0.058
0 0.651 0.998 0.044 0.070
0 0.023 0.422 0.040 0.063
0 0.098 0.452 0.037 0.060
0 0.641 0.525 0.046 0.073
0 0.070 0.523 0.048 0.077
0 0.163 0.050 0.040 0.063
0 0.829 0.762 0.040 0.063
0 0.597 0.027 0.037 0.060
0 0.998 0.188 0.035 0.057
0 0.537 0.248 0.041 0.065
0 0.414 0.373 0.042 0.067
0 0.403 0.115 0.036 0.058
0 0.857 0.877 0.044 0.070
0 0.210 0.515 0.044 0.070
0 0.512 0.827 0.040 0.063
0 0.085 0.587 0.035 0.057
0 0.727 0.213 0.042 0.067
0 0.000 0.662 0.042 0.067
