0 0.723 0.818 0.040 0.063
0 0.767 0.512 0.048 0.077
0 0.922 0.200 0.035 0.057
0 0.351 0.522 0.044 0.070
0 0.189 0.732 0.045 0.072
0 0.735 0.068 0.047 0.075
0 0.281 0.520 0.041 0.065
0 0.342 0.225 0.035 0.057
0 0.001 0.737 0.048 0.077
0 0.372 0.343 0.048 0.077
0 0.270 0.107 0.037 0.060
0 0.691 0.212 0.044 0.070
0 0.537 0.687 0.045 0.072
0 0.278 0.640 0.042 0.067
0 0.878 0.835 0.045 0.072
0 0.273 0.712 0.047 0.075
0 0.749 0.962 0.048 0.077
0 0.923 0.592 0.040 0.063
0 0.549 0.877 0.041 0.065
0 0.460 0.558 0.037 0.060
0 0.856 0.665 0.040 0.063
0 0.138 0.803 0.041 0.065
0 0.699 0.675 0.043 0.068
0 0.630 0.323 0.041 0.065
0 0.955 0.420 0.037 0.060
0 0.117 0.235 0.042 0.067
0 0.576 0.023 0.040 0.063
0 0.453 0.610 0.043 0.068
0 0.608 0.300 0.046 0.073
0 0.649 0.728 0.035 0.057
0 0.794 0.268 0.042 0.067
0 0.380 0.305 0.037 0.060
0 0.259 0.688 0.048 0.077
0 0.608 0.655 0.043 0.068
0 0.831 0.447 0.041 0.065
0 0.905 0.782 0.042 0.067
0 0.585 0.613 0.041 0.065
0 0.676 0.320 0.041 0.065
0 0.004 0.090 0.048 0.077
0 0.827 0.000 0.040 0.063
0 0.675 0.002 0.043 0.068
