0 0.096 0.523 0.048 0.077
0 0.025 0.795 0.047 0.075
0 0.874 0.283 0.037 0.060
0 0.774 0.933 0.035 0.057
0 0.065 0.265 0.048 0.077
0 0.022 0.372 0.042 0.067
0 0.703 0.553 0.041 0.065
0 0.664 0.567 0.040 0.063
0 0.080 0.838 0.040 0.063
0 0.806 0.162 0.044 0.070
0 0.608 0.570 0.037 0.060
0 0.076 0.645 0.037 0.060
0 0.121 0.445 0.042 0.067
0 0.647 1.000 0.033 0.053
0 0.033 0.423 0.040 0.063
0 0.089 0.442 0.040 0.063
0 0.635 0.528 0.048 0.077
0 0.055 0.537 0.046 0.073
0 0.166 0.038 0.037 0.060
0 0.830 0.763 0.036 0.058
0 0.588 0.012 0.036 0.058
0 1.000 0.213 0.035 0.057
0 0.548 0.255 0.042 0.067
0 0.393 0.393 0.044 0.070
0 0.416 0.148 0.040 0.063
0 0.860 0.895 0.044 0.070
0 0.204 0.510 0.042 0.067
0 0.508 0.802 0.041 0.065
0 0.087 0.592 0.040 0.063
0 0.727 0.242 0.036 0.058
0 0.005 0.628 0.044 0.070
