0 0.467 0.800 0.043 0.068
0 0.103 0.225 0.042 0.067
0 0.065 0.747 0.048 0.077
0 0.211 0.012 0.042 0.067
0 0.309 0.945 0.048 0.077
0 0.721 0.152 0.047 0.075
0 0.186 0.890 0.045 0.072
0 0.373 0.812 0.041 0.065
0 0.378 0.682 0.042 0.067
0 0.291 0.387 0.042 0.067
0 0.617 0.880 0.048 0.077
0 0.815 0.052 0.047 0.075
0 0.619 0.682 0.044 0.070
0 0.085 0.942 0.048 0.077
0 0.871 0.518 0.043 0.068
0 0.798 0.492 0.044 0.070
0 0.273 0.657 0.048 0.077
0 0.077 0.333 0.048 0.077
0 0.803 0.630 0.044 0.070
0 0.369 0.273 0.040 0.063
0 0.543 0.468 0.048 0.077
0 0.427 0.333 0.045 0.072
0 0.586 0.848 0.047 0.075
0 0.034 0.435 0.041 0.065
0 0.540 0.312 0.048 0.077
0 0.285 0.840 0.046 0.073
0 0.541 0.163 0.048 0.077
0 0.667 0.443 0.047 0.075
0 0.974 0.460 0.048 0.077
0 0.954 0.177 0.046 0.073
0 0.697 0.323 0.048 0.077
0 0.467 0.515 0.046 0.073
0 0.955 0.063 0.044 0.070
0 0.647 0.313 0.044 0.070
0 0.373 0.383 0.041 0.065
0 0.492 0.458 0.041 0.065
0 0.807 0.982 0.048 0.077
0 0.571 0.362 0.041 0.065
0 0.389 0.990 0.048 0.077
0 0.757 0.932 0.047 0.075
0 0.625 0.190 0.046 0.073
0 0.880 0.915 0.036 0.058
0 0.566 0.245 0.041 0.065
0 0.141 0.000 0.044 0.070
0 0.000 0.038 0.035 0.057
0 0.961 0.035 0.036 0.058
0 0.494 0.322 0.029 0.047
