0 0.380 0.152 0.033 0.053
0 0.121 0.967 0.042 0.067
0 0.336 0.837 0.044 0.070
0 0.780 0.475 0.040 0.063
0 0.802 0.275 0.041 0.065
0 0.781 0.388 0.043 0.068
0 0.355 0.367 0.040 0.063
0 0.754 0.277 0.041 0.065
0 0.497 0.645 0.037 0.060
0 0.301 0.827 0.040 0.063
0 0.201 0.758 0.040 0.063
0 0.660 0.113 0.035 0.057
0 0.836 0.100 0.041 0.065
0 0.059 0.627 0.042 0.067
0 0.685 0.657 0.040 0.063
0 0.926 0.742 0.037 0.060
0 0.875 0.152 0.035 0.057
0 0.122 0.770 0.041 0.065
0 0.234 0.648 0.037 0.060
0 0.286 0.000 0.045 0.072
0 0.158 0.067 0.040 0.063
0 0.006 0.368 0.043 0.068
0 0.010 0.547 0.041 0.065
0 0.521 0.118 0.034 0.055
0 0.798 0.085 0.035 0.057
0 0.984 0.575 0.040 0.063
0 0.545 0.458 0.036 0.058
0 0.821 0.072 0.032 0.052
