0 0.546 0.860 0.042 0.067
0 0.832 0.967 0.042 0.067
0 0.854 0.593 0.048 0.077
0 0.099 0.617 0.042 0.067
0 0.324 0.482 0.040 0.063
0 0.028 0.447 0.040 0.063
0 0.554 0.312 0.035 0.057
0 0.824 0.407 0.042 0.067
0 0.060 0.732 0.042 0.067
0 0.652 0.917 0.040 0.063
0 0.830 0.747 0.043 0.068
0 0.590 0.055 0.041 0.065
0 0.762 0.388 0.040 0.063
0 0.132 0.917 0.044 0.070
0 0.358 0.088 0.048 0.077
0 0.758 0.427 0.044 0.070
0 0.372 0.705 0.042 0.067
0 0.686 0.222 0.042 0.067
0 0.630 0.422 0.042 0.067
0 0.171 0.280 0.042 0.067
0 0.553 0.565 0.037 0.060
0 0.665 0.582 0.037 0.060
0 0.552 0.777 0.042 0.067
0 0.008 0.555 0.044 0.070
0 0.767 0.152 0.037 0.060
0 0.860 0.957 0.036 0.058
0 0.976 0.970 0.035 0.057
0 0.292 0.867 0.042 0.067
0 0.423 0.455 0.048 0.077
0 0.469 0.415 0.048 0.077
0 0.804 0.570 0.037 0.060
0 0.318 0.270 0.040 0.063
0 0.594 0.755 0.036 0.058
0 0.647 0.583 0.034 0.055
0 0.726 0.035 0.042 0.067
0 0.483 0.118 0.048 0.077
0 0.784 0.757 0.035 0.057
0 0.742 0.545 0.040 0.063
0 0.950 0.697 0.036 0.058
0 0.126 0.590 0.037 0.060
0 0.678 0.830 0.041 0.065
0 0.011 0.715 0.037 0.060
0 0.270 0.822 0.035 0.057
0 0.879 0.437 0.034 0.055
0 0.672 0.783 0.036 0.058
0 0.668 0.547 0.033 0.053
0 0.362 0.327 0.042 0.067
0 0.234 0.793 0.034 0.055
0 0.927 0.178 0.037 0.060
0 0.453 1.000 0.031 0.050
0 0.185 0.048 0.036 0.058
0 0.592 0.308 0.042 0.067
0 0.585 0.268 0.036 0.058
0 0.791 1.000 0.042 0.067
0 0.545 0.225 0.033 0.053
0 0.806 0.605 0.041 0.065
