0 0.278 0.468 0.046 0.073
0 0.209 0.482 0.048 0.077
0 0.212 0.612 0.048 0.077
0 0.223 0.652 0.044 0.070
0 0.226 0.733 0.042 0.067
0 0.324 0.843 0.041 0.065
0 0.373 0.817 0.042 0.067
0 0.093 0.335 0.046 0.073
0 0.648 0.755 0.042 0.067
0 0.400 0.248 0.042 0.067
0 0.031 0.760 0.046 0.073
0 0.575 0.250 0.041 0.065
0 0.224 0.163 0.043 0.068
0 0.185 0.500 0.044 0.070
0 0.173 0.757 0.034 0.055
0 0.802 0.358 0.035 0.057
0 0.102 0.367 0.048 0.077
0 0.883 0.732 0.042 0.067
0 0.388 0.488 0.044 0.070
0 0.377 0.780 0.035 0.057
0 0.870 0.990 0.046 0.073
