0 0.375 0.933 0.048 0.077
0 0.630 0.940 0.048 0.077
0 0.266 0.088 0.048 0.077
0 0.704 0.953 0.048 0.077
0 0.203 0.035 0.043 0.068
0 0.579 0.028 0.030 0.048
0 0.918 0.842 0.046 0.073
0 0.130 0.797 0.048 0.077
0 0.774 0.573 0.042 0.067
0 0.396 0.085 0.048 0.077
0 0.971 0.968 0.037 0.060
0 0.041 0.242 0.045 0.072
0 0.709 0.203 0.042 0.067
0 0.522 0.253 0.048 0.077
0 0.835 0.948 0.048 0.077
0 0.156 0.173 0.043 0.068
0 0.479 0.170 0.042 0.067
0 0.758 0.547 0.041 0.065
0 0.648 0.633 0.037 0.060
0 0.607 0.538 0.042 0.067
0 0.573 0.297 0.041 0.065
0 0.051 0.025 0.048 0.077
0 0.133 0.580 0.042 0.067
0 0.455 0.372 0.046 0.073
0 0.534 0.452 0.048 0.077
0 0.362 0.430 0.042 0.067
0 0.467 0.095 0.048 0.077
0 0.732 0.343 0.039 0.062
0 0.932 0.000 0.048 0.077
0 0.827 0.580 0.048 0.077
0 0.436 0.038 0.046 0.073
0 0.030 0.138 0.042 0.067
0 0.742 0.693 0.036 0.058
0 0.117 0.762 0.048 0.077
0 0.682 0.347 0.037 0.060
0 0.833 0.243 0.035 0.057
0 0.702 0.900 0.035 0.057
0 0.487 0.392 0.042 0.067
0 0.979 0.053 0.048 0.077
0 0.454 0.732 0.037 0.060
0 0.635 0.413 0.035 0.057
