0 0.724 0.820 0.036 0.058
0 0.772 0.522 0.045 0.072
0 0.929 0.195 0.044 0.070
0 0.350 0.522 0.043 0.068
0 0.191 0.732 0.045 0.072
0 0.736 0.060 0.042 0.067
0 0.274 0.522 0.042 0.067
0 0.344 0.222 0.034 0.055
0 0.000 0.737 0.047 0.075
0 0.373 0.337 0.048 0.077
0 0.270 0.097 0.036 0.058
0 0.689 0.212 0.048 0.077
0 0.537 0.690 0.037 0.060
0 0.280 0.647 0.048 0.077
0 0.876 0.832 0.043 0.068
0 0.274 0.713 0.044 0.070
0 0.743 0.938 0.044 0.070
0 0.925 0.595 0.041 0.065
0 0.549 0.887 0.042 0.067
0 0.463 0.563 0.040 0.063
0 0.857 0.663 0.045 0.072
0 0.134 0.808 0.044 0.070
0 0.697 0.675 0.043 0.068
0 0.635 0.318 0.041 0.065
0 0.951 0.423 0.035 0.057
0 0.117 0.227 0.041 0.065
0 0.580 0.028 0.042 0.067
0 0.458 0.610 0.043 0.068
0 0.610 0.302 0.047 0.075
0 0.650 0.725 0.034 0.055
0 0.796 0.268 0.044 0.070
0 0.377 0.295 0.040 0.063
0 0.255 0.687 0.047 0.075
0 0.607 0.653 0.042 0.067
0 0.831 0.445 0.042 0.067
0 0.903 0.782 0.042 0.067
0 0.588 0.613 0.048 0.077
0 0.678 0.317 0.041 0.065
0 0.010 0.088 0.043 0.068
0 0.830 0.000 0.036 0.058
0 0.678 0.000 0.047 0.075
