0 0.468 0.808 0.041 0.065
0 0.099 0.242 0.048 0.077
0 0.065 0.750 0.048 0.077
0 0.215 0.000 0.045 0.072
0 0.310 0.943 0.048 0.077
0 0.723 0.153 0.044 0.070
0 0.190 0.890 0.048 0.077
0 0.373 0.815 0.040 0.063
0 0.376 0.675 0.048 0.077
0 0.297 0.375 0.042 0.067
0 0.621 0.878 0.048 0.077
0 0.809 0.050 0.048 0.077
0 0.619 0.685 0.047 0.075
0 0.084 0.945 0.045 0.072
0 0.872 0.513 0.043 0.068
0 0.801 0.495 0.042 0.067
0 0.273 0.648 0.048 0.077
0 0.077 0.337 0.048 0.077
0 0.807 0.618 0.044 0.070
0 0.378 0.275 0.042 0.067
0 0.548 0.470 0.042 0.067
0 0.424 0.332 0.044 0.070
0 0.580 0.852 0.048 0.077
0 0.037 0.445 0.037 0.060
0 0.539 0.312 0.048 0.077
0 0.287 0.842 0.045 0.072
0 0.540 0.170 0.042 0.067
0 0.665 0.445 0.047 0.075
0 0.971 0.458 0.044 0.070
0 0.953 0.178 0.047 0.075
0 0.698 0.327 0.044 0.070
0 0.467 0.512 0.042 0.067
0 0.958 0.065 0.046 0.073
0 0.645 0.310 0.048 0.077
0 0.376 0.372 0.042 0.067
0 0.494 0.462 0.041 0.065
0 0.808 0.977 0.045 0.072
0 0.565 0.358 0.037 0.060
0 0.386 0.987 0.042 0.067
0 0.770 0.940 0.048 0.077
0 0.619 0.187 0.036 0.058
0 0.889 0.917 0.034 0.055
0 0.572 0.240 0.037 0.060
0 0.143 0.015 0.041 0.065
0 0.006 0.035 0.045 0.072
0 0.963 0.045 0.032 0.052
0 0.494 0.318 0.040 0.063
