0 0.380 0.158 0.037 0.060
0 0.122 0.972 0.041 0.065
0 0.323 0.838 0.042 0.067
0 0.783 0.468 0.041 0.065
0 0.806 0.283 0.037 0.060
0 0.781 0.400 0.043 0.068
0 0.355 0.377 0.042 0.067
0 0.750 0.278 0.040 0.063
0 0.494 0.650 0.040 0.063
0 0.304 0.822 0.041 0.065
0 0.208 0.753 0.040 0.063
0 0.653 0.108 0.034 0.055
0 0.836 0.098 0.041 0.065
0 0.057 0.620 0.042 0.067
0 0.692 0.653 0.037 0.060
0 0.925 0.733 0.037 0.060
0 0.869 0.140 0.041 0.065
0 0.117 0.773 0.043 0.068
0 0.228 0.643 0.037 0.060
0 0.287 0.000 0.042 0.067
0 0.149 0.060 0.034 0.055
0 0.008 0.365 0.044 0.070
0 0.000 0.547 0.035 0.057
0 0.522 0.108 0.040 0.063
0 0.800 0.092 0.036 0.058
0 0.991 0.572 0.040 0.063
0 0.541 0.462 0.035 0.057
0 0.824 0.065 0.037 0.060
