0 0.380 0.157 0.037 0.060
0 0.124 0.970 0.041 0.065
0 0.323 0.837 0.042 0.067
0 0.783 0.470 0.041 0.065
0 0.806 0.282 0.040 0.063
0 0.781 0.400 0.043 0.068
0 0.355 0.378 0.042 0.067
0 0.748 0.273 0.040 0.063
0 0.495 0.653 0.034 0.055
0 0.305 0.820 0.037 0.060
0 0.211 0.752 0.040 0.063
0 0.652 0.105 0.034 0.055
0 0.839 0.098 0.040 0.063
0 0.058 0.617 0.041 0.065
0 0.692 0.653 0.042 0.067
0 0.926 0.728 0.036 0.058
0 0.869 0.138 0.042 0.067
0 0.116 0.777 0.041 0.065
0 0.230 0.643 0.040 0.063
0 0.291 0.000 0.037 0.060
0 0.150 0.062 0.035 0.057
0 0.008 0.365 0.044 0.070
0 0.000 0.552 0.040 0.063
0 0.525 0.108 0.033 0.053
0 0.803 0.093 0.031 0.050
0 0.992 0.570 0.041 0.065
0 0.539 0.465 0.034 0.055
0 0.825 0.058 0.035 0.057
