0 0.330 0.653 0.048 0.077
0 0.992 0.293 0.048 0.077
0 0.898 0.252 0.044 0.070
0 0.528 0.010 0.048 0.077
0 0.756 0.288 0.048 0.077
0 0.097 0.812 0.048 0.077
0 0.577 0.568 0.032 0.052
0 0.760 0.407 0.040 0.063
0 0.565 0.350 0.046 0.073
0 0.636 0.727 0.042 0.067
0 0.449 0.755 0.037 0.060
0 0.664 0.307 0.046 0.073
0 0.621 0.352 0.042 0.067
0 0.736 0.603 0.048 0.077
0 0.535 0.358 0.046 0.073
0 0.326 0.773 0.032 0.052
0 0.407 0.695 0.037 0.060
0 0.496 0.660 0.048 0.077
0 0.580 0.883 0.036 0.058
0 0.725 0.250 0.041 0.065
0 0.768 0.790 0.035 0.057
0 0.592 0.233 0.048 0.077
0 0.954 0.985 0.048 0.077
0 0.626 0.253 0.035 0.057
0 0.008 0.357 0.047 0.075
