0 0.724 0.818 0.040 0.063
0 0.768 0.515 0.047 0.075
0 0.923 0.198 0.035 0.057
0 0.350 0.522 0.045 0.072
0 0.191 0.730 0.045 0.072
0 0.734 0.067 0.048 0.077
0 0.275 0.520 0.036 0.058
0 0.342 0.223 0.034 0.055
0 0.000 0.733 0.048 0.077
0 0.373 0.335 0.044 0.070
0 0.271 0.100 0.040 0.063
0 0.690 0.210 0.044 0.070
0 0.539 0.688 0.046 0.073
0 0.278 0.642 0.043 0.068
0 0.877 0.837 0.043 0.068
0 0.272 0.717 0.040 0.063
0 0.748 0.942 0.048 0.077
0 0.925 0.595 0.043 0.068
0 0.547 0.885 0.044 0.070
0 0.460 0.562 0.042 0.067
0 0.856 0.662 0.042 0.067
0 0.136 0.805 0.042 0.067
0 0.697 0.673 0.044 0.070
0 0.631 0.322 0.037 0.060
0 0.953 0.418 0.037 0.060
0 0.117 0.235 0.037 0.060
0 0.578 0.027 0.042 0.067
0 0.456 0.610 0.040 0.063
0 0.603 0.302 0.037 0.060
0 0.656 0.732 0.046 0.073
0 0.797 0.267 0.042 0.067
0 0.379 0.302 0.036 0.058
0 0.258 0.688 0.046 0.073
0 0.606 0.657 0.040 0.063
0 0.831 0.450 0.042 0.067
0 0.906 0.782 0.044 0.070
0 0.589 0.608 0.045 0.072
0 0.677 0.318 0.042 0.067
0 0.007 0.088 0.048 0.077
0 0.828 0.000 0.039 0.062
0 0.673 0.000 0.046 0.073
