0 0.541 0.857 0.042 0.067
0 0.835 0.960 0.048 0.077
0 0.851 0.590 0.046 0.073
0 0.106 0.600 0.048 0.077
0 0.327 0.475 0.037 0.060
0 0.028 0.453 0.037 0.060
0 0.548 0.352 0.048 0.077
0 0.823 0.410 0.043 0.068
0 0.059 0.718 0.040 0.063
0 0.652 0.908 0.036 0.058
0 0.834 0.753 0.043 0.068
0 0.595 0.055 0.040 0.063
0 0.761 0.390 0.042 0.067
0 0.129 0.908 0.048 0.077
0 0.353 0.088 0.043 0.068
0 0.758 0.423 0.037 0.060
0 0.371 0.710 0.043 0.068
0 0.680 0.227 0.044 0.070
0 0.627 0.410 0.048 0.077
0 0.172 0.277 0.042 0.067
0 0.551 0.555 0.037 0.060
0 0.661 0.580 0.041 0.065
0 0.548 0.762 0.048 0.077
0 0.006 0.552 0.045 0.072
0 0.772 0.152 0.037 0.060
0 0.869 0.952 0.033 0.053
0 0.974 0.972 0.040 0.063
0 0.294 0.870 0.040 0.063
0 0.421 0.452 0.040 0.063
0 0.469 0.423 0.044 0.070
0 0.801 0.570 0.042 0.067
0 0.314 0.275 0.042 0.067
0 0.588 0.760 0.035 0.057
0 0.648 0.577 0.042 0.067
0 0.729 0.028 0.041 0.065
0 0.485 0.118 0.040 0.063
0 0.789 0.750 0.033 0.053
0 0.749 0.545 0.040 0.063
0 0.953 0.705 0.037 0.060
0 0.127 0.595 0.036 0.058
0 0.674 0.837 0.035 0.057
0 0.018 0.717 0.048 0.077
0 0.277 0.828 0.037 0.060
0 0.880 0.442 0.033 0.053
0 0.668 0.785 0.034 0.055
0 0.665 0.552 0.035 0.057
0 0.367 0.312 0.042 0.067
0 0.235 0.787 0.035 0.057
0 0.924 0.180 0.032 0.052
0 0.456 0.998 0.032 0.052
0 0.182 0.053 0.036 0.058
0 0.593 0.300 0.044 0.070
0 0.586 0.265 0.036 0.058
0 0.787 1.000 0.037 0.060
0 0.551 0.215 0.032 0.052
0 0.812 0.608 0.042 0.067
