0 0.374 0.172 0.035 0.057
0 0.127 0.983 0.043 0.068
0 0.311 0.857 0.048 0.077
0 0.780 0.462 0.037 0.060
0 0.805 0.300 0.042 0.067
0 0.791 0.403 0.043 0.068
0 0.364 0.387 0.042 0.067
0 0.746 0.263 0.040 0.063
0 0.487 0.667 0.035 0.057
0 0.312 0.828 0.040 0.063
0 0.225 0.755 0.037 0.060
0 0.649 0.087 0.032 0.052
0 0.841 0.087 0.043 0.068
0 0.058 0.603 0.041 0.065
0 0.701 0.663 0.037 0.060
0 0.931 0.715 0.037 0.060
0 0.858 0.135 0.043 0.068
0 0.107 0.780 0.042 0.067
0 0.223 0.635 0.040 0.063
0 0.296 0.000 0.047 0.075
0 0.132 0.065 0.036 0.058
0 0.011 0.362 0.042 0.067
0 0.002 0.552 0.035 0.057
0 0.528 0.093 0.032 0.052
0 0.794 0.112 0.030 0.048
0 0.999 0.560 0.042 0.067
0 0.536 0.478 0.036 0.058
0 0.832 0.045 0.035 0.057
