0 0.299 0.998 0.041 0.065
0 0.777 0.743 0.048 0.077
0 0.318 0.460 0.042 0.067
0 0.292 0.493 0.048 0.077
0 0.733 0.045 0.048 0.077
0 0.886 0.998 0.048 0.077
0 0.671 0.290 0.045 0.072
0 0.483 0.830 0.048 0.077
0 0.418 0.598 0.036 0.058
0 0.519 0.767 0.044 0.070
0 0.370 0.153 0.047 0.075
0 0.830 0.805 0.043 0.068
0 0.322 0.910 0.048 0.077
0 0.753 0.745 0.048 0.077
0 0.609 0.190 0.042 0.067
0 0.635 0.740 0.048 0.077
0 0.385 0.875 0.044 0.070
0 0.415 0.902 0.048 0.077
0 0.548 0.165 0.046 0.073
0 0.673 0.867 0.042 0.067
0 0.370 0.322 0.035 0.057
0 0.394 0.817 0.036 0.058
0 0.905 0.402 0.042 0.067
0 0.498 0.625 0.032 0.052
0 0.684 0.972 0.042 0.067
0 0.748 0.850 0.037 0.060
0 0.569 0.243 0.041 0.065
0 0.699 0.812 0.048 0.077
0 0.068 0.930 0.048 0.077
0 0.878 0.965 0.037 0.060
0 0.722 0.298 0.044 0.070
0 0.892 0.247 0.042 0.067
0 0.244 0.698 0.048 0.077
0 0.916 0.968 0.048 0.077
0 0.952 0.983 0.044 0.070
0 0.891 0.377 0.048 0.077
