0 0.943 0.508 0.041 0.065
0 0.523 0.087 0.048 0.077
0 0.505 0.118 0.045 0.072
0 0.679 0.065 0.047 0.075
0 0.665 0.135 0.048 0.077
0 0.132 0.518 0.048 0.077
0 0.327 0.492 0.048 0.077
0 0.418 0.697 0.048 0.077
0 0.623 0.010 0.047 0.075
0 0.180 0.778 0.047 0.075
0 0.317 0.798 0.047 0.075
0 0.580 0.177 0.048 0.077
0 0.399 0.072 0.044 0.070
0 0.676 0.095 0.047 0.075
0 0.776 0.392 0.048 0.077
0 0.695 0.228 0.042 0.067
0 0.298 0.812 0.048 0.077
0 0.772 0.035 0.047 0.075
0 0.973 0.835 0.045 0.072
0 0.711 0.192 0.037 0.060
