0 0.728 0.823 0.037 0.060
0 0.768 0.527 0.048 0.077
0 0.930 0.185 0.045 0.072
0 0.350 0.513 0.048 0.077
0 0.190 0.733 0.041 0.065
0 0.735 0.063 0.047 0.075
0 0.265 0.513 0.037 0.060
0 0.349 0.215 0.036 0.058
0 0.005 0.738 0.048 0.077
0 0.375 0.348 0.048 0.077
0 0.269 0.080 0.036 0.058
0 0.695 0.210 0.045 0.072
0 0.542 0.695 0.047 0.075
0 0.282 0.645 0.044 0.070
0 0.874 0.837 0.045 0.072
0 0.271 0.717 0.042 0.067
0 0.739 0.937 0.042 0.067
0 0.924 0.598 0.042 0.067
0 0.557 0.882 0.044 0.070
0 0.465 0.572 0.042 0.067
0 0.857 0.658 0.044 0.070
0 0.127 0.807 0.041 0.065
0 0.696 0.673 0.044 0.070
0 0.640 0.308 0.042 0.067
0 0.941 0.417 0.037 0.060
0 0.118 0.232 0.046 0.073
0 0.579 0.030 0.042 0.067
0 0.465 0.605 0.041 0.065
0 0.607 0.302 0.037 0.060
0 0.652 0.723 0.033 0.053
0 0.801 0.270 0.044 0.070
0 0.368 0.290 0.035 0.057
0 0.252 0.683 0.048 0.077
0 0.608 0.653 0.044 0.070
0 0.836 0.443 0.042 0.067
0 0.902 0.778 0.042 0.067
0 0.586 0.608 0.042 0.067
0 0.679 0.310 0.040 0.063
0 0.013 0.072 0.034 0.055
0 0.833 0.000 0.041 0.065
0 0.689 0.000 0.043 0.068
