0 0.376 0.932 0.048 0.077
0 0.630 0.942 0.048 0.077
0 0.269 0.092 0.041 0.065
0 0.710 0.960 0.048 0.077
0 0.204 0.037 0.044 0.070
0 0.579 0.028 0.048 0.077
0 0.917 0.850 0.035 0.057
0 0.132 0.792 0.048 0.077
0 0.772 0.567 0.044 0.070
0 0.401 0.075 0.048 0.077
0 0.971 0.968 0.040 0.063
0 0.043 0.243 0.048 0.077
0 0.714 0.208 0.048 0.077
0 0.516 0.255 0.037 0.060
0 0.833 0.952 0.048 0.077
0 0.159 0.167 0.035 0.057
0 0.480 0.168 0.043 0.068
0 0.757 0.548 0.041 0.065
0 0.647 0.635 0.040 0.063
0 0.607 0.540 0.045 0.072
0 0.572 0.298 0.036 0.058
0 0.053 0.023 0.041 0.065
0 0.132 0.582 0.042 0.067
0 0.454 0.373 0.040 0.063
0 0.535 0.447 0.048 0.077
0 0.359 0.435 0.048 0.077
0 0.469 0.095 0.046 0.073
0 0.732 0.343 0.040 0.063
0 0.932 0.000 0.046 0.073
0 0.825 0.580 0.035 0.057
0 0.438 0.047 0.048 0.077
0 0.033 0.133 0.048 0.077
0 0.744 0.690 0.048 0.077
0 0.117 0.773 0.037 0.060
0 0.682 0.345 0.041 0.065
0 0.830 0.243 0.037 0.060
0 0.702 0.895 0.048 0.077
0 0.489 0.385 0.035 0.057
0 0.979 0.050 0.044 0.070
0 0.453 0.727 0.048 0.077
0 0.634 0.417 0.036 0.058
