0 0.381 0.142 0.040 0.063
0 0.117 0.967 0.042 0.067
0 0.340 0.840 0.043 0.068
0 0.778 0.477 0.041 0.065
0 0.800 0.275 0.037 0.060
0 0.783 0.385 0.044 0.070
0 0.355 0.363 0.041 0.065
0 0.756 0.272 0.042 0.067
0 0.497 0.635 0.036 0.058
0 0.302 0.830 0.042 0.067
0 0.198 0.758 0.040 0.063
0 0.664 0.118 0.035 0.057
0 0.835 0.102 0.042 0.067
0 0.061 0.628 0.041 0.065
0 0.688 0.660 0.040 0.063
0 0.925 0.745 0.036 0.058
0 0.877 0.157 0.035 0.057
0 0.122 0.772 0.042 0.067
0 0.237 0.655 0.046 0.073
0 0.296 0.008 0.042 0.067
0 0.165 0.067 0.034 0.055
0 0.009 0.372 0.042 0.067
0 0.011 0.545 0.036 0.058
0 0.522 0.120 0.047 0.075
0 0.795 0.073 0.042 0.067
0 0.984 0.575 0.042 0.067
0 0.549 0.458 0.033 0.053
0 0.821 0.083 0.034 0.055
