0 0.541 0.412 0.042 0.067
0 0.210 0.490 0.045 0.072
0 0.647 0.443 0.042 0.067
0 0.392 0.567 0.042 0.067
0 0.667 0.528 0.044 0.070
0 0.289 0.175 0.048 0.077
0 0.583 0.985 0.041 0.065
0 0.671 0.210 0.044 0.070
0 0.702 0.755 0.048 0.077
0 0.225 0.428 0.043 0.068
0 0.350 0.473 0.042 0.067
0 0.795 0.658 0.045 0.072
0 0.960 0.893 0.035 0.057
0 0.344 1.000 0.032 0.052
0 0.192 0.378 0.044 0.070
0 0.822 0.505 0.036 0.058
0 0.902 0.798 0.040 0.063
0 0.728 0.143 0.044 0.070
0 0.647 0.768 0.046 0.073
0 0.166 0.580 0.044 0.070
0 0.033 0.737 0.035 0.057
0 0.283 0.387 0.045 0.072
0 0.050 0.023 0.041 0.065
0 0.285 0.982 0.045 0.072
