0 0.530 0.412 0.041 0.065
0 0.208 0.495 0.048 0.077
0 0.654 0.442 0.045 0.072
0 0.393 0.575 0.044 0.070
0 0.672 0.525 0.045 0.072
0 0.290 0.187 0.048 0.077
0 0.579 1.000 0.037 0.060
0 0.675 0.213 0.044 0.070
0 0.716 0.762 0.048 0.077
0 0.216 0.423 0.044 0.070
0 0.333 0.507 0.036 0.058
0 0.810 0.667 0.042 0.067
0 0.957 0.848 0.040 0.063
0 0.341 1.000 0.036 0.058
0 0.192 0.363 0.042 0.067
0 0.809 0.475 0.042 0.067
0 0.902 0.785 0.042 0.067
0 0.739 0.110 0.042 0.067
0 0.646 0.762 0.048 0.077
0 0.167 0.577 0.042 0.067
0 0.019 0.757 0.040 0.063
0 0.281 0.408 0.037 0.060
0 0.041 0.020 0.037 0.060
0 0.267 0.998 0.043 0.068
