0 0.668 0.320 0.040 0.063
0 0.020 0.142 0.048 0.077
0 0.706 0.617 0.037 0.060
0 0.026 0.682 0.040 0.063
0 0.053 0.177 0.046 0.073
0 0.806 0.787 0.036 0.058
0 0.404 0.608 0.048 0.077
0 0.284 0.447 0.042 0.067
0 0.027 0.247 0.046 0.073
0 0.142 0.532 0.035 0.057
0 0.273 0.412 0.043 0.068
0 0.657 0.658 0.035 0.057
0 0.655 0.378 0.040 0.063
0 0.278 0.563 0.035 0.057
0 0.760 0.287 0.040 0.063
0 0.696 0.503 0.040 0.063
0 0.881 0.997 0.043 0.068
0 0.649 0.325 0.044 0.070
0 0.421 0.690 0.048 0.077
0 0.520 1.000 0.033 0.053
0 0.416 0.652 0.032 0.052
0 0.492 0.998 0.033 0.053
0 0.308 0.435 0.033 0.053
0 0.711 1.000 0.032 0.052
