0 0.468 0.792 0.043 0.068
0 0.095 0.247 0.048 0.077
0 0.062 0.745 0.048 0.077
0 0.209 0.018 0.047 0.075
0 0.307 0.940 0.044 0.070
0 0.719 0.158 0.047 0.075
0 0.183 0.895 0.042 0.067
0 0.372 0.810 0.042 0.067
0 0.384 0.688 0.044 0.070
0 0.294 0.402 0.040 0.063
0 0.621 0.882 0.046 0.073
0 0.817 0.060 0.047 0.075
0 0.618 0.675 0.046 0.073
0 0.076 0.943 0.044 0.070
0 0.869 0.523 0.046 0.073
0 0.793 0.492 0.048 0.077
0 0.270 0.655 0.042 0.067
0 0.078 0.337 0.042 0.067
0 0.797 0.637 0.044 0.070
0 0.358 0.275 0.040 0.063
0 0.546 0.468 0.045 0.072
0 0.429 0.327 0.043 0.068
0 0.590 0.838 0.048 0.077
0 0.030 0.420 0.048 0.077
0 0.548 0.317 0.046 0.073
0 0.286 0.833 0.044 0.070
0 0.542 0.167 0.046 0.073
0 0.668 0.443 0.047 0.075
0 0.969 0.453 0.048 0.077
0 0.955 0.178 0.048 0.077
0 0.702 0.328 0.044 0.070
0 0.463 0.503 0.048 0.077
0 0.948 0.065 0.048 0.077
0 0.646 0.318 0.045 0.072
0 0.376 0.397 0.048 0.077
0 0.491 0.460 0.044 0.070
0 0.804 0.973 0.034 0.055
0 0.573 0.358 0.042 0.067
0 0.386 0.985 0.048 0.077
0 0.769 0.945 0.048 0.077
0 0.625 0.182 0.044 0.070
0 0.870 0.918 0.037 0.060
0 0.560 0.258 0.048 0.077
0 0.140 0.000 0.047 0.075
0 0.000 0.040 0.031 0.050
0 0.960 0.018 0.041 0.065
0 0.493 0.323 0.030 0.048
