0 0.865 0.082 0.047 0.075
0 0.273 0.628 0.048 0.077
0 0.145 0.000 0.047 0.075
0 0.879 0.152 0.048 0.077
0 0.543 0.817 0.048 0.077
0 0.163 0.035 0.048 0.077
0 0.542 0.070 0.044 0.070
0 0.729 0.688 0.044 0.070
0 0.348 0.507 0.048 0.077
0 0.486 0.870 0.047 0.075
0 0.320 1.000 0.048 0.077
0 0.334 0.022 0.048 0.077
0 0.824 0.503 0.048 0.077
0 0.984 0.040 0.044 0.070
0 0.361 0.157 0.047 0.075
0 0.284 0.507 0.048 0.077
0 0.861 0.375 0.041 0.065
0 0.794 0.510 0.048 0.077
0 0.130 1.000 0.044 0.070
0 0.468 0.013 0.035 0.057
