0 0.372 0.933 0.037 0.060
0 0.629 0.940 0.047 0.075
0 0.268 0.087 0.042 0.067
0 0.703 0.953 0.048 0.077
0 0.206 0.037 0.044 0.070
0 0.578 0.015 0.033 0.053
0 0.920 0.847 0.048 0.077
0 0.130 0.795 0.045 0.072
0 0.773 0.573 0.037 0.060
0 0.395 0.088 0.048 0.077
0 0.967 0.978 0.048 0.077
0 0.042 0.247 0.045 0.072
0 0.716 0.215 0.048 0.077
0 0.512 0.255 0.042 0.067
0 0.831 0.952 0.046 0.073
0 0.157 0.165 0.043 0.068
0 0.478 0.163 0.042 0.067
0 0.757 0.552 0.037 0.060
0 0.645 0.637 0.042 0.067
0 0.604 0.538 0.042 0.067
0 0.569 0.305 0.040 0.063
0 0.052 0.017 0.048 0.077
0 0.134 0.588 0.044 0.070
0 0.456 0.372 0.048 0.077
0 0.536 0.452 0.048 0.077
0 0.359 0.422 0.048 0.077
0 0.468 0.097 0.048 0.077
0 0.732 0.353 0.043 0.068
0 0.933 0.000 0.045 0.072
0 0.822 0.580 0.035 0.057
0 0.435 0.038 0.047 0.075
0 0.033 0.138 0.037 0.060
0 0.741 0.698 0.036 0.058
0 0.118 0.767 0.048 0.077
0 0.677 0.342 0.048 0.077
0 0.828 0.245 0.041 0.065
0 0.692 0.900 0.048 0.077
0 0.489 0.388 0.037 0.060
0 0.978 0.052 0.042 0.067
0 0.457 0.718 0.048 0.077
0 0.639 0.418 0.035 0.057
