0 0.554 0.890 0.042 0.067
0 0.825 0.935 0.037 0.060
0 0.853 0.597 0.048 0.077
0 0.084 0.618 0.044 0.070
0 0.319 0.492 0.042 0.067
0 0.031 0.432 0.040 0.063
0 0.551 0.333 0.042 0.067
0 0.825 0.408 0.043 0.068
0 0.047 0.738 0.048 0.077
0 0.659 0.918 0.040 0.063
0 0.828 0.723 0.042 0.067
0 0.589 0.070 0.041 0.065
0 0.765 0.385 0.033 0.053
0 0.128 0.912 0.048 0.077
0 0.355 0.103 0.042 0.067
0 0.771 0.458 0.035 0.057
0 0.377 0.697 0.042 0.067
0 0.680 0.213 0.040 0.063
0 0.632 0.415 0.044 0.070
0 0.163 0.278 0.041 0.065
0 0.546 0.587 0.035 0.057
0 0.666 0.578 0.040 0.063
0 0.550 0.797 0.041 0.065
0 0.010 0.560 0.048 0.077
0 0.761 0.162 0.037 0.060
0 0.855 0.962 0.037 0.060
0 0.975 0.992 0.048 0.077
0 0.289 0.865 0.041 0.065
0 0.411 0.455 0.042 0.067
0 0.469 0.410 0.046 0.073
0 0.816 0.578 0.036 0.058
0 0.314 0.258 0.040 0.063
0 0.608 0.773 0.037 0.060
0 0.646 0.578 0.037 0.060
0 0.716 0.042 0.042 0.067
0 0.472 0.143 0.042 0.067
0 0.777 0.763 0.035 0.057
0 0.732 0.523 0.035 0.057
0 0.954 0.678 0.036 0.058
0 0.126 0.575 0.040 0.063
0 0.688 0.825 0.035 0.057
0 0.000 0.707 0.044 0.070
0 0.275 0.792 0.035 0.057
0 0.883 0.445 0.040 0.063
0 0.673 0.793 0.035 0.057
0 0.671 0.548 0.040 0.063
0 0.348 0.333 0.042 0.067
0 0.223 0.803 0.048 0.077
0 0.932 0.167 0.035 0.057
0 0.441 1.000 0.032 0.052
0 0.185 0.037 0.034 0.055
0 0.586 0.322 0.042 0.067
0 0.589 0.265 0.036 0.058
0 0.791 0.990 0.035 0.057
0 0.539 0.237 0.033 0.053
0 0.791 0.612 0.036 0.058
