0 0.286 0.472 0.043 0.068
0 0.209 0.467 0.042 0.067
0 0.211 0.608 0.046 0.073
0 0.215 0.645 0.042 0.067
0 0.228 0.733 0.048 0.077
0 0.315 0.848 0.044 0.070
0 0.364 0.828 0.044 0.070
0 0.102 0.340 0.041 0.065
0 0.642 0.773 0.037 0.060
0 0.393 0.230 0.043 0.068
0 0.028 0.770 0.042 0.067
0 0.571 0.227 0.042 0.067
0 0.224 0.147 0.048 0.077
0 0.185 0.498 0.041 0.065
0 0.172 0.757 0.034 0.055
0 0.796 0.363 0.044 0.070
0 0.110 0.367 0.042 0.067
0 0.882 0.742 0.042 0.067
0 0.379 0.485 0.044 0.070
0 0.375 0.782 0.042 0.067
0 0.870 0.997 0.035 0.057
