0 0.539 0.410 0.046 0.073
0 0.208 0.492 0.048 0.077
0 0.652 0.440 0.044 0.070
0 0.397 0.573 0.044 0.070
0 0.670 0.523 0.044 0.070
0 0.291 0.182 0.048 0.077
0 0.584 0.997 0.042 0.067
0 0.674 0.208 0.045 0.072
0 0.713 0.757 0.048 0.077
0 0.219 0.427 0.042 0.067
0 0.336 0.487 0.042 0.067
0 0.803 0.672 0.042 0.067
0 0.963 0.867 0.037 0.060
0 0.330 1.000 0.031 0.050
0 0.191 0.370 0.044 0.070
0 0.816 0.485 0.040 0.063
0 0.899 0.793 0.042 0.067
0 0.735 0.125 0.043 0.068
0 0.644 0.765 0.048 0.077
0 0.169 0.573 0.035 0.057
0 0.021 0.743 0.042 0.067
0 0.279 0.408 0.046 0.073
0 0.044 0.020 0.044 0.070
0 0.272 0.985 0.042 0.067
