0 0.672 0.325 0.035 0.057
0 0.017 0.137 0.042 0.067
0 0.706 0.613 0.041 0.065
0 0.037 0.692 0.040 0.063
0 0.051 0.178 0.048 0.077
0 0.807 0.797 0.037 0.060
0 0.405 0.617 0.036 0.058
0 0.278 0.453 0.040 0.063
0 0.024 0.247 0.041 0.065
0 0.150 0.532 0.036 0.058
0 0.274 0.413 0.040 0.063
0 0.645 0.667 0.035 0.057
0 0.661 0.368 0.044 0.070
0 0.268 0.562 0.037 0.060
0 0.757 0.285 0.034 0.055
0 0.697 0.505 0.040 0.063
0 0.887 0.998 0.041 0.065
0 0.649 0.317 0.042 0.067
0 0.419 0.698 0.035 0.057
0 0.520 1.000 0.033 0.053
0 0.415 0.655 0.032 0.052
0 0.492 1.000 0.034 0.055
0 0.308 0.437 0.036 0.058
0 0.719 0.992 0.035 0.057
