0 0.729 0.825 0.040 0.063
0 0.766 0.527 0.048 0.077
0 0.932 0.180 0.046 0.073
0 0.352 0.515 0.044 0.070
0 0.192 0.738 0.046 0.073
0 0.736 0.062 0.048 0.077
0 0.261 0.515 0.043 0.068
0 0.350 0.213 0.035 0.057
0 0.005 0.737 0.048 0.077
0 0.376 0.348 0.046 0.073
0 0.268 0.073 0.035 0.057
0 0.695 0.210 0.046 0.073
0 0.542 0.697 0.046 0.073
0 0.280 0.648 0.041 0.065
0 0.875 0.835 0.044 0.070
0 0.270 0.720 0.037 0.060
0 0.736 0.937 0.042 0.067
0 0.923 0.598 0.042 0.067
0 0.558 0.878 0.042 0.067
0 0.466 0.573 0.040 0.063
0 0.858 0.658 0.040 0.063
0 0.127 0.802 0.042 0.067
0 0.698 0.675 0.040 0.063
0 0.642 0.303 0.036 0.058
0 0.939 0.415 0.037 0.060
0 0.115 0.228 0.037 0.060
0 0.579 0.032 0.043 0.068
0 0.467 0.602 0.040 0.063
0 0.607 0.302 0.037 0.060
0 0.656 0.733 0.046 0.073
0 0.799 0.272 0.042 0.067
0 0.366 0.290 0.036 0.058
0 0.251 0.682 0.047 0.075
0 0.606 0.650 0.045 0.072
0 0.836 0.443 0.041 0.065
0 0.900 0.783 0.042 0.067
0 0.590 0.615 0.048 0.077
0 0.676 0.307 0.041 0.065
0 0.009 0.057 0.047 0.075
0 0.833 0.003 0.041 0.065
0 0.669 0.022 0.041 0.065
