0 0.279 0.468 0.048 0.077
0 0.206 0.488 0.047 0.075
0 0.210 0.608 0.042 0.067
0 0.224 0.653 0.036 0.058
0 0.226 0.737 0.043 0.068
0 0.324 0.843 0.042 0.067
0 0.371 0.818 0.042 0.067
0 0.097 0.340 0.048 0.077
0 0.647 0.760 0.044 0.070
0 0.400 0.242 0.043 0.068
0 0.030 0.743 0.048 0.077
0 0.574 0.247 0.048 0.077
0 0.225 0.160 0.044 0.070
0 0.183 0.498 0.046 0.073
0 0.172 0.760 0.033 0.053
0 0.797 0.360 0.044 0.070
0 0.104 0.368 0.048 0.077
0 0.884 0.735 0.042 0.067
0 0.388 0.487 0.040 0.063
0 0.378 0.778 0.033 0.053
0 0.867 0.992 0.037 0.060
