0 0.469 0.807 0.042 0.067
0 0.092 0.247 0.048 0.077
0 0.062 0.752 0.048 0.077
0 0.214 0.000 0.041 0.065
0 0.308 0.943 0.044 0.070
0 0.725 0.152 0.047 0.075
0 0.192 0.897 0.048 0.077
0 0.372 0.817 0.042 0.067
0 0.376 0.657 0.048 0.077
0 0.299 0.375 0.042 0.067
0 0.622 0.878 0.048 0.077
0 0.811 0.048 0.046 0.073
0 0.616 0.678 0.048 0.077
0 0.080 0.948 0.048 0.077
0 0.877 0.518 0.046 0.073
0 0.803 0.493 0.041 0.065
0 0.272 0.645 0.048 0.077
0 0.078 0.332 0.048 0.077
0 0.807 0.615 0.044 0.070
0 0.380 0.283 0.041 0.065
0 0.547 0.475 0.048 0.077
0 0.421 0.328 0.048 0.077
0 0.579 0.857 0.046 0.073
0 0.039 0.448 0.036 0.058
0 0.533 0.315 0.048 0.077
0 0.289 0.848 0.048 0.077
0 0.539 0.173 0.044 0.070
0 0.665 0.445 0.048 0.077
0 0.971 0.462 0.046 0.073
0 0.955 0.180 0.047 0.075
0 0.695 0.327 0.047 0.075
0 0.469 0.512 0.042 0.067
0 0.964 0.077 0.042 0.067
0 0.644 0.308 0.045 0.072
0 0.378 0.368 0.042 0.067
0 0.494 0.462 0.041 0.065
0 0.808 0.977 0.044 0.070
0 0.561 0.360 0.046 0.073
0 0.388 0.985 0.042 0.067
0 0.769 0.943 0.048 0.077
0 0.621 0.190 0.046 0.073
0 0.889 0.923 0.042 0.067
0 0.573 0.242 0.037 0.060
0 0.141 0.017 0.042 0.067
0 0.009 0.037 0.042 0.067
0 0.959 0.055 0.035 0.057
0 0.494 0.323 0.048 0.077
