0 0.721 0.823 0.035 0.057
0 0.764 0.508 0.048 0.077
0 0.927 0.212 0.048 0.077
0 0.352 0.525 0.045 0.072
0 0.189 0.727 0.046 0.073
0 0.735 0.073 0.048 0.077
0 0.285 0.513 0.041 0.065
0 0.338 0.227 0.033 0.053
0 0.003 0.742 0.048 0.077
0 0.367 0.335 0.043 0.068
0 0.266 0.115 0.036 0.058
0 0.688 0.213 0.044 0.070
0 0.535 0.690 0.044 0.070
0 0.276 0.640 0.044 0.070
0 0.880 0.838 0.044 0.070
0 0.273 0.710 0.047 0.075
0 0.752 0.958 0.043 0.068
0 0.923 0.590 0.044 0.070
0 0.539 0.878 0.048 0.077
0 0.456 0.562 0.041 0.065
0 0.854 0.668 0.048 0.077
0 0.140 0.798 0.041 0.065
0 0.697 0.673 0.044 0.070
0 0.625 0.323 0.037 0.060
0 0.961 0.425 0.037 0.060
0 0.118 0.233 0.041 0.065
0 0.574 0.023 0.048 0.077
0 0.448 0.610 0.043 0.068
0 0.604 0.303 0.043 0.068
0 0.654 0.728 0.048 0.077
0 0.793 0.267 0.041 0.065
0 0.384 0.313 0.036 0.058
0 0.254 0.690 0.047 0.075
0 0.607 0.657 0.040 0.063
0 0.832 0.452 0.044 0.070
0 0.908 0.778 0.045 0.072
0 0.586 0.605 0.048 0.077
0 0.674 0.315 0.040 0.063
0 0.003 0.093 0.046 0.073
0 0.826 0.000 0.043 0.068
0 0.677 0.002 0.046 0.073
