0 0.253 0.668 0.048 0.077
0 0.796 0.093 0.047 0.075
0 0.686 0.413 0.048 0.077
0 0.169 0.820 0.047 0.075
0 0.553 0.410 0.044 0.070
0 0.704 0.380 0.046 0.073
0 0.321 0.193 0.048 0.077
0 0.099 0.653 0.048 0.077
0 0.411 0.735 0.035 0.057
0 0.397 0.793 0.044 0.070
0 0.991 0.105 0.037 0.060
0 0.922 0.152 0.048 0.077
0 0.139 0.218 0.048 0.077
0 0.857 0.258 0.044 0.070
0 0.898 0.055 0.048 0.077
0 0.159 0.842 0.048 0.077
0 0.523 0.018 0.042 0.067
0 0.949 0.328 0.048 0.077
0 0.209 0.653 0.044 0.070
0 0.383 0.817 0.036 0.058
0 0.298 0.368 0.048 0.077
0 0.890 0.122 0.048 0.077
0 0.917 0.775 0.037 0.060
0 0.116 0.743 0.048 0.077
0 0.670 0.080 0.048 0.077
0 0.188 0.855 0.048 0.077
0 0.952 0.970 0.048 0.077
0 0.020 0.773 0.048 0.077
0 0.058 0.720 0.048 0.077
0 0.511 0.065 0.048 0.077
0 0.449 0.602 0.040 0.063
0 0.667 0.125 0.048 0.077
0 0.385 0.868 0.048 0.077
0 0.403 0.970 0.047 0.075
0 0.965 0.313 0.048 0.077
0 0.098 0.748 0.048 0.077
0 0.868 0.068 0.048 0.077
0 0.008 0.085 0.048 0.077
0 0.402 0.035 0.048 0.077
0 0.173 0.753 0.047 0.075
0 0.833 0.533 0.044 0.070
0 0.211 0.797 0.048 0.077
0 0.871 0.578 0.048 0.077
