0 0.946 0.503 0.042 0.067
0 0.523 0.092 0.048 0.077
0 0.507 0.118 0.048 0.077
0 0.678 0.063 0.046 0.073
0 0.665 0.133 0.044 0.070
0 0.128 0.508 0.044 0.070
0 0.327 0.487 0.048 0.077
0 0.422 0.700 0.046 0.073
0 0.627 0.005 0.048 0.077
0 0.175 0.777 0.048 0.077
0 0.314 0.802 0.048 0.077
0 0.579 0.182 0.048 0.077
0 0.399 0.075 0.042 0.067
0 0.676 0.100 0.048 0.077
0 0.776 0.383 0.047 0.075
0 0.695 0.227 0.046 0.073
0 0.293 0.802 0.042 0.067
0 0.775 0.037 0.048 0.077
0 0.986 0.845 0.035 0.057
0 0.707 0.195 0.041 0.065
