0 0.096 0.528 0.048 0.077
0 0.024 0.797 0.048 0.077
0 0.875 0.283 0.037 0.060
0 0.774 0.932 0.032 0.052
0 0.068 0.260 0.042 0.067
0 0.023 0.372 0.041 0.065
0 0.704 0.555 0.041 0.065
0 0.662 0.568 0.040 0.063
0 0.081 0.847 0.046 0.073
0 0.808 0.157 0.040 0.063
0 0.605 0.573 0.037 0.060
0 0.078 0.645 0.042 0.067
0 0.122 0.448 0.036 0.058
0 0.650 0.998 0.034 0.055
0 0.035 0.420 0.048 0.077
0 0.087 0.455 0.048 0.077
0 0.634 0.530 0.048 0.077
0 0.055 0.535 0.048 0.077
0 0.167 0.037 0.040 0.063
0 0.829 0.763 0.037 0.060
0 0.585 0.013 0.035 0.057
0 1.000 0.212 0.036 0.058
0 0.547 0.257 0.040 0.063
0 0.392 0.392 0.042 0.067
0 0.417 0.150 0.036 0.058
0 0.861 0.895 0.044 0.070
0 0.205 0.507 0.040 0.063
0 0.508 0.802 0.041 0.065
0 0.082 0.590 0.034 0.055
0 0.727 0.243 0.037 0.060
0 0.007 0.627 0.042 0.067
