0 0.550 0.865 0.042 0.067
0 0.828 0.957 0.042 0.067
0 0.854 0.593 0.046 0.073
0 0.098 0.618 0.042 0.067
0 0.323 0.483 0.037 0.060
0 0.028 0.442 0.040 0.063
0 0.554 0.343 0.044 0.070
0 0.822 0.407 0.042 0.067
0 0.059 0.735 0.037 0.060
0 0.652 0.913 0.035 0.057
0 0.829 0.743 0.042 0.067
0 0.590 0.057 0.040 0.063
0 0.762 0.390 0.041 0.065
0 0.131 0.913 0.047 0.075
0 0.358 0.102 0.035 0.057
0 0.764 0.433 0.037 0.060
0 0.372 0.702 0.042 0.067
0 0.685 0.217 0.037 0.060
0 0.630 0.418 0.044 0.070
0 0.170 0.280 0.041 0.065
0 0.554 0.573 0.043 0.068
0 0.665 0.578 0.035 0.057
0 0.552 0.778 0.041 0.065
0 0.010 0.558 0.042 0.067
0 0.766 0.152 0.037 0.060
0 0.863 0.957 0.032 0.052
0 0.977 0.972 0.035 0.057
0 0.291 0.868 0.042 0.067
0 0.418 0.447 0.041 0.065
0 0.470 0.410 0.044 0.070
0 0.807 0.573 0.036 0.058
0 0.319 0.268 0.040 0.063
0 0.599 0.757 0.037 0.060
0 0.648 0.577 0.042 0.067
0 0.725 0.037 0.042 0.067
0 0.479 0.125 0.040 0.063
0 0.783 0.760 0.036 0.058
0 0.740 0.543 0.035 0.057
0 0.950 0.692 0.035 0.057
0 0.125 0.585 0.036 0.058
0 0.679 0.830 0.037 0.060
0 0.009 0.713 0.035 0.057
0 0.269 0.823 0.048 0.077
0 0.880 0.440 0.036 0.058
0 0.673 0.787 0.035 0.057
0 0.668 0.548 0.036 0.058
0 0.362 0.330 0.044 0.070
0 0.232 0.793 0.048 0.077
0 0.926 0.173 0.037 0.060
0 0.449 0.998 0.033 0.053
0 0.184 0.045 0.040 0.063
0 0.589 0.308 0.048 0.077
0 0.586 0.262 0.037 0.060
0 0.787 0.993 0.035 0.057
0 0.548 0.228 0.032 0.052
0 0.803 0.607 0.040 0.063
