0 0.470 0.792 0.042 0.067
0 0.096 0.245 0.048 0.077
0 0.062 0.747 0.048 0.077
0 0.209 0.020 0.044 0.070
0 0.306 0.938 0.044 0.070
0 0.722 0.158 0.048 0.077
0 0.183 0.893 0.044 0.070
0 0.371 0.808 0.042 0.067
0 0.383 0.690 0.048 0.077
0 0.296 0.402 0.040 0.063
0 0.623 0.880 0.044 0.070
0 0.815 0.057 0.048 0.077
0 0.617 0.678 0.048 0.077
0 0.080 0.942 0.048 0.077
0 0.867 0.522 0.045 0.072
0 0.792 0.492 0.042 0.067
0 0.273 0.657 0.048 0.077
0 0.078 0.338 0.042 0.067
0 0.797 0.635 0.046 0.073
0 0.359 0.277 0.044 0.070
0 0.545 0.467 0.045 0.072
0 0.429 0.328 0.042 0.067
0 0.589 0.838 0.048 0.077
0 0.027 0.422 0.037 0.060
0 0.543 0.322 0.048 0.077
0 0.283 0.835 0.048 0.077
0 0.542 0.165 0.048 0.077
0 0.668 0.448 0.048 0.077
0 0.970 0.452 0.048 0.077
0 0.954 0.178 0.048 0.077
0 0.701 0.328 0.043 0.068
0 0.463 0.505 0.048 0.077
0 0.950 0.063 0.048 0.077
0 0.644 0.318 0.044 0.070
0 0.374 0.392 0.048 0.077
0 0.486 0.458 0.048 0.077
0 0.808 0.982 0.044 0.070
0 0.573 0.358 0.042 0.067
0 0.380 0.978 0.048 0.077
0 0.768 0.947 0.042 0.067
0 0.626 0.182 0.044 0.070
0 0.871 0.917 0.037 0.060
0 0.560 0.252 0.041 0.065
0 0.147 0.012 0.042 0.067
0 0.000 0.040 0.031 0.050
0 0.957 0.022 0.035 0.057
0 0.493 0.322 0.030 0.048
