0 0.865 0.082 0.048 0.077
0 0.274 0.625 0.048 0.077
0 0.138 0.000 0.042 0.067
0 0.882 0.137 0.048 0.077
0 0.541 0.818 0.048 0.077
0 0.168 0.038 0.047 0.075
0 0.536 0.072 0.045 0.072
0 0.726 0.687 0.048 0.077
0 0.346 0.505 0.047 0.075
0 0.485 0.875 0.048 0.077
0 0.318 0.997 0.048 0.077
0 0.335 0.030 0.045 0.072
0 0.826 0.497 0.047 0.075
0 0.989 0.043 0.048 0.077
0 0.354 0.157 0.048 0.077
0 0.277 0.475 0.048 0.077
0 0.865 0.377 0.035 0.057
0 0.790 0.507 0.044 0.070
0 0.151 1.000 0.033 0.053
0 0.448 0.002 0.037 0.060
