0 0.554 0.887 0.041 0.065
0 0.827 0.935 0.036 0.058
0 0.853 0.595 0.048 0.077
0 0.083 0.615 0.042 0.067
0 0.320 0.493 0.040 0.063
0 0.032 0.432 0.037 0.060
0 0.554 0.328 0.048 0.077
0 0.825 0.410 0.041 0.065
0 0.048 0.732 0.047 0.075
0 0.658 0.918 0.035 0.057
0 0.828 0.725 0.040 0.063
0 0.590 0.072 0.042 0.067
0 0.769 0.393 0.044 0.070
0 0.130 0.917 0.047 0.075
0 0.357 0.103 0.042 0.067
0 0.771 0.458 0.036 0.058
0 0.376 0.697 0.042 0.067
0 0.680 0.213 0.036 0.058
0 0.631 0.417 0.046 0.073
0 0.164 0.278 0.037 0.060
0 0.546 0.587 0.037 0.060
0 0.664 0.577 0.040 0.063
0 0.549 0.795 0.040 0.063
0 0.010 0.568 0.037 0.060
0 0.761 0.162 0.035 0.057
0 0.858 0.960 0.037 0.060
0 0.976 0.987 0.048 0.077
0 0.287 0.867 0.041 0.065
0 0.415 0.460 0.048 0.077
0 0.468 0.407 0.046 0.073
0 0.817 0.578 0.040 0.063
0 0.314 0.260 0.035 0.057
0 0.608 0.773 0.040 0.063
0 0.649 0.575 0.042 0.067
0 0.716 0.040 0.041 0.065
0 0.472 0.145 0.042 0.067
0 0.777 0.762 0.035 0.057
0 0.731 0.522 0.035 0.057
0 0.954 0.680 0.035 0.057
0 0.127 0.573 0.037 0.060
0 0.692 0.825 0.037 0.060
0 0.000 0.708 0.043 0.068
0 0.275 0.792 0.036 0.058
0 0.883 0.447 0.037 0.060
0 0.673 0.792 0.033 0.053
0 0.671 0.547 0.035 0.057
0 0.347 0.332 0.040 0.063
0 0.222 0.800 0.042 0.067
0 0.932 0.168 0.036 0.058
0 0.436 1.000 0.035 0.057
0 0.185 0.035 0.040 0.063
0 0.583 0.320 0.043 0.068
0 0.589 0.263 0.035 0.057
0 0.792 0.990 0.037 0.060
0 0.540 0.238 0.035 0.057
0 0.789 0.612 0.035 0.057
