0 0.554 0.878 0.042 0.067
0 0.827 0.948 0.048 0.077
0 0.853 0.597 0.047 0.075
0 0.087 0.620 0.042 0.067
0 0.320 0.492 0.041 0.065
0 0.031 0.433 0.040 0.063
0 0.553 0.337 0.042 0.067
0 0.823 0.408 0.042 0.067
0 0.053 0.738 0.037 0.060
0 0.658 0.920 0.040 0.063
0 0.827 0.728 0.037 0.060
0 0.588 0.068 0.042 0.067
0 0.768 0.390 0.042 0.067
0 0.129 0.917 0.048 0.077
0 0.361 0.102 0.047 0.075
0 0.771 0.452 0.035 0.057
0 0.375 0.698 0.044 0.070
0 0.683 0.213 0.037 0.060
0 0.631 0.415 0.044 0.070
0 0.165 0.280 0.042 0.067
0 0.549 0.585 0.042 0.067
0 0.667 0.582 0.037 0.060
0 0.550 0.790 0.042 0.067
0 0.013 0.562 0.040 0.063
0 0.761 0.158 0.036 0.058
0 0.859 0.960 0.040 0.063
0 0.974 0.973 0.035 0.057
0 0.292 0.865 0.043 0.068
0 0.411 0.452 0.040 0.063
0 0.469 0.410 0.048 0.077
0 0.812 0.577 0.041 0.065
0 0.316 0.258 0.036 0.058
0 0.606 0.768 0.040 0.063
0 0.647 0.578 0.032 0.052
0 0.716 0.040 0.035 0.057
0 0.472 0.138 0.040 0.063
0 0.780 0.762 0.032 0.052
0 0.731 0.528 0.035 0.057
0 0.953 0.683 0.036 0.058
0 0.126 0.578 0.036 0.058
0 0.688 0.822 0.044 0.070
0 0.000 0.703 0.041 0.065
0 0.269 0.800 0.037 0.060
0 0.884 0.443 0.037 0.060
0 0.675 0.795 0.035 0.057
0 0.671 0.543 0.034 0.055
0 0.351 0.333 0.040 0.063
0 0.229 0.803 0.048 0.077
0 0.931 0.172 0.033 0.053
0 0.439 1.000 0.030 0.048
0 0.184 0.038 0.035 0.057
0 0.585 0.320 0.041 0.065
0 0.586 0.265 0.035 0.057
0 0.785 1.000 0.045 0.072
0 0.541 0.237 0.034 0.055
0 0.794 0.612 0.040 0.063
