0 0.367 0.917 0.041 0.065
0 0.625 0.935 0.048 0.077
0 0.264 0.065 0.042 0.067
0 0.706 0.967 0.048 0.077
0 0.220 0.028 0.042 0.067
0 0.577 0.000 0.041 0.065
0 0.930 0.828 0.046 0.073
0 0.125 0.798 0.048 0.077
0 0.773 0.608 0.044 0.070
0 0.398 0.078 0.048 0.077
0 0.963 0.998 0.041 0.065
0 0.041 0.255 0.045 0.072
0 0.718 0.212 0.048 0.077
0 0.498 0.258 0.048 0.077
0 0.815 0.948 0.048 0.077
0 0.158 0.142 0.041 0.065
0 0.470 0.140 0.048 0.077
0 0.755 0.547 0.042 0.067
0 0.650 0.630 0.048 0.077
0 0.600 0.528 0.042 0.067
0 0.569 0.335 0.035 0.057
0 0.052 0.022 0.043 0.068
0 0.132 0.595 0.040 0.063
0 0.454 0.385 0.046 0.073
0 0.535 0.432 0.048 0.077
0 0.349 0.427 0.048 0.077
0 0.469 0.098 0.048 0.077
0 0.748 0.377 0.041 0.065
0 0.932 0.005 0.048 0.077
0 0.823 0.583 0.033 0.053
0 0.435 0.040 0.046 0.073
0 0.033 0.138 0.037 0.060
0 0.746 0.710 0.042 0.067
0 0.114 0.757 0.047 0.075
0 0.673 0.333 0.043 0.068
0 0.808 0.252 0.042 0.067
0 0.686 0.907 0.035 0.057
0 0.491 0.392 0.041 0.065
0 0.983 0.048 0.042 0.067
0 0.459 0.702 0.042 0.067
0 0.646 0.440 0.040 0.063
