0 0.675 0.323 0.042 0.067
0 0.016 0.132 0.048 0.077
0 0.708 0.615 0.042 0.067
0 0.047 0.692 0.040 0.063
0 0.056 0.185 0.037 0.060
0 0.815 0.808 0.048 0.077
0 0.401 0.615 0.044 0.070
0 0.278 0.457 0.042 0.067
0 0.025 0.245 0.040 0.063
0 0.153 0.530 0.037 0.060
0 0.273 0.410 0.042 0.067
0 0.641 0.673 0.035 0.057
0 0.660 0.368 0.041 0.065
0 0.264 0.562 0.035 0.057
0 0.755 0.288 0.035 0.057
0 0.696 0.507 0.042 0.067
0 0.890 0.998 0.045 0.072
0 0.647 0.317 0.036 0.058
0 0.418 0.702 0.035 0.057
0 0.519 0.998 0.034 0.055
0 0.415 0.652 0.032 0.052
0 0.491 1.000 0.032 0.052
0 0.309 0.437 0.033 0.053
0 0.724 0.987 0.034 0.055
