0 0.865 0.082 0.048 0.077
0 0.275 0.628 0.046 0.073
0 0.145 0.000 0.047 0.075
0 0.877 0.138 0.048 0.077
0 0.543 0.818 0.044 0.070
0 0.165 0.037 0.048 0.077
0 0.541 0.072 0.042 0.067
0 0.729 0.688 0.044 0.070
0 0.349 0.505 0.048 0.077
0 0.486 0.870 0.048 0.077
0 0.318 1.000 0.044 0.070
0 0.327 0.027 0.048 0.077
0 0.823 0.502 0.047 0.075
0 0.982 0.033 0.044 0.070
0 0.360 0.155 0.047 0.075
0 0.284 0.508 0.044 0.070
0 0.865 0.375 0.033 0.053
0 0.793 0.510 0.046 0.073
0 0.131 1.000 0.037 0.060
0 0.468 0.013 0.035 0.057
