0 0.944 0.505 0.041 0.065
0 0.524 0.088 0.048 0.077
0 0.506 0.117 0.044 0.070
0 0.679 0.060 0.042 0.067
0 0.664 0.132 0.044 0.070
0 0.131 0.515 0.048 0.077
0 0.326 0.487 0.048 0.077
0 0.420 0.698 0.045 0.072
0 0.624 0.010 0.048 0.077
0 0.178 0.775 0.048 0.077
0 0.316 0.800 0.047 0.075
0 0.578 0.182 0.048 0.077
0 0.400 0.072 0.044 0.070
0 0.672 0.097 0.048 0.077
0 0.776 0.387 0.048 0.077
0 0.696 0.227 0.045 0.072
0 0.297 0.808 0.045 0.072
0 0.768 0.033 0.048 0.077
0 0.993 0.832 0.047 0.075
0 0.710 0.195 0.042 0.067
