0 0.291 0.987 0.037 0.060
0 0.775 0.743 0.046 0.073
0 0.322 0.457 0.044 0.070
0 0.294 0.483 0.048 0.077
0 0.739 0.035 0.042 0.067
0 0.886 0.998 0.046 0.073
0 0.674 0.287 0.048 0.077
0 0.492 0.825 0.035 0.057
0 0.416 0.593 0.042 0.067
0 0.524 0.760 0.048 0.077
0 0.370 0.157 0.047 0.075
0 0.823 0.815 0.041 0.065
0 0.325 0.907 0.042 0.067
0 0.759 0.750 0.048 0.077
0 0.607 0.192 0.041 0.065
0 0.641 0.742 0.043 0.068
0 0.383 0.877 0.048 0.077
0 0.411 0.913 0.048 0.077
0 0.553 0.173 0.044 0.070
0 0.676 0.870 0.035 0.057
0 0.373 0.317 0.043 0.068
0 0.406 0.808 0.036 0.058
0 0.903 0.390 0.048 0.077
0 0.493 0.620 0.048 0.077
0 0.684 0.973 0.048 0.077
0 0.746 0.867 0.048 0.077
0 0.571 0.238 0.048 0.077
0 0.700 0.807 0.048 0.077
0 0.068 0.935 0.042 0.067
0 0.878 0.963 0.036 0.058
0 0.720 0.297 0.042 0.067
0 0.893 0.253 0.036 0.058
0 0.234 0.700 0.048 0.077
0 0.915 0.962 0.048 0.077
0 0.957 0.987 0.042 0.067
0 0.886 0.375 0.045 0.072
