0 0.536 0.422 0.048 0.077
0 0.209 0.493 0.048 0.077
0 0.650 0.443 0.044 0.070
0 0.393 0.563 0.035 0.057
0 0.668 0.527 0.042 0.067
0 0.290 0.178 0.047 0.075
0 0.585 0.995 0.044 0.070
0 0.674 0.212 0.046 0.073
0 0.705 0.757 0.048 0.077
0 0.219 0.432 0.042 0.067
0 0.342 0.475 0.042 0.067
0 0.791 0.668 0.044 0.070
0 0.964 0.877 0.037 0.060
0 0.344 1.000 0.043 0.068
0 0.190 0.375 0.044 0.070
0 0.820 0.495 0.042 0.067
0 0.900 0.795 0.040 0.063
0 0.733 0.132 0.042 0.067
0 0.643 0.768 0.048 0.077
0 0.168 0.577 0.041 0.065
0 0.024 0.735 0.041 0.065
0 0.284 0.382 0.035 0.057
0 0.046 0.023 0.044 0.070
0 0.279 0.983 0.042 0.067
