0 0.466 0.802 0.042 0.067
0 0.098 0.243 0.048 0.077
0 0.065 0.747 0.048 0.077
0 0.211 0.005 0.048 0.077
0 0.308 0.942 0.044 0.070
0 0.723 0.150 0.048 0.077
0 0.185 0.892 0.044 0.070
0 0.371 0.813 0.035 0.057
0 0.374 0.673 0.048 0.077
0 0.294 0.380 0.041 0.065
0 0.622 0.883 0.044 0.070
0 0.814 0.050 0.047 0.075
0 0.621 0.683 0.048 0.077
0 0.085 0.947 0.046 0.073
0 0.872 0.517 0.048 0.077
0 0.799 0.492 0.046 0.073
0 0.272 0.648 0.044 0.070
0 0.081 0.333 0.040 0.063
0 0.805 0.622 0.044 0.070
0 0.372 0.277 0.041 0.065
0 0.547 0.470 0.043 0.068
0 0.426 0.332 0.044 0.070
0 0.583 0.852 0.048 0.077
0 0.036 0.440 0.040 0.063
0 0.535 0.313 0.048 0.077
0 0.285 0.845 0.044 0.070
0 0.539 0.172 0.047 0.075
0 0.666 0.443 0.047 0.075
0 0.971 0.455 0.048 0.077
0 0.955 0.177 0.047 0.075
0 0.698 0.325 0.046 0.073
0 0.465 0.513 0.042 0.067
0 0.959 0.068 0.044 0.070
0 0.646 0.308 0.048 0.077
0 0.374 0.378 0.042 0.067
0 0.493 0.460 0.042 0.067
0 0.810 0.978 0.044 0.070
0 0.567 0.362 0.047 0.075
0 0.386 0.988 0.043 0.068
0 0.766 0.932 0.048 0.077
0 0.624 0.188 0.044 0.070
0 0.881 0.920 0.042 0.067
0 0.568 0.243 0.041 0.065
0 0.144 0.015 0.041 0.065
0 0.003 0.030 0.046 0.073
0 0.960 0.040 0.035 0.057
0 0.494 0.322 0.030 0.048
