0 0.281 0.472 0.048 0.077
0 0.211 0.490 0.048 0.077
0 0.211 0.607 0.042 0.067
0 0.221 0.660 0.048 0.077
0 0.224 0.738 0.047 0.075
0 0.331 0.843 0.048 0.077
0 0.375 0.815 0.043 0.068
0 0.091 0.332 0.048 0.077
0 0.650 0.753 0.042 0.067
0 0.398 0.257 0.048 0.077
0 0.032 0.755 0.044 0.070
0 0.575 0.258 0.048 0.077
0 0.223 0.173 0.048 0.077
0 0.188 0.498 0.048 0.077
0 0.172 0.758 0.035 0.057
0 0.797 0.363 0.042 0.067
0 0.099 0.360 0.037 0.060
0 0.884 0.733 0.042 0.067
0 0.392 0.488 0.040 0.063
0 0.377 0.780 0.035 0.057
0 0.867 0.998 0.048 0.077
