0 0.537 0.855 0.041 0.065
0 0.829 0.955 0.048 0.077
0 0.852 0.592 0.044 0.070
0 0.105 0.600 0.042 0.067
0 0.327 0.475 0.040 0.063
0 0.027 0.450 0.041 0.065
0 0.552 0.350 0.042 0.067
0 0.822 0.410 0.044 0.070
0 0.058 0.722 0.044 0.070
0 0.654 0.905 0.037 0.060
0 0.834 0.753 0.044 0.070
0 0.596 0.052 0.042 0.067
0 0.759 0.390 0.041 0.065
0 0.132 0.905 0.042 0.067
0 0.354 0.092 0.045 0.072
0 0.753 0.422 0.048 0.077
0 0.369 0.713 0.041 0.065
0 0.681 0.220 0.040 0.063
0 0.628 0.415 0.045 0.072
0 0.171 0.273 0.042 0.067
0 0.553 0.555 0.041 0.065
0 0.662 0.580 0.040 0.063
0 0.548 0.763 0.042 0.067
0 0.008 0.553 0.042 0.067
0 0.774 0.155 0.035 0.057
0 0.868 0.952 0.034 0.055
0 0.975 0.967 0.040 0.063
0 0.292 0.870 0.042 0.067
0 0.420 0.453 0.042 0.067
0 0.470 0.423 0.041 0.065
0 0.801 0.570 0.041 0.065
0 0.316 0.275 0.042 0.067
0 0.588 0.760 0.035 0.057
0 0.647 0.580 0.037 0.060
0 0.729 0.027 0.042 0.067
0 0.485 0.118 0.041 0.065
0 0.790 0.748 0.033 0.053
0 0.752 0.543 0.035 0.057
0 0.952 0.707 0.036 0.058
0 0.127 0.597 0.036 0.058
0 0.676 0.837 0.036 0.058
0 0.018 0.713 0.037 0.060
0 0.281 0.830 0.035 0.057
0 0.878 0.443 0.035 0.057
0 0.668 0.785 0.033 0.053
0 0.665 0.553 0.035 0.057
0 0.366 0.305 0.035 0.057
0 0.231 0.782 0.037 0.060
0 0.924 0.180 0.037 0.060
0 0.457 1.000 0.035 0.057
0 0.181 0.053 0.036 0.058
0 0.593 0.298 0.044 0.070
0 0.589 0.267 0.034 0.055
0 0.787 1.000 0.032 0.052
0 0.548 0.213 0.037 0.060
0 0.812 0.608 0.043 0.068
