0 0.720 0.822 0.037 0.060
0 0.762 0.508 0.048 0.077
0 0.925 0.210 0.045 0.072
0 0.355 0.523 0.041 0.065
0 0.189 0.730 0.046 0.073
0 0.735 0.072 0.048 0.077
0 0.285 0.513 0.035 0.057
0 0.336 0.228 0.035 0.057
0 0.003 0.742 0.048 0.077
0 0.368 0.342 0.048 0.077
0 0.265 0.118 0.036 0.058
0 0.686 0.215 0.043 0.068
0 0.534 0.698 0.037 0.060
0 0.274 0.645 0.048 0.077
0 0.880 0.842 0.044 0.070
0 0.273 0.708 0.048 0.077
0 0.751 0.962 0.041 0.065
0 0.922 0.592 0.042 0.067
0 0.543 0.875 0.035 0.057
0 0.455 0.565 0.037 0.060
0 0.853 0.662 0.041 0.065
0 0.138 0.798 0.042 0.067
0 0.699 0.673 0.042 0.067
0 0.623 0.323 0.036 0.058
0 0.963 0.433 0.036 0.058
0 0.120 0.230 0.044 0.070
0 0.576 0.025 0.043 0.068
0 0.447 0.612 0.042 0.067
0 0.603 0.300 0.045 0.072
0 0.648 0.733 0.035 0.057
0 0.793 0.267 0.041 0.065
0 0.386 0.315 0.036 0.058
0 0.258 0.695 0.048 0.077
0 0.608 0.655 0.042 0.067
0 0.831 0.453 0.042 0.067
0 0.906 0.778 0.042 0.067
0 0.584 0.608 0.047 0.075
0 0.674 0.320 0.041 0.065
0 0.000 0.088 0.035 0.057
0 0.825 0.000 0.044 0.070
0 0.680 0.000 0.046 0.073
