0 0.372 0.927 0.040 0.063
0 0.628 0.937 0.048 0.077
0 0.265 0.080 0.042 0.067
0 0.709 0.962 0.048 0.077
0 0.209 0.038 0.048 0.077
0 0.582 0.013 0.048 0.077
0 0.924 0.838 0.046 0.073
0 0.128 0.795 0.048 0.077
0 0.772 0.580 0.036 0.058
0 0.392 0.093 0.048 0.077
0 0.963 0.983 0.048 0.077
0 0.042 0.248 0.044 0.070
0 0.718 0.218 0.048 0.077
0 0.507 0.250 0.048 0.077
0 0.826 0.948 0.048 0.077
0 0.159 0.157 0.041 0.065
0 0.477 0.155 0.043 0.068
0 0.756 0.550 0.042 0.067
0 0.643 0.632 0.048 0.077
0 0.605 0.533 0.048 0.077
0 0.566 0.310 0.048 0.077
0 0.053 0.030 0.048 0.077
0 0.138 0.583 0.048 0.077
0 0.454 0.378 0.042 0.067
0 0.533 0.452 0.048 0.077
0 0.353 0.427 0.042 0.067
0 0.466 0.085 0.035 0.057
0 0.735 0.363 0.040 0.063
0 0.939 0.000 0.037 0.060
0 0.825 0.578 0.040 0.063
0 0.436 0.043 0.046 0.073
0 0.032 0.137 0.041 0.065
0 0.741 0.703 0.037 0.060
0 0.117 0.763 0.048 0.077
0 0.676 0.343 0.042 0.067
0 0.819 0.242 0.035 0.057
0 0.691 0.900 0.035 0.057
0 0.493 0.388 0.042 0.067
0 0.983 0.053 0.048 0.077
0 0.461 0.723 0.048 0.077
0 0.643 0.425 0.035 0.057
