0 0.553 0.872 0.043 0.068
0 0.833 0.960 0.048 0.077
0 0.853 0.593 0.044 0.070
0 0.098 0.617 0.035 0.057
0 0.320 0.483 0.036 0.058
0 0.029 0.440 0.040 0.063
0 0.550 0.333 0.048 0.077
0 0.824 0.408 0.043 0.068
0 0.057 0.737 0.036 0.058
0 0.654 0.922 0.041 0.065
0 0.827 0.742 0.037 0.060
0 0.589 0.060 0.040 0.063
0 0.767 0.388 0.042 0.067
0 0.126 0.912 0.048 0.077
0 0.359 0.095 0.044 0.070
0 0.764 0.438 0.042 0.067
0 0.374 0.705 0.042 0.067
0 0.685 0.217 0.037 0.060
0 0.632 0.415 0.045 0.072
0 0.169 0.282 0.041 0.065
0 0.554 0.578 0.044 0.070
0 0.667 0.578 0.036 0.058
0 0.554 0.785 0.041 0.065
0 0.008 0.558 0.048 0.077
0 0.764 0.153 0.037 0.060
0 0.864 0.957 0.040 0.063
0 0.979 0.982 0.032 0.052
0 0.291 0.865 0.042 0.067
0 0.416 0.447 0.040 0.063
0 0.472 0.407 0.041 0.065
0 0.809 0.573 0.037 0.060
0 0.318 0.265 0.041 0.065
0 0.603 0.760 0.041 0.065
0 0.648 0.578 0.041 0.065
0 0.723 0.038 0.041 0.065
0 0.476 0.130 0.037 0.060
0 0.780 0.760 0.034 0.055
0 0.735 0.540 0.040 0.063
0 0.949 0.690 0.040 0.063
0 0.126 0.582 0.036 0.058
0 0.682 0.825 0.042 0.067
0 0.006 0.710 0.041 0.065
0 0.269 0.810 0.040 0.063
0 0.882 0.440 0.036 0.058
0 0.674 0.787 0.034 0.055
0 0.672 0.543 0.033 0.053
0 0.359 0.333 0.044 0.070
0 0.229 0.807 0.042 0.067
0 0.929 0.172 0.033 0.053
0 0.449 0.998 0.030 0.048
0 0.186 0.043 0.036 0.058
0 0.588 0.318 0.042 0.067
0 0.585 0.267 0.040 0.063
0 0.787 1.000 0.040 0.063
0 0.545 0.230 0.035 0.057
0 0.800 0.607 0.036 0.058
