0 0.868 0.085 0.048 0.077
0 0.276 0.627 0.047 0.075
0 0.155 0.022 0.048 0.077
0 0.890 0.152 0.048 0.077
0 0.528 0.820 0.048 0.077
0 0.185 0.023 0.048 0.077
0 0.536 0.082 0.044 0.070
0 0.717 0.683 0.043 0.068
0 0.336 0.502 0.048 0.077
0 0.487 0.887 0.048 0.077
0 0.324 0.988 0.048 0.077
0 0.346 0.028 0.048 0.077
0 0.834 0.478 0.043 0.068
0 0.998 0.037 0.048 0.077
0 0.350 0.152 0.047 0.075
0 0.273 0.488 0.048 0.077
0 0.865 0.375 0.035 0.057
0 0.794 0.495 0.048 0.077
0 0.142 0.995 0.048 0.077
0 0.449 0.007 0.048 0.077
