0 0.530 0.410 0.041 0.065
0 0.210 0.493 0.044 0.070
0 0.653 0.443 0.042 0.067
0 0.391 0.573 0.044 0.070
0 0.675 0.522 0.045 0.072
0 0.287 0.190 0.048 0.077
0 0.576 1.000 0.035 0.057
0 0.674 0.210 0.042 0.067
0 0.719 0.767 0.044 0.070
0 0.217 0.420 0.042 0.067
0 0.336 0.508 0.043 0.068
0 0.819 0.660 0.037 0.060
0 0.953 0.843 0.037 0.060
0 0.348 1.000 0.042 0.067
0 0.196 0.365 0.044 0.070
0 0.807 0.473 0.040 0.063
0 0.907 0.783 0.041 0.065
0 0.738 0.103 0.042 0.067
0 0.644 0.762 0.048 0.077
0 0.167 0.575 0.041 0.065
0 0.021 0.765 0.040 0.063
0 0.269 0.415 0.046 0.073
0 0.041 0.015 0.040 0.063
0 0.270 1.000 0.033 0.053
