0 0.380 0.162 0.035 0.057
0 0.125 0.973 0.043 0.068
0 0.320 0.843 0.042 0.067
0 0.782 0.467 0.041 0.065
0 0.808 0.283 0.042 0.067
0 0.782 0.402 0.043 0.068
0 0.356 0.380 0.042 0.067
0 0.746 0.275 0.036 0.058
0 0.494 0.657 0.037 0.060
0 0.306 0.820 0.041 0.065
0 0.212 0.753 0.037 0.060
0 0.650 0.103 0.034 0.055
0 0.838 0.097 0.040 0.063
0 0.060 0.615 0.042 0.067
0 0.695 0.655 0.040 0.063
0 0.925 0.730 0.037 0.060
0 0.866 0.140 0.040 0.063
0 0.116 0.775 0.042 0.067
0 0.229 0.642 0.041 0.065
0 0.289 0.000 0.042 0.067
0 0.147 0.062 0.035 0.057
0 0.010 0.365 0.042 0.067
0 0.000 0.553 0.035 0.057
0 0.526 0.107 0.035 0.057
0 0.806 0.098 0.041 0.065
0 0.993 0.570 0.041 0.065
0 0.541 0.462 0.048 0.077
0 0.827 0.055 0.032 0.052
