0 0.099 0.520 0.048 0.077
0 0.024 0.792 0.048 0.077
0 0.868 0.285 0.034 0.055
0 0.771 0.922 0.036 0.058
0 0.064 0.265 0.042 0.067
0 0.026 0.372 0.042 0.067
0 0.701 0.557 0.040 0.063
0 0.665 0.568 0.042 0.067
0 0.075 0.832 0.036 0.058
0 0.806 0.158 0.041 0.065
0 0.611 0.573 0.036 0.058
0 0.079 0.643 0.041 0.065
0 0.121 0.442 0.037 0.060
0 0.646 1.000 0.037 0.060
0 0.027 0.425 0.042 0.067
0 0.093 0.443 0.036 0.058
0 0.636 0.528 0.046 0.073
0 0.059 0.533 0.048 0.077
0 0.166 0.043 0.037 0.060
0 0.830 0.763 0.036 0.058
0 0.591 0.012 0.042 0.067
0 0.999 0.203 0.042 0.067
0 0.544 0.257 0.041 0.065
0 0.401 0.393 0.042 0.067
0 0.415 0.137 0.034 0.055
0 0.858 0.892 0.042 0.067
0 0.208 0.507 0.046 0.073
0 0.507 0.802 0.048 0.077
0 0.081 0.590 0.037 0.060
0 0.729 0.230 0.037 0.060
0 0.000 0.635 0.041 0.065
