0 0.532 0.415 0.041 0.065
0 0.209 0.488 0.048 0.077
0 0.651 0.442 0.042 0.067
0 0.393 0.575 0.043 0.068
0 0.672 0.525 0.045 0.072
0 0.290 0.183 0.048 0.077
0 0.581 1.000 0.042 0.067
0 0.675 0.210 0.044 0.070
0 0.715 0.758 0.047 0.075
0 0.216 0.423 0.048 0.077
0 0.335 0.493 0.043 0.068
0 0.803 0.672 0.044 0.070
0 0.961 0.857 0.040 0.063
0 0.336 1.000 0.033 0.053
0 0.190 0.368 0.043 0.068
0 0.814 0.480 0.037 0.060
0 0.901 0.788 0.041 0.065
0 0.733 0.123 0.040 0.063
0 0.644 0.763 0.048 0.077
0 0.167 0.578 0.041 0.065
0 0.018 0.745 0.040 0.063
0 0.274 0.415 0.041 0.065
0 0.043 0.022 0.042 0.067
0 0.269 0.990 0.042 0.067
