0 0.720 0.822 0.037 0.060
0 0.761 0.512 0.047 0.075
0 0.927 0.212 0.048 0.077
0 0.352 0.523 0.044 0.070
0 0.188 0.733 0.045 0.072
0 0.736 0.070 0.048 0.077
0 0.284 0.512 0.037 0.060
0 0.336 0.230 0.035 0.057
0 0.002 0.745 0.048 0.077
0 0.368 0.340 0.048 0.077
0 0.267 0.117 0.036 0.058
0 0.688 0.210 0.047 0.075
0 0.536 0.690 0.048 0.077
0 0.275 0.640 0.046 0.073
0 0.880 0.843 0.042 0.067
0 0.273 0.708 0.047 0.075
0 0.751 0.960 0.041 0.065
0 0.923 0.590 0.041 0.065
0 0.540 0.880 0.042 0.067
0 0.455 0.563 0.042 0.067
0 0.854 0.668 0.048 0.077
0 0.136 0.798 0.041 0.065
0 0.698 0.673 0.043 0.068
0 0.625 0.325 0.041 0.065
0 0.963 0.427 0.042 0.067
0 0.120 0.227 0.048 0.077
0 0.575 0.028 0.040 0.063
0 0.447 0.605 0.048 0.077
0 0.603 0.308 0.041 0.065
0 0.655 0.730 0.046 0.073
0 0.794 0.268 0.040 0.063
0 0.384 0.313 0.035 0.057
0 0.253 0.690 0.048 0.077
0 0.607 0.655 0.044 0.070
0 0.833 0.452 0.040 0.063
0 0.907 0.777 0.042 0.067
0 0.586 0.607 0.045 0.072
0 0.675 0.322 0.040 0.063
0 0.007 0.088 0.048 0.077
0 0.826 0.000 0.043 0.068
0 0.677 0.000 0.044 0.070
