0 0.097 0.525 0.047 0.075
0 0.027 0.800 0.044 0.070
0 0.874 0.282 0.041 0.065
0 0.772 0.927 0.032 0.052
0 0.066 0.262 0.041 0.065
0 0.024 0.368 0.042 0.067
0 0.703 0.555 0.041 0.065
0 0.666 0.565 0.035 0.057
0 0.076 0.835 0.035 0.057
0 0.807 0.160 0.041 0.065
0 0.608 0.573 0.037 0.060
0 0.076 0.642 0.035 0.057
0 0.122 0.450 0.044 0.070
0 0.648 1.000 0.032 0.052
0 0.031 0.427 0.037 0.060
0 0.090 0.443 0.037 0.060
0 0.637 0.527 0.048 0.077
0 0.055 0.533 0.048 0.077
0 0.166 0.038 0.040 0.063
0 0.829 0.762 0.040 0.063
0 0.589 0.010 0.042 0.067
0 0.999 0.207 0.040 0.063
0 0.544 0.258 0.037 0.060
0 0.397 0.392 0.041 0.065
0 0.417 0.142 0.036 0.058
0 0.861 0.892 0.040 0.063
0 0.207 0.507 0.041 0.065
0 0.510 0.805 0.042 0.067
0 0.082 0.592 0.035 0.057
0 0.729 0.238 0.037 0.060
0 0.003 0.632 0.042 0.067
