0 0.369 0.920 0.041 0.065
0 0.625 0.937 0.047 0.075
0 0.264 0.068 0.042 0.067
0 0.707 0.962 0.045 0.072
0 0.222 0.028 0.048 0.077
0 0.576 0.000 0.036 0.058
0 0.929 0.830 0.048 0.077
0 0.126 0.797 0.047 0.075
0 0.772 0.607 0.048 0.077
0 0.395 0.075 0.047 0.075
0 0.961 0.998 0.044 0.070
0 0.041 0.255 0.047 0.075
0 0.718 0.220 0.048 0.077
0 0.498 0.262 0.040 0.063
0 0.816 0.950 0.048 0.077
0 0.153 0.148 0.048 0.077
0 0.468 0.147 0.048 0.077
0 0.755 0.550 0.042 0.067
0 0.651 0.633 0.048 0.077
0 0.606 0.535 0.048 0.077
0 0.571 0.327 0.048 0.077
0 0.053 0.023 0.041 0.065
0 0.132 0.588 0.046 0.073
0 0.457 0.375 0.048 0.077
0 0.534 0.440 0.034 0.055
0 0.349 0.433 0.048 0.077
0 0.465 0.083 0.048 0.077
0 0.743 0.375 0.041 0.065
0 0.938 0.000 0.046 0.073
0 0.823 0.583 0.037 0.060
0 0.440 0.050 0.048 0.077
0 0.031 0.137 0.044 0.070
0 0.744 0.710 0.037 0.060
0 0.111 0.777 0.042 0.067
0 0.674 0.333 0.041 0.065
0 0.810 0.245 0.035 0.057
0 0.685 0.907 0.036 0.058
0 0.491 0.388 0.035 0.057
0 0.983 0.050 0.043 0.068
0 0.463 0.703 0.036 0.058
0 0.647 0.438 0.035 0.057
