0 0.546 0.857 0.046 0.073
0 0.831 0.962 0.048 0.077
0 0.853 0.593 0.045 0.072
0 0.103 0.610 0.043 0.068
0 0.325 0.478 0.037 0.060
0 0.028 0.448 0.037 0.060
0 0.553 0.325 0.048 0.077
0 0.822 0.407 0.042 0.067
0 0.061 0.727 0.037 0.060
0 0.652 0.912 0.037 0.060
0 0.833 0.752 0.036 0.058
0 0.592 0.053 0.041 0.065
0 0.764 0.390 0.041 0.065
0 0.128 0.913 0.048 0.077
0 0.356 0.093 0.042 0.067
0 0.757 0.427 0.046 0.073
0 0.371 0.707 0.043 0.068
0 0.683 0.220 0.037 0.060
0 0.628 0.415 0.046 0.073
0 0.170 0.278 0.044 0.070
0 0.554 0.567 0.041 0.065
0 0.667 0.582 0.040 0.063
0 0.549 0.768 0.037 0.060
0 0.009 0.555 0.043 0.068
0 0.769 0.150 0.036 0.058
0 0.867 0.958 0.034 0.055
0 0.977 0.970 0.036 0.058
0 0.292 0.867 0.042 0.067
0 0.421 0.457 0.048 0.077
0 0.472 0.417 0.042 0.067
0 0.804 0.570 0.040 0.063
0 0.317 0.273 0.040 0.063
0 0.595 0.757 0.041 0.065
0 0.647 0.578 0.036 0.058
0 0.726 0.035 0.043 0.068
0 0.481 0.122 0.037 0.060
0 0.785 0.752 0.035 0.057
0 0.740 0.547 0.032 0.052
0 0.950 0.698 0.035 0.057
0 0.125 0.590 0.041 0.065
0 0.678 0.833 0.035 0.057
0 0.013 0.712 0.035 0.057
0 0.271 0.823 0.037 0.060
0 0.879 0.438 0.034 0.055
0 0.671 0.783 0.036 0.058
0 0.669 0.548 0.032 0.052
0 0.367 0.313 0.032 0.052
0 0.233 0.792 0.032 0.052
0 0.926 0.178 0.036 0.058
0 0.454 1.000 0.031 0.050
0 0.182 0.050 0.037 0.060
0 0.593 0.307 0.042 0.067
0 0.585 0.262 0.036 0.058
0 0.787 0.998 0.036 0.058
0 0.547 0.223 0.035 0.057
0 0.808 0.605 0.041 0.065
