0 0.327 0.653 0.048 0.077
0 0.992 0.295 0.048 0.077
0 0.901 0.262 0.042 0.067
0 0.527 0.008 0.048 0.077
0 0.762 0.268 0.048 0.077
0 0.101 0.813 0.048 0.077
0 0.594 0.563 0.036 0.058
0 0.770 0.402 0.042 0.067
0 0.564 0.378 0.040 0.063
0 0.629 0.727 0.040 0.063
0 0.445 0.763 0.042 0.067
0 0.674 0.310 0.048 0.077
0 0.613 0.350 0.041 0.065
0 0.734 0.600 0.046 0.073
0 0.549 0.357 0.042 0.067
0 0.315 0.768 0.032 0.052
0 0.411 0.710 0.044 0.070
0 0.496 0.662 0.048 0.077
0 0.579 0.885 0.035 0.057
0 0.725 0.248 0.037 0.060
0 0.769 0.792 0.035 0.057
0 0.597 0.233 0.047 0.075
0 0.964 0.985 0.042 0.067
0 0.632 0.230 0.035 0.057
0 0.010 0.368 0.036 0.058
