0 0.945 0.507 0.042 0.067
0 0.519 0.107 0.035 0.057
0 0.505 0.117 0.044 0.070
0 0.679 0.060 0.042 0.067
0 0.664 0.132 0.044 0.070
0 0.130 0.515 0.048 0.077
0 0.327 0.487 0.048 0.077
0 0.419 0.700 0.048 0.077
0 0.634 0.007 0.048 0.077
0 0.178 0.778 0.048 0.077
0 0.315 0.800 0.048 0.077
0 0.581 0.185 0.048 0.077
0 0.399 0.073 0.042 0.067
0 0.674 0.098 0.048 0.077
0 0.776 0.387 0.046 0.073
0 0.695 0.227 0.045 0.072
0 0.297 0.812 0.048 0.077
0 0.773 0.037 0.048 0.077
0 0.991 0.835 0.036 0.058
0 0.709 0.193 0.035 0.057
