0 0.099 0.522 0.048 0.077
0 0.024 0.790 0.048 0.077
0 0.866 0.287 0.034 0.055
0 0.768 0.918 0.035 0.057
0 0.064 0.263 0.041 0.065
0 0.027 0.370 0.044 0.070
0 0.700 0.557 0.040 0.063
0 0.664 0.568 0.041 0.065
0 0.072 0.832 0.032 0.052
0 0.805 0.155 0.044 0.070
0 0.614 0.573 0.036 0.058
0 0.077 0.638 0.032 0.052
0 0.121 0.437 0.037 0.060
0 0.647 0.997 0.041 0.065
0 0.027 0.428 0.037 0.060
0 0.093 0.442 0.041 0.065
0 0.639 0.527 0.048 0.077
0 0.060 0.522 0.048 0.077
0 0.166 0.043 0.040 0.063
0 0.831 0.765 0.041 0.065
0 0.591 0.012 0.044 0.070
0 0.998 0.203 0.037 0.060
0 0.541 0.255 0.040 0.063
0 0.406 0.390 0.036 0.058
0 0.414 0.133 0.041 0.065
0 0.857 0.890 0.046 0.073
0 0.209 0.508 0.042 0.067
0 0.510 0.815 0.041 0.065
0 0.089 0.587 0.048 0.077
0 0.728 0.227 0.036 0.058
0 0.000 0.645 0.044 0.070
