0 0.532 0.415 0.041 0.065
0 0.212 0.488 0.048 0.077
0 0.651 0.442 0.042 0.067
0 0.394 0.575 0.046 0.073
0 0.668 0.523 0.042 0.067
0 0.290 0.185 0.048 0.077
0 0.582 0.998 0.036 0.058
0 0.676 0.212 0.042 0.067
0 0.716 0.760 0.048 0.077
0 0.216 0.428 0.045 0.072
0 0.334 0.497 0.042 0.067
0 0.812 0.668 0.037 0.060
0 0.958 0.855 0.036 0.058
0 0.335 1.000 0.039 0.062
0 0.190 0.365 0.044 0.070
0 0.811 0.478 0.040 0.063
0 0.901 0.787 0.042 0.067
0 0.738 0.117 0.044 0.070
0 0.644 0.765 0.045 0.072
0 0.167 0.577 0.042 0.067
0 0.018 0.743 0.045 0.072
0 0.277 0.410 0.048 0.077
0 0.043 0.023 0.036 0.058
0 0.270 0.998 0.046 0.073
