0 0.281 0.472 0.048 0.077
0 0.204 0.487 0.046 0.073
0 0.211 0.607 0.042 0.067
0 0.230 0.648 0.047 0.075
0 0.224 0.732 0.048 0.077
0 0.322 0.842 0.037 0.060
0 0.370 0.813 0.048 0.077
0 0.098 0.337 0.042 0.067
0 0.646 0.760 0.042 0.067
0 0.399 0.242 0.044 0.070
0 0.031 0.757 0.042 0.067
0 0.574 0.245 0.041 0.065
0 0.225 0.160 0.042 0.067
0 0.185 0.498 0.043 0.068
0 0.172 0.758 0.035 0.057
0 0.794 0.358 0.048 0.077
0 0.107 0.367 0.048 0.077
0 0.881 0.735 0.042 0.067
0 0.384 0.490 0.044 0.070
0 0.375 0.778 0.037 0.060
0 0.873 1.000 0.048 0.077
