0 0.103 0.513 0.048 0.077
0 0.026 0.787 0.047 0.075
0 0.858 0.297 0.040 0.063
0 0.762 0.908 0.037 0.060
0 0.058 0.275 0.048 0.077
0 0.032 0.373 0.037 0.060
0 0.696 0.553 0.040 0.063
0 0.664 0.563 0.043 0.068
0 0.065 0.827 0.041 0.065
0 0.806 0.152 0.044 0.070
0 0.621 0.578 0.035 0.057
0 0.079 0.632 0.048 0.077
0 0.120 0.425 0.035 0.057
0 0.649 1.000 0.033 0.053
0 0.021 0.423 0.037 0.060
0 0.098 0.448 0.036 0.058
0 0.642 0.525 0.046 0.073
0 0.067 0.522 0.048 0.077
0 0.164 0.050 0.037 0.060
0 0.829 0.762 0.041 0.065
0 0.594 0.025 0.048 0.077
0 1.000 0.188 0.037 0.060
0 0.537 0.250 0.041 0.065
0 0.412 0.377 0.042 0.067
0 0.405 0.118 0.035 0.057
0 0.855 0.878 0.043 0.068
0 0.207 0.518 0.042 0.067
0 0.511 0.825 0.037 0.060
0 0.084 0.587 0.044 0.070
0 0.729 0.213 0.037 0.060
0 0.000 0.657 0.040 0.063
