0 0.467 0.798 0.042 0.067
0 0.101 0.227 0.045 0.072
0 0.062 0.743 0.044 0.070
0 0.209 0.012 0.044 0.070
0 0.307 0.943 0.045 0.072
0 0.720 0.152 0.047 0.075
0 0.186 0.892 0.044 0.070
0 0.373 0.807 0.042 0.067
0 0.377 0.680 0.045 0.072
0 0.292 0.390 0.041 0.065
0 0.620 0.883 0.044 0.070
0 0.816 0.053 0.046 0.073
0 0.618 0.677 0.046 0.073
0 0.087 0.943 0.044 0.070
0 0.872 0.522 0.048 0.077
0 0.796 0.490 0.044 0.070
0 0.275 0.652 0.048 0.077
0 0.076 0.332 0.048 0.077
0 0.802 0.632 0.044 0.070
0 0.366 0.273 0.037 0.060
0 0.544 0.467 0.048 0.077
0 0.427 0.333 0.046 0.073
0 0.586 0.847 0.048 0.077
0 0.036 0.428 0.048 0.077
0 0.540 0.313 0.048 0.077
0 0.285 0.840 0.048 0.077
0 0.539 0.167 0.047 0.075
0 0.667 0.442 0.048 0.077
0 0.976 0.455 0.043 0.068
0 0.955 0.178 0.048 0.077
0 0.698 0.328 0.048 0.077
0 0.464 0.512 0.042 0.067
0 0.954 0.068 0.048 0.077
0 0.647 0.313 0.048 0.077
0 0.373 0.387 0.042 0.067
0 0.492 0.462 0.042 0.067
0 0.809 0.983 0.044 0.070
0 0.572 0.360 0.040 0.063
0 0.383 0.990 0.048 0.077
0 0.759 0.925 0.040 0.063
0 0.625 0.187 0.044 0.070
0 0.879 0.913 0.036 0.058
0 0.565 0.245 0.040 0.063
0 0.145 0.013 0.041 0.065
0 0.000 0.028 0.048 0.077
0 0.960 0.032 0.036 0.058
0 0.494 0.322 0.029 0.047
