0 0.240 0.670 0.030 0.048
0 0.792 0.088 0.048 0.077
0 0.688 0.413 0.048 0.077
0 0.169 0.818 0.046 0.073
0 0.549 0.408 0.048 0.077
0 0.705 0.383 0.048 0.077
0 0.321 0.193 0.048 0.077
0 0.103 0.647 0.048 0.077
0 0.406 0.737 0.048 0.077
0 0.394 0.795 0.042 0.067
0 0.992 0.107 0.041 0.065
0 0.923 0.153 0.048 0.077
0 0.143 0.218 0.043 0.068
0 0.855 0.255 0.042 0.067
0 0.897 0.058 0.037 0.060
0 0.155 0.842 0.046 0.073
0 0.519 0.010 0.048 0.077
0 0.951 0.327 0.048 0.077
0 0.216 0.655 0.048 0.077
0 0.383 0.820 0.048 0.077
0 0.299 0.363 0.042 0.067
0 0.891 0.117 0.048 0.077
0 0.915 0.780 0.044 0.070
0 0.118 0.740 0.048 0.077
0 0.672 0.083 0.048 0.077
0 0.188 0.855 0.048 0.077
0 0.944 0.997 0.048 0.077
0 0.008 0.777 0.048 0.077
0 0.057 0.715 0.046 0.073
0 0.510 0.063 0.048 0.077
0 0.451 0.605 0.047 0.075
0 0.671 0.127 0.044 0.070
0 0.389 0.860 0.048 0.077
0 0.409 0.972 0.041 0.065
0 0.967 0.312 0.048 0.077
0 0.101 0.743 0.048 0.077
0 0.865 0.065 0.048 0.077
0 0.010 0.082 0.044 0.070
0 0.403 0.035 0.048 0.077
0 0.173 0.752 0.048 0.077
0 0.834 0.535 0.041 0.065
0 0.212 0.785 0.042 0.067
0 0.872 0.578 0.047 0.075
