0 0.871 0.090 0.044 0.070
0 0.275 0.627 0.048 0.077
0 0.151 0.027 0.044 0.070
0 0.882 0.160 0.046 0.073
0 0.524 0.820 0.048 0.077
0 0.180 0.023 0.048 0.077
0 0.541 0.095 0.048 0.077
0 0.717 0.672 0.048 0.077
0 0.334 0.500 0.048 0.077
0 0.487 0.888 0.048 0.077
0 0.318 0.973 0.032 0.052
0 0.350 0.030 0.048 0.077
0 0.848 0.495 0.041 0.065
0 0.999 0.033 0.044 0.070
0 0.342 0.152 0.047 0.075
0 0.274 0.488 0.048 0.077
0 0.864 0.375 0.037 0.060
0 0.796 0.493 0.048 0.077
0 0.143 1.000 0.048 0.077
0 0.443 0.005 0.046 0.073
