0 0.330 0.655 0.048 0.077
0 0.993 0.293 0.048 0.077
0 0.899 0.253 0.044 0.070
0 0.528 0.010 0.048 0.077
0 0.757 0.287 0.047 0.075
0 0.100 0.812 0.048 0.077
0 0.580 0.563 0.035 0.057
0 0.765 0.402 0.037 0.060
0 0.564 0.365 0.042 0.067
0 0.633 0.723 0.036 0.058
0 0.444 0.748 0.042 0.067
0 0.667 0.308 0.047 0.075
0 0.617 0.355 0.041 0.065
0 0.738 0.603 0.048 0.077
0 0.540 0.363 0.036 0.058
0 0.327 0.775 0.030 0.048
0 0.410 0.697 0.037 0.060
0 0.496 0.665 0.043 0.068
0 0.578 0.885 0.036 0.058
0 0.725 0.248 0.037 0.060
0 0.767 0.790 0.034 0.055
0 0.595 0.233 0.048 0.077
0 0.957 0.987 0.046 0.073
0 0.625 0.245 0.035 0.057
0 0.011 0.367 0.035 0.057
