0 0.729 0.822 0.037 0.060
0 0.769 0.523 0.047 0.075
0 0.928 0.187 0.042 0.067
0 0.352 0.517 0.045 0.072
0 0.190 0.737 0.044 0.070
0 0.735 0.065 0.048 0.077
0 0.267 0.517 0.036 0.058
0 0.347 0.218 0.032 0.052
0 0.006 0.738 0.042 0.067
0 0.373 0.348 0.048 0.077
0 0.269 0.085 0.040 0.063
0 0.693 0.207 0.043 0.068
0 0.541 0.693 0.047 0.075
0 0.280 0.647 0.044 0.070
0 0.876 0.833 0.046 0.073
0 0.272 0.718 0.043 0.068
0 0.741 0.935 0.042 0.067
0 0.925 0.593 0.035 0.057
0 0.554 0.882 0.041 0.065
0 0.465 0.567 0.040 0.063
0 0.858 0.660 0.045 0.072
0 0.129 0.807 0.041 0.065
0 0.695 0.677 0.044 0.070
0 0.637 0.313 0.042 0.067
0 0.944 0.418 0.042 0.067
0 0.114 0.232 0.040 0.063
0 0.577 0.022 0.048 0.077
0 0.463 0.607 0.037 0.060
0 0.608 0.302 0.044 0.070
0 0.653 0.727 0.035 0.057
0 0.800 0.263 0.037 0.060
0 0.371 0.292 0.036 0.058
0 0.254 0.685 0.048 0.077
0 0.607 0.653 0.042 0.067
0 0.834 0.443 0.042 0.067
0 0.902 0.782 0.044 0.070
0 0.586 0.607 0.042 0.067
0 0.679 0.312 0.040 0.063
0 0.013 0.073 0.048 0.077
0 0.832 0.000 0.037 0.060
0 0.684 0.003 0.032 0.052
