0 0.370 0.925 0.042 0.067
0 0.627 0.937 0.048 0.077
0 0.260 0.075 0.048 0.077
0 0.707 0.962 0.044 0.070
0 0.214 0.032 0.044 0.070
0 0.579 0.010 0.046 0.073
0 0.928 0.832 0.048 0.077
0 0.128 0.793 0.048 0.077
0 0.768 0.580 0.042 0.067
0 0.395 0.085 0.042 0.067
0 0.968 0.987 0.048 0.077
0 0.042 0.253 0.048 0.077
0 0.716 0.213 0.042 0.067
0 0.502 0.255 0.045 0.072
0 0.821 0.952 0.048 0.077
0 0.157 0.150 0.043 0.068
0 0.475 0.148 0.043 0.068
0 0.755 0.548 0.042 0.067
0 0.648 0.633 0.042 0.067
0 0.602 0.533 0.044 0.070
0 0.572 0.323 0.048 0.077
0 0.055 0.018 0.048 0.077
0 0.134 0.588 0.037 0.060
0 0.455 0.378 0.040 0.063
0 0.535 0.437 0.037 0.060
0 0.350 0.425 0.041 0.065
0 0.469 0.095 0.048 0.077
0 0.740 0.370 0.037 0.060
0 0.935 0.000 0.045 0.072
0 0.821 0.575 0.044 0.070
0 0.438 0.043 0.048 0.077
0 0.033 0.138 0.040 0.063
0 0.742 0.707 0.037 0.060
0 0.116 0.773 0.048 0.077
0 0.675 0.338 0.040 0.063
0 0.816 0.245 0.036 0.058
0 0.693 0.902 0.048 0.077
0 0.495 0.393 0.048 0.077
0 0.980 0.055 0.048 0.077
0 0.465 0.708 0.042 0.067
0 0.646 0.437 0.044 0.070
