0 0.530 0.413 0.042 0.067
0 0.207 0.495 0.048 0.077
0 0.653 0.442 0.042 0.067
0 0.391 0.575 0.042 0.067
0 0.673 0.523 0.043 0.068
0 0.290 0.188 0.048 0.077
0 0.579 0.998 0.036 0.058
0 0.675 0.212 0.044 0.070
0 0.718 0.762 0.046 0.073
0 0.218 0.423 0.042 0.067
0 0.335 0.505 0.042 0.067
0 0.814 0.668 0.042 0.067
0 0.956 0.847 0.040 0.063
0 0.342 1.000 0.036 0.058
0 0.192 0.362 0.044 0.070
0 0.808 0.473 0.037 0.060
0 0.902 0.782 0.041 0.065
0 0.734 0.113 0.040 0.063
0 0.641 0.760 0.044 0.070
0 0.166 0.577 0.042 0.067
0 0.019 0.752 0.048 0.077
0 0.275 0.412 0.048 0.077
0 0.041 0.018 0.040 0.063
0 0.266 1.000 0.042 0.067
