0 0.283 0.473 0.042 0.067
0 0.204 0.478 0.047 0.075
0 0.210 0.608 0.043 0.068
0 0.220 0.645 0.037 0.060
0 0.227 0.735 0.048 0.077
0 0.319 0.842 0.042 0.067
0 0.367 0.822 0.041 0.065
0 0.100 0.345 0.048 0.077
0 0.641 0.763 0.035 0.057
0 0.395 0.233 0.048 0.077
0 0.025 0.763 0.036 0.058
0 0.574 0.233 0.048 0.077
0 0.227 0.160 0.048 0.077
0 0.185 0.500 0.043 0.068
0 0.173 0.762 0.040 0.063
0 0.794 0.363 0.048 0.077
0 0.110 0.367 0.045 0.072
0 0.889 0.735 0.048 0.077
0 0.382 0.490 0.041 0.065
0 0.376 0.778 0.036 0.058
0 0.870 1.000 0.048 0.077
