0 0.103 0.515 0.048 0.077
0 0.025 0.787 0.046 0.073
0 0.858 0.295 0.035 0.057
0 0.764 0.910 0.032 0.052
0 0.060 0.267 0.040 0.063
0 0.025 0.372 0.042 0.067
0 0.698 0.553 0.035 0.057
0 0.662 0.563 0.042 0.067
0 0.064 0.825 0.035 0.057
0 0.805 0.155 0.041 0.065
0 0.619 0.580 0.040 0.063
0 0.076 0.637 0.036 0.058
0 0.121 0.428 0.040 0.063
0 0.649 0.995 0.040 0.063
0 0.024 0.425 0.040 0.063
0 0.098 0.443 0.043 0.068
0 0.640 0.522 0.044 0.070
0 0.066 0.520 0.046 0.073
0 0.163 0.050 0.040 0.063
0 0.830 0.763 0.042 0.067
0 0.595 0.018 0.044 0.070
0 1.000 0.190 0.037 0.060
0 0.537 0.250 0.042 0.067
0 0.410 0.377 0.040 0.063
0 0.406 0.118 0.035 0.057
0 0.859 0.883 0.035 0.057
0 0.209 0.515 0.040 0.063
0 0.511 0.823 0.037 0.060
0 0.079 0.587 0.036 0.058
0 0.728 0.213 0.035 0.057
0 0.000 0.658 0.036 0.058
