0 0.104 0.515 0.048 0.077
0 0.026 0.785 0.046 0.073
0 0.856 0.302 0.043 0.068
0 0.758 0.902 0.035 0.057
0 0.059 0.270 0.042 0.067
0 0.033 0.378 0.042 0.067
0 0.696 0.553 0.037 0.060
0 0.662 0.565 0.044 0.070
0 0.058 0.832 0.034 0.055
0 0.805 0.155 0.037 0.060
0 0.621 0.583 0.040 0.063
0 0.074 0.638 0.034 0.055
0 0.121 0.420 0.040 0.063
0 0.652 1.000 0.040 0.063
0 0.021 0.418 0.041 0.065
0 0.099 0.453 0.040 0.063
0 0.640 0.520 0.042 0.067
0 0.070 0.523 0.044 0.070
0 0.161 0.053 0.036 0.058
0 0.830 0.762 0.042 0.067
0 0.597 0.030 0.035 0.057
0 1.000 0.183 0.033 0.053
0 0.536 0.245 0.041 0.065
0 0.415 0.367 0.041 0.065
0 0.398 0.118 0.044 0.070
0 0.857 0.877 0.044 0.070
0 0.211 0.517 0.042 0.067
0 0.510 0.837 0.035 0.057
0 0.083 0.587 0.035 0.057
0 0.727 0.210 0.041 0.065
0 0.000 0.670 0.041 0.065
