0 0.373 0.923 0.047 0.075
0 0.628 0.937 0.048 0.077
0 0.261 0.073 0.046 0.073
0 0.707 0.962 0.044 0.070
0 0.212 0.037 0.046 0.073
0 0.578 0.007 0.048 0.077
0 0.928 0.838 0.043 0.068
0 0.129 0.792 0.048 0.077
0 0.771 0.587 0.043 0.068
0 0.393 0.087 0.042 0.067
0 0.965 0.983 0.041 0.065
0 0.044 0.252 0.048 0.077
0 0.719 0.212 0.048 0.077
0 0.504 0.255 0.040 0.063
0 0.823 0.945 0.048 0.077
0 0.159 0.155 0.037 0.060
0 0.476 0.153 0.042 0.067
0 0.756 0.550 0.042 0.067
0 0.647 0.633 0.037 0.060
0 0.600 0.532 0.048 0.077
0 0.573 0.322 0.047 0.075
0 0.054 0.025 0.040 0.063
0 0.133 0.590 0.041 0.065
0 0.458 0.382 0.048 0.077
0 0.535 0.447 0.048 0.077
0 0.351 0.423 0.037 0.060
0 0.467 0.095 0.048 0.077
0 0.738 0.368 0.042 0.067
0 0.941 0.000 0.042 0.067
0 0.825 0.582 0.042 0.067
0 0.435 0.038 0.047 0.075
0 0.032 0.137 0.040 0.063
0 0.740 0.702 0.048 0.077
0 0.118 0.768 0.048 0.077
0 0.676 0.340 0.041 0.065
0 0.817 0.245 0.036 0.058
0 0.690 0.900 0.035 0.057
0 0.490 0.388 0.036 0.058
0 0.980 0.057 0.048 0.077
0 0.459 0.710 0.047 0.075
0 0.645 0.428 0.035 0.057
