0 0.471 0.790 0.041 0.065
0 0.096 0.242 0.048 0.077
0 0.064 0.743 0.048 0.077
0 0.209 0.025 0.045 0.072
0 0.306 0.937 0.044 0.070
0 0.721 0.158 0.047 0.075
0 0.183 0.895 0.044 0.070
0 0.370 0.808 0.037 0.060
0 0.388 0.693 0.048 0.077
0 0.303 0.410 0.048 0.077
0 0.623 0.882 0.048 0.077
0 0.815 0.062 0.048 0.077
0 0.618 0.677 0.046 0.073
0 0.078 0.942 0.048 0.077
0 0.869 0.525 0.047 0.075
0 0.792 0.497 0.044 0.070
0 0.271 0.655 0.044 0.070
0 0.079 0.340 0.044 0.070
0 0.796 0.638 0.044 0.070
0 0.354 0.280 0.040 0.063
0 0.546 0.465 0.046 0.073
0 0.429 0.325 0.042 0.067
0 0.592 0.833 0.047 0.075
0 0.025 0.420 0.041 0.065
0 0.536 0.312 0.047 0.075
0 0.290 0.838 0.048 0.077
0 0.543 0.165 0.047 0.075
0 0.669 0.443 0.046 0.073
0 0.976 0.450 0.046 0.073
0 0.955 0.175 0.045 0.072
0 0.700 0.332 0.048 0.077
0 0.460 0.505 0.041 0.065
0 0.946 0.063 0.044 0.070
0 0.644 0.318 0.045 0.072
0 0.373 0.398 0.044 0.070
0 0.490 0.455 0.043 0.068
0 0.807 0.978 0.042 0.067
0 0.575 0.353 0.040 0.063
0 0.386 0.983 0.048 0.077
0 0.768 0.942 0.048 0.077
0 0.627 0.182 0.046 0.073
0 0.867 0.918 0.034 0.055
0 0.559 0.255 0.040 0.063
0 0.144 0.007 0.047 0.075
0 0.000 0.032 0.046 0.073
0 0.955 0.017 0.035 0.057
0 0.492 0.322 0.033 0.053
