0 0.924 0.512 0.042 0.067
0 0.523 0.080 0.048 0.077
0 0.508 0.112 0.048 0.077
0 0.671 0.053 0.048 0.077
0 0.658 0.138 0.042 0.067
0 0.149 0.515 0.048 0.077
0 0.340 0.482 0.048 0.077
0 0.408 0.675 0.047 0.075
0 0.629 0.042 0.044 0.070
0 0.190 0.770 0.047 0.075
0 0.322 0.775 0.048 0.077
0 0.574 0.178 0.048 0.077
0 0.395 0.083 0.035 0.057
0 0.693 0.102 0.048 0.077
0 0.768 0.408 0.047 0.075
0 0.693 0.222 0.041 0.065
0 0.299 0.810 0.048 0.077
0 0.760 0.040 0.048 0.077
0 0.986 0.833 0.042 0.067
0 0.710 0.192 0.036 0.058
