0 0.255 0.660 0.048 0.077
0 0.810 0.063 0.048 0.077
0 0.692 0.420 0.048 0.077
0 0.170 0.817 0.048 0.077
0 0.548 0.403 0.048 0.077
0 0.713 0.392 0.048 0.077
0 0.326 0.178 0.048 0.077
0 0.114 0.645 0.046 0.073
0 0.398 0.748 0.048 0.077
0 0.405 0.793 0.048 0.077
0 1.000 0.108 0.047 0.075
0 0.912 0.172 0.048 0.077
0 0.126 0.215 0.048 0.077
0 0.852 0.245 0.044 0.070
0 0.914 0.077 0.047 0.075
0 0.157 0.850 0.043 0.068
0 0.522 0.010 0.048 0.077
0 0.950 0.323 0.048 0.077
0 0.218 0.648 0.043 0.068
0 0.388 0.815 0.048 0.077
0 0.296 0.360 0.048 0.077
0 0.885 0.108 0.048 0.077
0 0.919 0.782 0.046 0.073
0 0.117 0.742 0.048 0.077
0 0.672 0.098 0.048 0.077
0 0.190 0.858 0.048 0.077
0 0.966 1.000 0.046 0.073
0 0.004 0.792 0.048 0.077
0 0.062 0.715 0.048 0.077
0 0.511 0.063 0.048 0.077
0 0.439 0.618 0.041 0.065
0 0.683 0.112 0.045 0.072
0 0.391 0.860 0.048 0.077
0 0.415 0.958 0.046 0.073
0 0.975 0.308 0.048 0.077
0 0.102 0.725 0.048 0.077
0 0.868 0.073 0.048 0.077
0 0.021 0.080 0.048 0.077
0 0.401 0.038 0.048 0.077
0 0.177 0.753 0.048 0.077
0 0.827 0.535 0.044 0.070
0 0.219 0.777 0.046 0.073
0 0.880 0.585 0.048 0.077
