0 0.253 0.665 0.048 0.077
0 0.797 0.088 0.047 0.075
0 0.689 0.415 0.048 0.077
0 0.171 0.820 0.048 0.077
0 0.552 0.408 0.048 0.077
0 0.708 0.388 0.047 0.075
0 0.324 0.183 0.047 0.075
0 0.109 0.643 0.048 0.077
0 0.394 0.748 0.032 0.052
0 0.410 0.795 0.048 0.077
0 0.999 0.118 0.048 0.077
0 0.917 0.165 0.048 0.077
0 0.142 0.213 0.048 0.077
0 0.854 0.250 0.044 0.070
0 0.904 0.075 0.048 0.077
0 0.157 0.842 0.048 0.077
0 0.527 0.020 0.044 0.070
0 0.954 0.322 0.046 0.073
0 0.221 0.653 0.048 0.077
0 0.386 0.818 0.048 0.077
0 0.296 0.363 0.048 0.077
0 0.884 0.118 0.048 0.077
0 0.918 0.785 0.048 0.077
0 0.118 0.742 0.048 0.077
0 0.673 0.092 0.048 0.077
0 0.188 0.862 0.048 0.077
0 0.956 1.000 0.048 0.077
0 0.009 0.795 0.043 0.068
0 0.060 0.708 0.048 0.077
0 0.509 0.068 0.044 0.070
0 0.443 0.613 0.040 0.063
0 0.675 0.118 0.048 0.077
0 0.393 0.865 0.040 0.063
0 0.415 0.962 0.048 0.077
0 0.973 0.310 0.048 0.077
0 0.104 0.733 0.048 0.077
0 0.865 0.068 0.048 0.077
0 0.016 0.080 0.048 0.077
0 0.402 0.035 0.048 0.077
0 0.176 0.753 0.046 0.073
0 0.831 0.537 0.036 0.058
0 0.217 0.783 0.048 0.077
0 0.873 0.578 0.048 0.077
