0 0.722 0.823 0.035 0.057
0 0.765 0.510 0.048 0.077
0 0.929 0.210 0.048 0.077
0 0.352 0.523 0.046 0.073
0 0.190 0.732 0.046 0.073
0 0.734 0.070 0.048 0.077
0 0.284 0.513 0.040 0.063
0 0.339 0.225 0.035 0.057
0 0.000 0.732 0.042 0.067
0 0.368 0.338 0.047 0.075
0 0.267 0.115 0.036 0.058
0 0.689 0.213 0.046 0.073
0 0.537 0.688 0.047 0.075
0 0.275 0.642 0.042 0.067
0 0.880 0.840 0.040 0.063
0 0.275 0.712 0.043 0.068
0 0.751 0.955 0.041 0.065
0 0.923 0.592 0.041 0.065
0 0.540 0.883 0.042 0.067
0 0.456 0.562 0.041 0.065
0 0.856 0.665 0.042 0.067
0 0.136 0.805 0.044 0.070
0 0.698 0.672 0.040 0.063
0 0.627 0.322 0.036 0.058
0 0.960 0.423 0.037 0.060
0 0.118 0.225 0.048 0.077
0 0.577 0.025 0.042 0.067
0 0.449 0.613 0.041 0.065
0 0.607 0.302 0.042 0.067
0 0.654 0.732 0.046 0.073
0 0.794 0.267 0.042 0.067
0 0.383 0.310 0.036 0.058
0 0.258 0.695 0.048 0.077
0 0.606 0.657 0.037 0.060
0 0.831 0.453 0.044 0.070
0 0.908 0.780 0.044 0.070
0 0.584 0.612 0.043 0.068
0 0.677 0.320 0.041 0.065
0 0.003 0.090 0.048 0.077
0 0.825 0.000 0.042 0.067
0 0.679 0.000 0.048 0.077
