0 0.548 0.860 0.044 0.070
0 0.832 0.962 0.042 0.067
0 0.853 0.588 0.044 0.070
0 0.102 0.615 0.044 0.070
0 0.325 0.478 0.040 0.063
0 0.027 0.450 0.041 0.065
0 0.553 0.320 0.044 0.070
0 0.823 0.408 0.044 0.070
0 0.061 0.730 0.040 0.063
0 0.651 0.915 0.041 0.065
0 0.831 0.748 0.042 0.067
0 0.592 0.053 0.041 0.065
0 0.761 0.388 0.040 0.063
0 0.129 0.912 0.048 0.077
0 0.354 0.088 0.042 0.067
0 0.758 0.432 0.042 0.067
0 0.372 0.707 0.042 0.067
0 0.685 0.218 0.037 0.060
0 0.630 0.420 0.042 0.067
0 0.171 0.280 0.042 0.067
0 0.554 0.563 0.040 0.063
0 0.666 0.577 0.041 0.065
0 0.550 0.770 0.040 0.063
0 0.009 0.552 0.042 0.067
0 0.768 0.152 0.036 0.058
0 0.861 0.953 0.035 0.057
0 0.980 0.975 0.032 0.052
0 0.292 0.863 0.044 0.070
0 0.422 0.455 0.048 0.077
0 0.469 0.413 0.048 0.077
0 0.804 0.570 0.040 0.063
0 0.316 0.273 0.037 0.060
0 0.595 0.757 0.041 0.065
0 0.647 0.578 0.041 0.065
0 0.727 0.030 0.044 0.070
0 0.481 0.122 0.040 0.063
0 0.785 0.755 0.032 0.052
0 0.744 0.547 0.041 0.065
0 0.950 0.698 0.036 0.058
0 0.125 0.588 0.040 0.063
0 0.677 0.832 0.041 0.065
0 0.013 0.713 0.034 0.055
0 0.269 0.822 0.035 0.057
0 0.880 0.437 0.034 0.055
0 0.673 0.785 0.037 0.060
0 0.669 0.548 0.032 0.052
0 0.364 0.323 0.037 0.060
0 0.233 0.787 0.044 0.070
0 0.928 0.177 0.035 0.057
0 0.453 1.000 0.031 0.050
0 0.184 0.048 0.035 0.057
0 0.592 0.308 0.042 0.067
0 0.585 0.263 0.040 0.063
0 0.787 1.000 0.041 0.065
0 0.549 0.223 0.032 0.052
0 0.807 0.605 0.042 0.067
