0 0.256 0.658 0.048 0.077
0 0.808 0.063 0.048 0.077
0 0.691 0.420 0.048 0.077
0 0.171 0.820 0.048 0.077
0 0.547 0.407 0.048 0.077
0 0.713 0.392 0.048 0.077
0 0.326 0.175 0.048 0.077
0 0.116 0.648 0.048 0.077
0 0.401 0.750 0.037 0.060
0 0.408 0.803 0.048 0.077
0 1.000 0.108 0.047 0.075
0 0.911 0.172 0.048 0.077
0 0.121 0.220 0.048 0.077
0 0.850 0.245 0.043 0.068
0 0.914 0.080 0.048 0.077
0 0.153 0.848 0.048 0.077
0 0.517 0.000 0.048 0.077
0 0.951 0.322 0.048 0.077
0 0.219 0.650 0.042 0.067
0 0.397 0.795 0.033 0.053
0 0.296 0.365 0.048 0.077
0 0.884 0.110 0.048 0.077
0 0.918 0.780 0.043 0.068
0 0.117 0.745 0.048 0.077
0 0.671 0.098 0.048 0.077
0 0.189 0.862 0.048 0.077
0 0.951 0.998 0.041 0.065
0 0.004 0.793 0.046 0.073
0 0.065 0.712 0.048 0.077
0 0.511 0.065 0.048 0.077
0 0.440 0.620 0.046 0.073
0 0.684 0.112 0.048 0.077
0 0.392 0.860 0.048 0.077
0 0.418 0.952 0.042 0.067
0 0.978 0.307 0.045 0.072
0 0.101 0.728 0.048 0.077
0 0.868 0.070 0.048 0.077
0 0.025 0.080 0.044 0.070
0 0.400 0.035 0.045 0.072
0 0.175 0.753 0.048 0.077
0 0.831 0.537 0.040 0.063
0 0.221 0.777 0.048 0.077
0 0.873 0.583 0.048 0.077
