0 0.534 0.855 0.042 0.067
0 0.833 0.957 0.044 0.070
0 0.849 0.590 0.045 0.072
0 0.104 0.590 0.045 0.072
0 0.331 0.473 0.040 0.063
0 0.029 0.457 0.037 0.060
0 0.556 0.332 0.048 0.077
0 0.822 0.407 0.044 0.070
0 0.057 0.712 0.041 0.065
0 0.656 0.905 0.037 0.060
0 0.836 0.757 0.042 0.067
0 0.599 0.057 0.041 0.065
0 0.757 0.387 0.041 0.065
0 0.129 0.910 0.047 0.075
0 0.350 0.092 0.044 0.070
0 0.755 0.413 0.042 0.067
0 0.371 0.718 0.040 0.063
0 0.679 0.218 0.035 0.057
0 0.623 0.403 0.032 0.052
0 0.170 0.272 0.043 0.068
0 0.548 0.548 0.035 0.057
0 0.661 0.583 0.041 0.065
0 0.542 0.765 0.041 0.065
0 0.005 0.550 0.046 0.073
0 0.777 0.158 0.035 0.057
0 0.864 0.947 0.034 0.055
0 0.972 0.967 0.037 0.060
0 0.293 0.872 0.042 0.067
0 0.415 0.477 0.048 0.077
0 0.467 0.417 0.043 0.068
0 0.798 0.565 0.042 0.067
0 0.310 0.275 0.037 0.060
0 0.585 0.767 0.037 0.060
0 0.646 0.578 0.037 0.060
0 0.731 0.023 0.041 0.065
0 0.487 0.115 0.041 0.065
0 0.789 0.745 0.033 0.053
0 0.754 0.540 0.036 0.058
0 0.953 0.712 0.035 0.057
0 0.126 0.600 0.041 0.065
0 0.672 0.842 0.041 0.065
0 0.021 0.713 0.042 0.067
0 0.287 0.832 0.037 0.060
0 0.880 0.447 0.036 0.058
0 0.669 0.788 0.042 0.067
0 0.662 0.553 0.032 0.052
0 0.368 0.302 0.046 0.073
0 0.235 0.782 0.037 0.060
0 0.921 0.180 0.034 0.055
0 0.460 0.998 0.035 0.057
0 0.179 0.055 0.035 0.057
0 0.590 0.297 0.042 0.067
0 0.590 0.267 0.041 0.065
0 0.786 1.000 0.035 0.057
0 0.548 0.210 0.032 0.052
0 0.816 0.613 0.042 0.067
