1 0.376 0.932 0.048 0.077 1
3 0.630 0.942 0.048 0.077 3
6 0.269 0.092 0.041 0.065 6
7 0.710 0.960 0.048 0.077 7
9 0.204 0.037 0.044 0.070 9
10 0.579 0.028 0.048 0.077 10
13 0.917 0.850 0.035 0.057 13
14 0.132 0.792 0.048 0.077 14
15 0.772 0.567 0.044 0.070 15
16 0.401 0.075 0.048 0.077 16
17 0.971 0.968 0.040 0.063 17
18 0.043 0.243 0.048 0.077 18
19 0.714 0.208 0.048 0.077 19
20 0.516 0.255 0.037 0.060 20
22 0.833 0.952 0.048 0.077 22
23 0.159 0.167 0.035 0.057 23
24 0.480 0.168 0.043 0.068 24
25 0.757 0.548 0.041 0.065 25
26 0.647 0.635 0.040 0.063 26
27 0.607 0.540 0.045 0.072 27
29 0.572 0.298 0.036 0.058 29
30 0.053 0.023 0.041 0.065 30
31 0.132 0.582 0.042 0.067 31
32 0.454 0.373 0.040 0.063 32
33 0.535 0.447 0.048 0.077 33
34 0.359 0.435 0.048 0.077 34
35 0.469 0.095 0.046 0.073 35
36 0.732 0.343 0.040 0.063 36
37 0.932 0.000 0.046 0.073 37
38 0.825 0.580 0.035 0.057 38
39 0.438 0.047 0.048 0.077 39
40 0.033 0.133 0.048 0.077 40
41 0.744 0.690 0.048 0.077 41
42 0.117 0.773 0.037 0.060 42
43 0.682 0.345 0.041 0.065 43
45 0.830 0.243 0.037 0.060 45
48 0.702 0.895 0.048 0.077 48
49 0.489 0.385 0.035 0.057 49
50 0.979 0.050 0.044 0.070 50
51 0.453 0.727 0.048 0.077 51
52 0.634 0.417 0.036 0.058 52
