1 0.370 0.920 0.044 0.070 1
3 0.622 0.930 0.036 0.058 3
6 0.264 0.072 0.042 0.067 6
7 0.708 0.962 0.045 0.072 7
9 0.219 0.030 0.048 0.077 9
10 0.577 0.010 0.047 0.075 10
13 0.930 0.838 0.043 0.068 13
14 0.129 0.792 0.048 0.077 14
15 0.771 0.580 0.048 0.077 15
16 0.398 0.078 0.043 0.068 16
17 0.968 0.992 0.047 0.075 17
18 0.041 0.253 0.046 0.073 18
19 0.716 0.212 0.042 0.067 19
20 0.503 0.257 0.044 0.070 20
22 0.820 0.948 0.048 0.077 22
23 0.159 0.150 0.041 0.065 23
24 0.475 0.148 0.042 0.067 24
25 0.756 0.550 0.042 0.067 25
26 0.648 0.632 0.046 0.073 26
27 0.602 0.532 0.044 0.070 27
29 0.565 0.322 0.047 0.075 29
30 0.055 0.022 0.048 0.077 30
31 0.132 0.592 0.042 0.067 31
32 0.457 0.375 0.048 0.077 32
33 0.534 0.440 0.034 0.055 33
34 0.349 0.423 0.040 0.063 34
35 0.467 0.087 0.042 0.067 35
36 0.741 0.370 0.037 0.060 36
37 0.936 0.000 0.048 0.077 37
38 0.827 0.578 0.043 0.068 38
39 0.433 0.048 0.035 0.057 39
40 0.030 0.137 0.042 0.067 40
41 0.742 0.708 0.036 0.058 41
42 0.116 0.773 0.048 0.077 42
43 0.671 0.333 0.048 0.077 43
45 0.812 0.245 0.035 0.057 45
48 0.692 0.903 0.047 0.075 48
49 0.494 0.395 0.046 0.073 49
50 0.981 0.052 0.042 0.067 50
51 0.463 0.708 0.042 0.067 51
52 0.646 0.433 0.035 0.057 52
