1 0.374 0.928 0.042 0.067 1
3 0.629 0.940 0.048 0.077 3
6 0.268 0.085 0.042 0.067 6
7 0.696 0.943 0.044 0.070 7
9 0.206 0.037 0.044 0.070 9
10 0.579 0.015 0.044 0.070 10
13 0.921 0.840 0.046 0.073 13
14 0.129 0.795 0.045 0.072 14
15 0.773 0.573 0.036 0.058 15
16 0.399 0.078 0.045 0.072 16
17 0.969 0.973 0.042 0.067 17
18 0.042 0.245 0.044 0.070 18
19 0.713 0.210 0.040 0.063 19
20 0.511 0.255 0.042 0.067 20
22 0.829 0.948 0.046 0.073 22
23 0.158 0.163 0.042 0.067 23
24 0.475 0.160 0.048 0.077 24
25 0.757 0.550 0.037 0.060 25
26 0.646 0.633 0.040 0.063 26
27 0.605 0.538 0.044 0.070 27
29 0.567 0.300 0.048 0.077 29
30 0.052 0.015 0.042 0.067 30
31 0.131 0.580 0.046 0.073 31
32 0.454 0.377 0.042 0.067 32
33 0.536 0.448 0.048 0.077 33
34 0.357 0.428 0.036 0.058 34
35 0.466 0.085 0.036 0.058 35
36 0.732 0.355 0.037 0.060 36
37 0.933 0.000 0.045 0.072 37
38 0.826 0.580 0.037 0.060 38
39 0.434 0.040 0.048 0.077 39
40 0.033 0.138 0.037 0.060 40
41 0.742 0.700 0.041 0.065 41
42 0.119 0.772 0.048 0.077 42
43 0.678 0.342 0.048 0.077 43
45 0.825 0.242 0.042 0.067 45
48 0.697 0.902 0.037 0.060 48
49 0.489 0.388 0.037 0.060 49
50 0.980 0.052 0.046 0.073 50
51 0.459 0.725 0.037 0.060 51
52 0.639 0.420 0.037 0.060 52
