1 0.372 0.925 0.040 0.063 1
3 0.628 0.937 0.048 0.077 3
6 0.265 0.082 0.035 0.057 6
7 0.709 0.963 0.048 0.077 7
9 0.216 0.030 0.048 0.077 9
10 0.577 0.010 0.042 0.067 10
13 0.928 0.838 0.044 0.070 13
14 0.128 0.790 0.046 0.073 14
15 0.772 0.580 0.035 0.057 15
16 0.394 0.082 0.048 0.077 16
17 0.959 0.982 0.048 0.077 17
18 0.042 0.250 0.046 0.073 18
19 0.715 0.212 0.043 0.068 19
20 0.502 0.260 0.044 0.070 20
22 0.830 0.953 0.048 0.077 22
23 0.160 0.153 0.047 0.075 23
24 0.476 0.155 0.046 0.073 24
25 0.756 0.550 0.041 0.065 25
26 0.649 0.630 0.048 0.077 26
27 0.603 0.533 0.045 0.072 27
29 0.569 0.318 0.037 0.060 29
30 0.053 0.023 0.041 0.065 30
31 0.133 0.588 0.041 0.065 31
32 0.455 0.378 0.041 0.065 32
33 0.536 0.432 0.048 0.077 33
34 0.352 0.425 0.041 0.065 34
35 0.468 0.095 0.048 0.077 35
36 0.736 0.367 0.043 0.068 36
37 0.935 0.005 0.048 0.077 37
38 0.822 0.582 0.035 0.057 38
39 0.435 0.038 0.048 0.077 39
40 0.033 0.137 0.037 0.060 40
41 0.742 0.705 0.036 0.058 41
42 0.117 0.773 0.048 0.077 42
43 0.677 0.333 0.047 0.075 43
45 0.818 0.242 0.035 0.057 45
48 0.695 0.898 0.048 0.077 48
49 0.490 0.388 0.036 0.058 49
50 0.979 0.057 0.048 0.077 50
51 0.463 0.713 0.040 0.063 51
52 0.647 0.427 0.048 0.077 52
