1 0.371 0.923 0.041 0.065 1
3 0.627 0.938 0.047 0.075 3
6 0.264 0.077 0.041 0.065 6
7 0.708 0.962 0.045 0.072 7
9 0.214 0.032 0.042 0.067 9
10 0.578 0.007 0.048 0.077 10
13 0.927 0.833 0.048 0.077 13
14 0.124 0.792 0.048 0.077 14
15 0.770 0.577 0.040 0.063 15
16 0.393 0.080 0.048 0.077 16
17 0.965 0.983 0.041 0.065 17
18 0.041 0.250 0.045 0.072 18
19 0.719 0.213 0.048 0.077 19
20 0.508 0.258 0.048 0.077 20
22 0.823 0.948 0.048 0.077 22
23 0.159 0.152 0.046 0.073 23
24 0.476 0.152 0.042 0.067 24
25 0.758 0.558 0.048 0.077 25
26 0.651 0.635 0.048 0.077 26
27 0.602 0.533 0.042 0.067 27
29 0.572 0.320 0.048 0.077 29
30 0.055 0.028 0.048 0.077 30
31 0.130 0.587 0.046 0.073 31
32 0.455 0.380 0.042 0.067 32
33 0.536 0.432 0.048 0.077 33
34 0.352 0.425 0.035 0.057 34
35 0.467 0.080 0.048 0.077 35
36 0.739 0.368 0.037 0.060 36
37 0.943 0.000 0.044 0.070 37
38 0.818 0.578 0.048 0.077 38
39 0.435 0.038 0.048 0.077 39
40 0.031 0.138 0.042 0.067 40
41 0.743 0.707 0.041 0.065 41
42 0.117 0.768 0.047 0.075 42
43 0.676 0.340 0.042 0.067 43
45 0.818 0.245 0.037 0.060 45
48 0.690 0.908 0.044 0.070 48
49 0.493 0.385 0.042 0.067 49
50 0.982 0.055 0.046 0.073 50
51 0.464 0.712 0.040 0.063 51
52 0.645 0.428 0.035 0.057 52
