1 0.374 0.938 0.037 0.060 1
3 0.629 0.940 0.048 0.077 3
6 0.267 0.092 0.044 0.070 6
7 0.709 0.958 0.048 0.077 7
9 0.207 0.035 0.048 0.077 9
10 0.579 0.028 0.048 0.077 10
13 0.921 0.843 0.042 0.067 13
14 0.131 0.793 0.048 0.077 14
15 0.774 0.582 0.048 0.077 15
16 0.396 0.080 0.048 0.077 16
17 0.968 0.972 0.041 0.065 17
18 0.043 0.245 0.048 0.077 18
19 0.710 0.207 0.041 0.065 19
20 0.515 0.252 0.040 0.063 20
22 0.830 0.947 0.048 0.077 22
23 0.156 0.168 0.043 0.068 23
24 0.479 0.168 0.043 0.068 24
25 0.757 0.548 0.041 0.065 25
26 0.648 0.633 0.035 0.057 26
27 0.606 0.538 0.042 0.067 27
29 0.575 0.303 0.048 0.077 29
30 0.052 0.017 0.048 0.077 30
31 0.138 0.573 0.048 0.077 31
32 0.454 0.375 0.040 0.063 32
33 0.534 0.437 0.040 0.063 33
34 0.360 0.422 0.048 0.077 34
35 0.465 0.080 0.048 0.077 35
36 0.729 0.345 0.045 0.072 36
37 0.931 0.000 0.045 0.072 37
38 0.825 0.580 0.035 0.057 38
39 0.441 0.048 0.048 0.077 39
40 0.031 0.140 0.041 0.065 40
41 0.742 0.697 0.042 0.067 41
42 0.117 0.763 0.048 0.077 42
43 0.681 0.345 0.041 0.065 43
45 0.830 0.245 0.036 0.058 45
48 0.699 0.897 0.044 0.070 48
49 0.487 0.382 0.046 0.073 49
50 0.980 0.053 0.048 0.077 50
51 0.457 0.728 0.040 0.063 51
52 0.636 0.417 0.035 0.057 52
