1 0.374 0.927 0.048 0.077 1
3 0.629 0.938 0.048 0.077 3
6 0.267 0.085 0.042 0.067 6
7 0.699 0.950 0.041 0.065 7
9 0.207 0.038 0.044 0.070 9
10 0.578 0.013 0.044 0.070 10
13 0.921 0.847 0.048 0.077 13
14 0.128 0.795 0.047 0.075 14
15 0.770 0.570 0.042 0.067 15
16 0.396 0.078 0.048 0.077 16
17 0.972 0.980 0.048 0.077 17
18 0.042 0.247 0.044 0.070 18
19 0.716 0.213 0.046 0.073 19
20 0.517 0.258 0.048 0.077 20
22 0.830 0.948 0.048 0.077 22
23 0.157 0.165 0.042 0.067 23
24 0.478 0.163 0.041 0.065 24
25 0.754 0.548 0.042 0.067 25
26 0.650 0.630 0.048 0.077 26
27 0.604 0.540 0.044 0.070 27
29 0.575 0.310 0.048 0.077 29
30 0.054 0.032 0.048 0.077 30
31 0.134 0.587 0.044 0.070 31
32 0.455 0.368 0.048 0.077 32
33 0.537 0.437 0.048 0.077 33
34 0.357 0.427 0.035 0.057 34
35 0.465 0.082 0.048 0.077 35
36 0.733 0.355 0.044 0.070 36
37 0.930 0.000 0.045 0.072 37
38 0.822 0.580 0.035 0.057 38
39 0.433 0.042 0.048 0.077 39
40 0.034 0.133 0.048 0.077 40
41 0.740 0.698 0.037 0.060 41
42 0.117 0.765 0.048 0.077 42
43 0.679 0.345 0.041 0.065 43
45 0.824 0.242 0.035 0.057 45
48 0.695 0.907 0.042 0.067 48
49 0.489 0.387 0.048 0.077 49
50 0.981 0.050 0.044 0.070 50
51 0.464 0.727 0.048 0.077 51
52 0.640 0.422 0.037 0.060 52
