1 0.370 0.922 0.041 0.065 1
3 0.626 0.938 0.047 0.075 3
6 0.267 0.070 0.046 0.073 6
7 0.709 0.960 0.041 0.065 7
9 0.215 0.032 0.045 0.072 9
10 0.578 0.013 0.047 0.075 10
13 0.928 0.837 0.040 0.063 13
14 0.126 0.795 0.048 0.077 14
15 0.766 0.583 0.044 0.070 15
16 0.395 0.083 0.045 0.072 16
17 0.963 0.988 0.040 0.063 17
18 0.041 0.252 0.048 0.077 18
19 0.721 0.215 0.048 0.077 19
20 0.502 0.257 0.042 0.067 20
22 0.819 0.947 0.048 0.077 22
23 0.160 0.143 0.048 0.077 23
24 0.474 0.148 0.042 0.067 24
25 0.756 0.548 0.041 0.065 25
26 0.647 0.642 0.044 0.070 26
27 0.600 0.535 0.044 0.070 27
29 0.567 0.322 0.048 0.077 29
30 0.055 0.025 0.044 0.070 30
31 0.133 0.592 0.041 0.065 31
32 0.453 0.383 0.045 0.072 32
33 0.535 0.432 0.048 0.077 33
34 0.349 0.423 0.040 0.063 34
35 0.469 0.095 0.046 0.073 35
36 0.742 0.372 0.037 0.060 36
37 0.936 0.000 0.048 0.077 37
38 0.826 0.580 0.042 0.067 38
39 0.432 0.040 0.048 0.077 39
40 0.032 0.138 0.040 0.063 40
41 0.743 0.707 0.043 0.068 41
42 0.114 0.775 0.048 0.077 42
43 0.672 0.332 0.048 0.077 43
45 0.815 0.245 0.037 0.060 45
48 0.689 0.898 0.048 0.077 48
49 0.493 0.397 0.048 0.077 49
50 0.981 0.055 0.048 0.077 50
51 0.463 0.708 0.042 0.067 51
52 0.646 0.433 0.034 0.055 52
