1 0.376 0.932 0.048 0.077 1
3 0.628 0.942 0.048 0.077 3
6 0.268 0.083 0.044 0.070 6
7 0.706 0.960 0.048 0.077 7
9 0.209 0.038 0.042 0.067 9
10 0.583 0.020 0.048 0.077 10
13 0.922 0.842 0.044 0.070 13
14 0.124 0.802 0.032 0.052 14
15 0.775 0.577 0.048 0.077 15
16 0.391 0.093 0.047 0.075 16
17 0.970 0.980 0.048 0.077 17
18 0.042 0.242 0.048 0.077 18
19 0.711 0.208 0.043 0.068 19
20 0.510 0.253 0.040 0.063 20
22 0.829 0.948 0.048 0.077 22
23 0.158 0.162 0.043 0.068 23
24 0.478 0.160 0.042 0.067 24
25 0.757 0.548 0.042 0.067 25
26 0.647 0.633 0.037 0.060 26
27 0.609 0.532 0.048 0.077 27
29 0.573 0.303 0.048 0.077 29
30 0.051 0.017 0.048 0.077 30
31 0.135 0.583 0.036 0.058 31
32 0.454 0.378 0.041 0.065 32
33 0.536 0.448 0.048 0.077 33
34 0.355 0.420 0.048 0.077 34
35 0.468 0.095 0.047 0.075 35
36 0.735 0.357 0.041 0.065 36
37 0.932 0.000 0.044 0.070 37
38 0.822 0.580 0.037 0.060 38
39 0.438 0.042 0.042 0.067 39
40 0.033 0.133 0.048 0.077 40
41 0.741 0.700 0.042 0.067 41
42 0.118 0.767 0.048 0.077 42
43 0.678 0.345 0.042 0.067 43
45 0.823 0.245 0.037 0.060 45
48 0.696 0.905 0.042 0.067 48
49 0.486 0.392 0.048 0.077 49
50 0.981 0.053 0.046 0.073 50
51 0.456 0.720 0.048 0.077 51
52 0.641 0.422 0.036 0.058 52
