1 0.371 0.925 0.042 0.067 1
3 0.626 0.940 0.046 0.073 3
6 0.264 0.077 0.042 0.067 6
7 0.707 0.962 0.044 0.070 7
9 0.217 0.030 0.048 0.077 9
10 0.582 0.015 0.048 0.077 10
13 0.928 0.832 0.048 0.077 13
14 0.125 0.795 0.048 0.077 14
15 0.772 0.588 0.043 0.068 15
16 0.396 0.080 0.048 0.077 16
17 0.969 0.987 0.048 0.077 17
18 0.041 0.252 0.048 0.077 18
19 0.713 0.215 0.047 0.075 19
20 0.499 0.262 0.048 0.077 20
22 0.823 0.948 0.048 0.077 22
23 0.159 0.153 0.044 0.070 23
24 0.475 0.152 0.042 0.067 24
25 0.758 0.555 0.048 0.077 25
26 0.650 0.633 0.042 0.067 26
27 0.601 0.533 0.042 0.067 27
29 0.568 0.322 0.037 0.060 29
30 0.053 0.017 0.048 0.077 30
31 0.139 0.588 0.048 0.077 31
32 0.455 0.377 0.045 0.072 32
33 0.536 0.432 0.048 0.077 33
34 0.351 0.423 0.037 0.060 34
35 0.467 0.087 0.036 0.058 35
36 0.739 0.368 0.040 0.063 36
37 0.935 0.000 0.045 0.072 37
38 0.821 0.580 0.037 0.060 38
39 0.432 0.047 0.041 0.065 39
40 0.033 0.133 0.048 0.077 40
41 0.743 0.707 0.037 0.060 41
42 0.116 0.772 0.048 0.077 42
43 0.675 0.340 0.042 0.067 43
45 0.815 0.247 0.040 0.063 45
48 0.694 0.903 0.046 0.073 48
49 0.493 0.390 0.040 0.063 49
50 0.981 0.052 0.042 0.067 50
51 0.463 0.707 0.036 0.058 51
52 0.645 0.430 0.035 0.057 52
