1 0.372 0.925 0.041 0.065 1
3 0.628 0.938 0.048 0.077 3
6 0.265 0.080 0.041 0.065 6
7 0.709 0.967 0.047 0.075 7
9 0.210 0.037 0.045 0.072 9
10 0.576 0.013 0.044 0.070 10
13 0.927 0.842 0.041 0.065 13
14 0.129 0.792 0.048 0.077 14
15 0.773 0.580 0.048 0.077 15
16 0.397 0.083 0.048 0.077 16
17 0.966 0.982 0.042 0.067 17
18 0.042 0.248 0.044 0.070 18
19 0.714 0.208 0.042 0.067 19
20 0.507 0.257 0.040 0.063 20
22 0.825 0.945 0.047 0.075 22
23 0.160 0.157 0.047 0.075 23
24 0.477 0.157 0.043 0.068 24
25 0.756 0.550 0.042 0.067 25
26 0.648 0.633 0.042 0.067 26
27 0.603 0.537 0.043 0.068 27
29 0.571 0.310 0.048 0.077 29
30 0.052 0.020 0.043 0.068 30
31 0.133 0.587 0.041 0.065 31
32 0.454 0.378 0.041 0.065 32
33 0.539 0.443 0.048 0.077 33
34 0.354 0.425 0.035 0.057 34
35 0.470 0.088 0.048 0.077 35
36 0.735 0.365 0.042 0.067 36
37 0.935 0.000 0.046 0.073 37
38 0.822 0.587 0.041 0.065 38
39 0.438 0.040 0.048 0.077 39
40 0.033 0.133 0.048 0.077 40
41 0.741 0.695 0.048 0.077 41
42 0.117 0.767 0.048 0.077 42
43 0.676 0.342 0.040 0.063 43
45 0.820 0.243 0.037 0.060 45
48 0.695 0.900 0.036 0.058 48
49 0.490 0.388 0.035 0.057 49
50 0.980 0.055 0.048 0.077 50
51 0.463 0.710 0.048 0.077 51
52 0.647 0.427 0.048 0.077 52
