1 0.378 0.933 0.048 0.077 1
3 0.630 0.942 0.048 0.077 3
6 0.265 0.085 0.048 0.077 6
7 0.710 0.960 0.048 0.077 7
9 0.204 0.033 0.046 0.073 9
10 0.579 0.028 0.048 0.077 10
13 0.920 0.843 0.041 0.065 13
14 0.131 0.795 0.048 0.077 14
15 0.777 0.572 0.048 0.077 15
16 0.393 0.088 0.042 0.067 16
17 0.971 0.972 0.037 0.060 17
18 0.042 0.243 0.044 0.070 18
19 0.709 0.202 0.048 0.077 19
20 0.516 0.252 0.040 0.063 20
22 0.831 0.950 0.046 0.073 22
23 0.157 0.170 0.042 0.067 23
24 0.480 0.168 0.042 0.067 24
25 0.756 0.548 0.041 0.065 25
26 0.648 0.638 0.044 0.070 26
27 0.607 0.532 0.048 0.077 27
29 0.571 0.300 0.041 0.065 29
30 0.055 0.028 0.048 0.077 30
31 0.139 0.587 0.048 0.077 31
32 0.454 0.373 0.045 0.072 32
33 0.533 0.432 0.048 0.077 33
34 0.360 0.425 0.046 0.073 34
35 0.463 0.082 0.048 0.077 35
36 0.732 0.347 0.044 0.070 36
37 0.933 0.000 0.047 0.075 37
38 0.826 0.587 0.044 0.070 38
39 0.440 0.045 0.048 0.077 39
40 0.034 0.133 0.048 0.077 40
41 0.742 0.695 0.037 0.060 41
42 0.118 0.765 0.048 0.077 42
43 0.677 0.343 0.048 0.077 43
45 0.829 0.243 0.037 0.060 45
48 0.701 0.905 0.042 0.067 48
49 0.487 0.388 0.040 0.063 49
50 0.980 0.052 0.046 0.073 50
51 0.459 0.733 0.044 0.070 51
52 0.636 0.417 0.036 0.058 52
