1 0.375 0.940 0.043 0.068 1
3 0.630 0.945 0.048 0.077 3
6 0.270 0.095 0.042 0.067 6
7 0.704 0.953 0.048 0.077 7
9 0.198 0.035 0.048 0.077 9
10 0.579 0.030 0.044 0.070 10
13 0.912 0.838 0.048 0.077 13
14 0.130 0.795 0.047 0.075 14
15 0.777 0.572 0.045 0.072 15
16 0.395 0.078 0.048 0.077 16
17 0.972 0.967 0.041 0.065 17
18 0.041 0.242 0.045 0.072 18
19 0.709 0.207 0.040 0.063 19
20 0.520 0.248 0.048 0.077 20
22 0.835 0.952 0.046 0.073 22
23 0.158 0.175 0.042 0.067 23
24 0.482 0.180 0.048 0.077 24
25 0.756 0.547 0.046 0.073 25
26 0.649 0.637 0.045 0.072 26
27 0.608 0.538 0.042 0.067 27
29 0.574 0.295 0.041 0.065 29
30 0.053 0.018 0.048 0.077 30
31 0.133 0.582 0.044 0.070 31
32 0.453 0.375 0.042 0.067 32
33 0.535 0.453 0.048 0.077 33
34 0.366 0.432 0.044 0.070 34
35 0.467 0.095 0.048 0.077 35
36 0.732 0.337 0.045 0.072 36
37 0.933 0.000 0.048 0.077 37
38 0.823 0.580 0.035 0.057 38
39 0.436 0.037 0.048 0.077 39
40 0.033 0.130 0.048 0.077 40
41 0.743 0.693 0.042 0.067 41
42 0.116 0.765 0.048 0.077 42
43 0.679 0.342 0.047 0.075 43
45 0.835 0.243 0.034 0.055 45
48 0.705 0.902 0.036 0.058 48
49 0.486 0.388 0.037 0.060 49
50 0.979 0.055 0.048 0.077 50
51 0.452 0.733 0.037 0.060 51
52 0.633 0.412 0.035 0.057 52
