1 0.372 0.927 0.043 0.068 1
3 0.626 0.938 0.046 0.073 3
6 0.261 0.073 0.048 0.077 6
7 0.708 0.962 0.045 0.072 7
9 0.212 0.033 0.042 0.067 9
10 0.580 0.010 0.042 0.067 10
13 0.927 0.840 0.042 0.067 13
14 0.126 0.788 0.042 0.067 14
15 0.772 0.585 0.042 0.067 15
16 0.398 0.087 0.046 0.073 16
17 0.968 0.987 0.048 0.077 17
18 0.042 0.248 0.045 0.072 18
19 0.720 0.217 0.045 0.072 19
20 0.505 0.257 0.043 0.068 20
22 0.823 0.952 0.048 0.077 22
23 0.161 0.155 0.048 0.077 23
24 0.475 0.148 0.048 0.077 24
25 0.756 0.550 0.041 0.065 25
26 0.647 0.633 0.037 0.060 26
27 0.602 0.537 0.042 0.067 27
29 0.571 0.308 0.048 0.077 29
30 0.050 0.025 0.044 0.070 30
31 0.131 0.587 0.044 0.070 31
32 0.456 0.373 0.048 0.077 32
33 0.536 0.438 0.042 0.067 33
34 0.353 0.425 0.042 0.067 34
35 0.466 0.100 0.048 0.077 35
36 0.738 0.368 0.037 0.060 36
37 0.944 0.000 0.044 0.070 37
38 0.821 0.583 0.033 0.053 38
39 0.431 0.045 0.037 0.060 39
40 0.033 0.138 0.037 0.060 40
41 0.742 0.703 0.043 0.068 41
42 0.116 0.768 0.048 0.077 42
43 0.674 0.337 0.048 0.077 43
45 0.816 0.247 0.040 0.063 45
48 0.691 0.902 0.036 0.058 48
49 0.493 0.393 0.044 0.070 49
50 0.980 0.052 0.042 0.067 50
51 0.456 0.713 0.048 0.077 51
52 0.640 0.425 0.046 0.073 52
