1 0.366 0.918 0.032 0.052 1
3 0.623 0.935 0.042 0.067 3
6 0.265 0.073 0.042 0.067 6
7 0.705 0.958 0.048 0.077 7
9 0.215 0.032 0.042 0.067 9
10 0.577 0.008 0.046 0.073 10
13 0.929 0.832 0.048 0.077 13
14 0.128 0.795 0.048 0.077 14
15 0.773 0.583 0.048 0.077 15
16 0.398 0.082 0.048 0.077 16
17 0.964 0.992 0.044 0.070 17
18 0.036 0.258 0.048 0.077 18
19 0.714 0.212 0.046 0.073 19
20 0.501 0.258 0.040 0.063 20
22 0.819 0.947 0.048 0.077 22
23 0.160 0.148 0.048 0.077 23
24 0.474 0.148 0.043 0.068 24
25 0.755 0.548 0.041 0.065 25
26 0.649 0.635 0.035 0.057 26
27 0.600 0.532 0.043 0.068 27
29 0.565 0.327 0.046 0.073 29
30 0.052 0.017 0.040 0.063 30
31 0.134 0.593 0.044 0.070 31
32 0.455 0.378 0.042 0.067 32
33 0.536 0.438 0.041 0.065 33
34 0.350 0.423 0.037 0.060 34
35 0.468 0.095 0.048 0.077 35
36 0.735 0.370 0.048 0.077 36
37 0.936 0.000 0.048 0.077 37
38 0.821 0.590 0.048 0.077 38
39 0.431 0.047 0.036 0.058 39
40 0.032 0.137 0.041 0.065 40
41 0.741 0.710 0.037 0.060 41
42 0.114 0.772 0.048 0.077 42
43 0.672 0.332 0.048 0.077 43
45 0.817 0.242 0.042 0.067 45
48 0.690 0.905 0.040 0.063 48
49 0.495 0.395 0.044 0.070 49
50 0.981 0.052 0.042 0.067 50
51 0.464 0.700 0.048 0.077 51
52 0.646 0.432 0.035 0.057 52
