1 0.539 0.410 0.046 0.073 1
2 0.208 0.492 0.048 0.077 2
3 0.652 0.440 0.044 0.070 3
4 0.397 0.573 0.044 0.070 4
5 0.670 0.523 0.044 0.070 5
6 0.291 0.182 0.048 0.077 6
7 0.584 0.997 0.042 0.067 7
8 0.674 0.208 0.045 0.072 8
9 0.713 0.757 0.048 0.077 9
10 0.219 0.427 0.042 0.067 10
11 0.336 0.487 0.042 0.067 11
12 0.803 0.672 0.042 0.067 12
13 0.963 0.867 0.037 0.060 13
14 0.330 1.000 0.031 0.050 14
15 0.191 0.370 0.044 0.070 15
16 0.816 0.485 0.040 0.063 16
17 0.899 0.793 0.042 0.067 17
18 0.735 0.125 0.043 0.068 18
20 0.644 0.765 0.048 0.077 20
21 0.169 0.573 0.035 0.057 21
22 0.021 0.743 0.042 0.067 22
23 0.279 0.408 0.046 0.073 23
24 0.044 0.020 0.044 0.070 24
25 0.272 0.985 0.042 0.067 25
