1 0.541 0.412 0.041 0.065 1
2 0.206 0.490 0.048 0.077 2
3 0.648 0.440 0.044 0.070 3
4 0.395 0.567 0.046 0.073 4
5 0.667 0.527 0.040 0.063 5
6 0.289 0.177 0.048 0.077 6
7 0.583 0.985 0.036 0.058 7
8 0.671 0.212 0.046 0.073 8
9 0.703 0.755 0.047 0.075 9
10 0.223 0.432 0.042 0.067 10
11 0.348 0.473 0.041 0.065 11
12 0.796 0.658 0.044 0.070 12
13 0.961 0.893 0.040 0.063 13
14 0.338 1.000 0.040 0.063 14
15 0.193 0.377 0.044 0.070 15
16 0.823 0.508 0.042 0.067 16
17 0.903 0.800 0.042 0.067 17
18 0.729 0.140 0.042 0.067 18
20 0.645 0.770 0.048 0.077 20
21 0.166 0.578 0.044 0.070 21
22 0.032 0.737 0.035 0.057 22
23 0.282 0.390 0.044 0.070 23
24 0.047 0.022 0.044 0.070 24
25 0.285 0.982 0.046 0.073 25
