1 0.534 0.418 0.041 0.065 1
2 0.208 0.495 0.048 0.077 2
3 0.652 0.437 0.045 0.072 3
4 0.395 0.563 0.035 0.057 4
5 0.669 0.525 0.042 0.067 5
6 0.291 0.182 0.048 0.077 6
7 0.583 1.000 0.042 0.067 7
8 0.675 0.208 0.044 0.070 8
9 0.711 0.755 0.046 0.073 9
10 0.219 0.428 0.043 0.068 10
11 0.340 0.487 0.042 0.067 11
12 0.797 0.673 0.042 0.067 12
13 0.963 0.868 0.035 0.057 13
14 0.331 0.995 0.034 0.055 14
15 0.191 0.372 0.044 0.070 15
16 0.817 0.487 0.040 0.063 16
17 0.899 0.792 0.041 0.065 17
18 0.735 0.125 0.042 0.067 18
20 0.643 0.767 0.045 0.072 20
21 0.166 0.580 0.042 0.067 21
22 0.022 0.738 0.036 0.058 22
23 0.284 0.390 0.037 0.060 23
24 0.046 0.028 0.046 0.073 24
25 0.274 0.983 0.042 0.067 25
