1 0.533 0.417 0.041 0.065 1
2 0.210 0.492 0.045 0.072 2
3 0.651 0.440 0.041 0.065 3
4 0.395 0.573 0.044 0.070 4
5 0.672 0.523 0.043 0.068 5
6 0.291 0.182 0.048 0.077 6
7 0.582 0.998 0.042 0.067 7
8 0.675 0.208 0.045 0.072 8
9 0.715 0.755 0.048 0.077 9
10 0.217 0.428 0.044 0.070 10
11 0.336 0.488 0.040 0.063 11
12 0.801 0.673 0.046 0.073 12
13 0.961 0.860 0.040 0.063 13
14 0.333 0.998 0.033 0.053 14
15 0.190 0.368 0.045 0.072 15
16 0.814 0.480 0.036 0.058 16
17 0.900 0.790 0.042 0.067 17
18 0.739 0.118 0.041 0.065 18
20 0.644 0.763 0.048 0.077 20
21 0.168 0.577 0.041 0.065 21
22 0.024 0.742 0.048 0.077 22
23 0.284 0.395 0.037 0.060 23
24 0.043 0.020 0.042 0.067 24
25 0.271 0.990 0.043 0.068 25
