1 0.539 0.407 0.047 0.075 1
2 0.209 0.492 0.046 0.073 2
3 0.652 0.442 0.045 0.072 3
4 0.394 0.565 0.035 0.057 4
5 0.669 0.527 0.042 0.067 5
6 0.290 0.182 0.048 0.077 6
7 0.583 1.000 0.042 0.067 7
8 0.674 0.208 0.044 0.070 8
9 0.710 0.757 0.048 0.077 9
10 0.221 0.425 0.036 0.058 10
11 0.341 0.483 0.042 0.067 11
12 0.800 0.668 0.042 0.067 12
13 0.964 0.868 0.040 0.063 13
14 0.345 0.998 0.044 0.070 14
15 0.190 0.370 0.043 0.068 15
16 0.818 0.487 0.040 0.063 16
17 0.899 0.793 0.041 0.065 17
18 0.735 0.127 0.042 0.067 18
20 0.642 0.765 0.048 0.077 20
21 0.168 0.577 0.040 0.063 21
22 0.022 0.740 0.037 0.060 22
23 0.282 0.398 0.047 0.075 23
24 0.045 0.027 0.041 0.065 24
25 0.277 0.983 0.042 0.067 25
