1 0.531 0.417 0.042 0.067 1
2 0.209 0.492 0.044 0.070 2
3 0.652 0.442 0.041 0.065 3
4 0.394 0.573 0.044 0.070 4
5 0.671 0.525 0.044 0.070 5
6 0.290 0.187 0.048 0.077 6
7 0.580 1.000 0.039 0.062 7
8 0.673 0.210 0.042 0.067 8
9 0.718 0.760 0.048 0.077 9
10 0.220 0.423 0.036 0.058 10
11 0.335 0.500 0.042 0.067 11
12 0.809 0.667 0.042 0.067 12
13 0.957 0.852 0.036 0.058 13
14 0.341 0.998 0.041 0.065 14
15 0.193 0.367 0.042 0.067 15
16 0.811 0.478 0.041 0.065 16
17 0.901 0.783 0.040 0.063 17
18 0.736 0.113 0.040 0.063 18
20 0.645 0.760 0.046 0.073 20
21 0.167 0.577 0.042 0.067 21
22 0.020 0.752 0.041 0.065 22
23 0.280 0.408 0.044 0.070 23
24 0.043 0.018 0.044 0.070 24
25 0.264 1.000 0.048 0.077 25
