1 0.540 0.415 0.040 0.063 1
2 0.208 0.487 0.048 0.077 2
3 0.649 0.440 0.042 0.067 3
4 0.395 0.568 0.044 0.070 4
5 0.667 0.525 0.044 0.070 5
6 0.290 0.177 0.048 0.077 6
7 0.584 0.987 0.037 0.060 7
8 0.674 0.208 0.044 0.070 8
9 0.706 0.755 0.048 0.077 9
10 0.223 0.427 0.042 0.067 10
11 0.346 0.475 0.042 0.067 11
12 0.793 0.662 0.044 0.070 12
13 0.965 0.882 0.036 0.058 13
14 0.340 1.000 0.043 0.068 14
15 0.192 0.377 0.044 0.070 15
16 0.821 0.498 0.040 0.063 16
17 0.900 0.798 0.040 0.063 17
18 0.726 0.137 0.037 0.060 18
20 0.646 0.772 0.042 0.067 20
21 0.167 0.572 0.040 0.063 21
22 0.027 0.732 0.042 0.067 22
23 0.283 0.388 0.048 0.077 23
24 0.048 0.027 0.041 0.065 24
25 0.281 0.982 0.044 0.070 25
