1 0.536 0.417 0.041 0.065 1
2 0.209 0.492 0.047 0.075 2
3 0.650 0.442 0.044 0.070 3
4 0.395 0.573 0.044 0.070 4
5 0.669 0.527 0.044 0.070 5
6 0.290 0.180 0.048 0.077 6
7 0.583 0.998 0.041 0.065 7
8 0.674 0.210 0.044 0.070 8
9 0.709 0.757 0.048 0.077 9
10 0.217 0.423 0.048 0.077 10
11 0.340 0.480 0.044 0.070 11
12 0.797 0.670 0.041 0.065 12
13 0.963 0.878 0.035 0.057 13
14 0.347 1.000 0.036 0.058 14
15 0.193 0.373 0.041 0.065 15
16 0.820 0.492 0.041 0.065 16
17 0.899 0.795 0.040 0.063 17
18 0.734 0.128 0.042 0.067 18
20 0.644 0.767 0.046 0.073 20
21 0.167 0.577 0.041 0.065 21
22 0.030 0.737 0.048 0.077 22
23 0.285 0.387 0.036 0.058 23
24 0.045 0.025 0.042 0.067 24
25 0.276 0.983 0.044 0.070 25
