1 0.533 0.417 0.040 0.063 1
2 0.210 0.498 0.048 0.077 2
3 0.653 0.438 0.044 0.070 3
4 0.393 0.573 0.044 0.070 4
5 0.670 0.522 0.043 0.068 5
6 0.291 0.185 0.048 0.077 6
7 0.583 0.998 0.042 0.067 7
8 0.674 0.210 0.044 0.070 8
9 0.714 0.757 0.048 0.077 9
10 0.221 0.425 0.037 0.060 10
11 0.335 0.490 0.036 0.058 11
12 0.806 0.672 0.040 0.063 12
13 0.961 0.863 0.042 0.067 13
14 0.334 1.000 0.032 0.052 14
15 0.191 0.368 0.043 0.068 15
16 0.817 0.485 0.040 0.063 16
17 0.899 0.790 0.037 0.060 17
18 0.736 0.120 0.042 0.067 18
20 0.643 0.765 0.046 0.073 20
21 0.167 0.578 0.041 0.065 21
22 0.022 0.738 0.048 0.077 22
23 0.285 0.397 0.037 0.060 23
24 0.043 0.027 0.041 0.065 24
25 0.269 0.992 0.044 0.070 25
