1 0.535 0.418 0.041 0.065 1
2 0.210 0.492 0.044 0.070 2
3 0.652 0.438 0.044 0.070 3
4 0.397 0.573 0.046 0.073 4
5 0.670 0.525 0.043 0.068 5
6 0.290 0.182 0.048 0.077 6
7 0.586 1.000 0.045 0.072 7
8 0.671 0.212 0.041 0.065 8
9 0.713 0.753 0.044 0.070 9
10 0.219 0.428 0.042 0.067 10
11 0.338 0.487 0.040 0.063 11
12 0.796 0.672 0.042 0.067 12
13 0.964 0.872 0.037 0.060 13
14 0.351 1.000 0.035 0.057 14
15 0.190 0.370 0.044 0.070 15
16 0.817 0.488 0.040 0.063 16
17 0.900 0.792 0.044 0.070 17
18 0.736 0.127 0.041 0.065 18
20 0.645 0.765 0.048 0.077 20
21 0.164 0.572 0.048 0.077 21
22 0.025 0.735 0.044 0.070 22
23 0.282 0.398 0.048 0.077 23
24 0.051 0.022 0.046 0.073 24
25 0.274 0.982 0.042 0.067 25
