1 0.540 0.413 0.041 0.065 1
2 0.207 0.483 0.048 0.077 2
3 0.648 0.442 0.042 0.067 3
4 0.394 0.568 0.044 0.070 4
5 0.668 0.528 0.042 0.067 5
6 0.289 0.178 0.048 0.077 6
7 0.584 0.988 0.042 0.067 7
8 0.671 0.215 0.040 0.063 8
9 0.705 0.760 0.048 0.077 9
10 0.223 0.427 0.042 0.067 10
11 0.345 0.473 0.044 0.070 11
12 0.794 0.662 0.042 0.067 12
13 0.963 0.887 0.041 0.065 13
14 0.342 0.997 0.040 0.063 14
15 0.192 0.378 0.046 0.073 15
16 0.822 0.502 0.040 0.063 16
17 0.901 0.800 0.042 0.067 17
18 0.731 0.138 0.042 0.067 18
20 0.646 0.768 0.048 0.077 20
21 0.169 0.578 0.042 0.067 21
22 0.029 0.737 0.036 0.058 22
23 0.283 0.387 0.048 0.077 23
24 0.052 0.022 0.048 0.077 24
25 0.282 0.982 0.044 0.070 25
