1 0.532 0.415 0.041 0.065 1
2 0.209 0.488 0.048 0.077 2
3 0.653 0.440 0.043 0.068 3
4 0.393 0.573 0.044 0.070 4
5 0.668 0.525 0.041 0.065 5
6 0.290 0.185 0.048 0.077 6
7 0.581 1.000 0.042 0.067 7
8 0.676 0.212 0.046 0.073 8
9 0.714 0.755 0.048 0.077 9
10 0.217 0.427 0.044 0.070 10
11 0.338 0.490 0.042 0.067 11
12 0.803 0.667 0.044 0.070 12
13 0.960 0.862 0.035 0.057 13
14 0.334 1.000 0.030 0.048 14
15 0.192 0.367 0.044 0.070 15
16 0.814 0.482 0.037 0.060 16
17 0.900 0.787 0.040 0.063 17
18 0.735 0.118 0.041 0.065 18
20 0.644 0.762 0.047 0.075 20
21 0.167 0.578 0.044 0.070 21
22 0.020 0.745 0.035 0.057 22
23 0.282 0.402 0.043 0.068 23
24 0.043 0.023 0.041 0.065 24
25 0.268 0.990 0.042 0.067 25
