1 0.540 0.417 0.041 0.065 1
2 0.209 0.492 0.044 0.070 2
3 0.648 0.443 0.041 0.065 3
4 0.396 0.568 0.044 0.070 4
5 0.669 0.528 0.044 0.070 5
6 0.290 0.178 0.048 0.077 6
7 0.583 1.000 0.044 0.070 7
8 0.673 0.208 0.044 0.070 8
9 0.705 0.755 0.048 0.077 9
10 0.221 0.430 0.044 0.070 10
11 0.342 0.477 0.043 0.068 11
12 0.792 0.662 0.046 0.073 12
13 0.961 0.883 0.035 0.057 13
14 0.343 1.000 0.043 0.068 14
15 0.191 0.375 0.044 0.070 15
16 0.821 0.497 0.037 0.060 16
17 0.901 0.797 0.042 0.067 17
18 0.730 0.135 0.043 0.068 18
20 0.643 0.770 0.048 0.077 20
21 0.167 0.588 0.033 0.053 21
22 0.027 0.737 0.034 0.055 22
23 0.283 0.378 0.035 0.057 23
24 0.047 0.027 0.040 0.063 24
25 0.277 0.980 0.043 0.068 25
