1 0.529 0.410 0.041 0.065 1
2 0.207 0.500 0.048 0.077 2
3 0.653 0.443 0.041 0.065 3
4 0.392 0.575 0.044 0.070 4
5 0.674 0.527 0.044 0.070 5
6 0.287 0.188 0.048 0.077 6
7 0.577 1.000 0.037 0.060 7
8 0.675 0.212 0.045 0.072 8
9 0.717 0.767 0.048 0.077 9
10 0.214 0.422 0.048 0.077 10
11 0.335 0.507 0.042 0.067 11
12 0.812 0.662 0.041 0.065 12
13 0.954 0.845 0.037 0.060 13
14 0.342 1.000 0.044 0.070 14
15 0.196 0.358 0.040 0.063 15
16 0.806 0.472 0.040 0.063 16
17 0.904 0.783 0.037 0.060 17
18 0.736 0.108 0.042 0.067 18
20 0.644 0.758 0.048 0.077 20
21 0.166 0.577 0.042 0.067 21
22 0.023 0.762 0.042 0.067 22
23 0.270 0.415 0.046 0.073 23
24 0.039 0.012 0.048 0.077 24
25 0.267 1.000 0.037 0.060 25
