1 0.529 0.408 0.041 0.065 1
2 0.210 0.492 0.044 0.070 2
3 0.652 0.440 0.040 0.063 3
4 0.391 0.573 0.044 0.070 4
5 0.674 0.523 0.043 0.068 5
6 0.289 0.190 0.046 0.073 6
7 0.577 1.000 0.036 0.058 7
8 0.674 0.210 0.042 0.067 8
9 0.720 0.767 0.048 0.077 9
10 0.217 0.420 0.042 0.067 10
11 0.336 0.510 0.040 0.063 11
12 0.814 0.662 0.042 0.067 12
13 0.953 0.847 0.034 0.055 13
14 0.344 1.000 0.044 0.070 14
15 0.191 0.372 0.042 0.067 15
16 0.806 0.472 0.040 0.063 16
17 0.905 0.783 0.037 0.060 17
18 0.735 0.108 0.036 0.058 18
20 0.642 0.758 0.044 0.070 20
21 0.166 0.582 0.047 0.075 21
22 0.023 0.762 0.035 0.057 22
23 0.269 0.413 0.048 0.077 23
24 0.041 0.017 0.037 0.060 24
25 0.267 1.000 0.034 0.055 25
