1 0.532 0.415 0.041 0.065 1
2 0.209 0.493 0.046 0.073 2
3 0.653 0.443 0.044 0.070 3
4 0.395 0.567 0.035 0.057 4
5 0.668 0.523 0.042 0.067 5
6 0.290 0.187 0.047 0.075 6
7 0.581 1.000 0.040 0.063 7
8 0.674 0.212 0.046 0.073 8
9 0.716 0.757 0.048 0.077 9
10 0.217 0.427 0.045 0.072 10
11 0.336 0.497 0.044 0.070 11
12 0.808 0.668 0.042 0.067 12
13 0.961 0.862 0.048 0.077 13
14 0.335 0.998 0.033 0.053 14
15 0.191 0.365 0.044 0.070 15
16 0.811 0.478 0.040 0.063 16
17 0.899 0.785 0.041 0.065 17
18 0.738 0.113 0.042 0.067 18
20 0.643 0.763 0.046 0.073 20
21 0.166 0.577 0.042 0.067 21
22 0.018 0.752 0.037 0.060 22
23 0.276 0.413 0.048 0.077 23
24 0.040 0.020 0.043 0.068 24
25 0.271 0.998 0.048 0.077 25
