1 0.537 0.417 0.042 0.067 1
2 0.207 0.485 0.048 0.077 2
3 0.649 0.440 0.042 0.067 3
4 0.396 0.570 0.044 0.070 4
5 0.669 0.525 0.044 0.070 5
6 0.291 0.180 0.048 0.077 6
7 0.585 0.998 0.042 0.067 7
8 0.671 0.212 0.041 0.065 8
9 0.707 0.755 0.046 0.073 9
10 0.221 0.427 0.042 0.067 10
11 0.342 0.478 0.041 0.065 11
12 0.794 0.670 0.048 0.077 12
13 0.963 0.873 0.036 0.058 13
14 0.345 1.000 0.037 0.060 14
15 0.189 0.375 0.046 0.073 15
16 0.819 0.490 0.036 0.058 16
17 0.899 0.795 0.041 0.065 17
18 0.733 0.132 0.042 0.067 18
20 0.643 0.768 0.044 0.070 20
21 0.169 0.578 0.042 0.067 21
22 0.028 0.732 0.048 0.077 22
23 0.284 0.385 0.036 0.058 23
24 0.045 0.023 0.042 0.067 24
25 0.276 0.982 0.042 0.067 25
