1 0.532 0.415 0.041 0.065 1
2 0.209 0.488 0.048 0.077 2
3 0.651 0.442 0.042 0.067 3
4 0.393 0.575 0.043 0.068 4
5 0.672 0.525 0.045 0.072 5
6 0.290 0.183 0.048 0.077 6
7 0.581 1.000 0.042 0.067 7
8 0.675 0.210 0.044 0.070 8
9 0.715 0.758 0.047 0.075 9
10 0.216 0.423 0.048 0.077 10
11 0.335 0.493 0.043 0.068 11
12 0.803 0.672 0.044 0.070 12
13 0.961 0.857 0.040 0.063 13
14 0.336 1.000 0.033 0.053 14
15 0.190 0.368 0.043 0.068 15
16 0.814 0.480 0.037 0.060 16
17 0.901 0.788 0.041 0.065 17
18 0.733 0.123 0.040 0.063 18
20 0.644 0.763 0.048 0.077 20
21 0.167 0.578 0.041 0.065 21
22 0.018 0.745 0.040 0.063 22
23 0.274 0.415 0.041 0.065 23
24 0.043 0.022 0.042 0.067 24
25 0.269 0.990 0.042 0.067 25
