1 0.540 0.413 0.042 0.067 1
2 0.208 0.492 0.045 0.072 2
3 0.649 0.440 0.044 0.070 3
4 0.393 0.567 0.042 0.067 4
5 0.667 0.527 0.043 0.068 5
6 0.289 0.177 0.048 0.077 6
7 0.583 0.987 0.037 0.060 7
8 0.672 0.213 0.044 0.070 8
9 0.703 0.752 0.048 0.077 9
10 0.223 0.430 0.042 0.067 10
11 0.348 0.475 0.042 0.067 11
12 0.795 0.658 0.045 0.072 12
13 0.961 0.888 0.034 0.055 13
14 0.338 1.000 0.044 0.070 14
15 0.192 0.377 0.044 0.070 15
16 0.821 0.505 0.042 0.067 16
17 0.902 0.800 0.041 0.065 17
18 0.729 0.138 0.042 0.067 18
20 0.647 0.767 0.048 0.077 20
21 0.168 0.575 0.040 0.063 21
22 0.030 0.737 0.036 0.058 22
23 0.284 0.390 0.048 0.077 23
24 0.049 0.027 0.037 0.060 24
25 0.283 0.980 0.042 0.067 25
