1 0.541 0.415 0.042 0.067 1
2 0.209 0.490 0.044 0.070 2
3 0.648 0.443 0.041 0.065 3
4 0.396 0.572 0.044 0.070 4
5 0.667 0.525 0.044 0.070 5
6 0.290 0.177 0.048 0.077 6
7 0.583 0.987 0.035 0.057 7
8 0.673 0.212 0.045 0.072 8
9 0.706 0.755 0.048 0.077 9
10 0.222 0.428 0.042 0.067 10
11 0.345 0.473 0.042 0.067 11
12 0.792 0.662 0.044 0.070 12
13 0.961 0.883 0.040 0.063 13
14 0.343 1.000 0.043 0.068 14
15 0.192 0.380 0.048 0.077 15
16 0.821 0.497 0.040 0.063 16
17 0.900 0.798 0.042 0.067 17
18 0.732 0.135 0.042 0.067 18
20 0.645 0.767 0.047 0.075 20
21 0.169 0.578 0.042 0.067 21
22 0.028 0.735 0.037 0.060 22
23 0.281 0.378 0.035 0.057 23
24 0.050 0.027 0.045 0.072 24
25 0.278 0.978 0.040 0.063 25
