1 0.536 0.418 0.042 0.067 1
2 0.209 0.490 0.044 0.070 2
3 0.651 0.442 0.044 0.070 3
4 0.397 0.570 0.044 0.070 4
5 0.669 0.525 0.042 0.067 5
6 0.290 0.180 0.048 0.077 6
7 0.584 1.000 0.042 0.067 7
8 0.672 0.210 0.041 0.065 8
9 0.709 0.757 0.048 0.077 9
10 0.220 0.428 0.042 0.067 10
11 0.339 0.483 0.042 0.067 11
12 0.795 0.672 0.042 0.067 12
13 0.963 0.873 0.041 0.065 13
14 0.351 1.000 0.035 0.057 14
15 0.190 0.372 0.044 0.070 15
16 0.818 0.490 0.037 0.060 16
17 0.899 0.795 0.041 0.065 17
18 0.735 0.127 0.041 0.065 18
20 0.646 0.765 0.048 0.077 20
21 0.167 0.578 0.042 0.067 21
22 0.023 0.738 0.036 0.058 22
23 0.280 0.408 0.042 0.067 23
24 0.045 0.022 0.044 0.070 24
25 0.272 0.982 0.040 0.063 25
