1 0.534 0.418 0.042 0.067 1
2 0.210 0.490 0.044 0.070 2
3 0.652 0.440 0.044 0.070 3
4 0.396 0.570 0.041 0.065 4
5 0.671 0.525 0.044 0.070 5
6 0.290 0.183 0.048 0.077 6
7 0.583 1.000 0.040 0.063 7
8 0.675 0.208 0.044 0.070 8
9 0.713 0.755 0.048 0.077 9
10 0.217 0.428 0.046 0.073 10
11 0.338 0.488 0.044 0.070 11
12 0.804 0.672 0.041 0.065 12
13 0.961 0.867 0.040 0.063 13
14 0.332 1.000 0.032 0.052 14
15 0.191 0.368 0.044 0.070 15
16 0.816 0.485 0.040 0.063 16
17 0.898 0.792 0.043 0.068 17
18 0.736 0.122 0.043 0.068 18
20 0.642 0.763 0.048 0.077 20
21 0.167 0.575 0.040 0.063 21
22 0.021 0.742 0.036 0.058 22
23 0.281 0.402 0.047 0.075 23
24 0.044 0.025 0.037 0.060 24
25 0.271 0.987 0.042 0.067 25
