1 0.533 0.417 0.041 0.065 1
2 0.209 0.490 0.048 0.077 2
3 0.653 0.443 0.044 0.070 3
4 0.394 0.573 0.044 0.070 4
5 0.668 0.525 0.041 0.065 5
6 0.291 0.183 0.048 0.077 6
7 0.581 0.998 0.042 0.067 7
8 0.672 0.208 0.041 0.065 8
9 0.714 0.758 0.048 0.077 9
10 0.217 0.428 0.044 0.070 10
11 0.335 0.490 0.043 0.068 11
12 0.806 0.668 0.041 0.065 12
13 0.961 0.858 0.040 0.063 13
14 0.333 1.000 0.035 0.057 14
15 0.191 0.362 0.037 0.060 15
16 0.815 0.483 0.036 0.058 16
17 0.898 0.788 0.041 0.065 17
18 0.738 0.120 0.044 0.070 18
20 0.642 0.765 0.045 0.072 20
21 0.169 0.575 0.035 0.057 21
22 0.022 0.738 0.044 0.070 22
23 0.280 0.403 0.046 0.073 23
24 0.042 0.025 0.041 0.065 24
25 0.270 0.988 0.042 0.067 25
