1 0.552 0.873 0.037 0.060 1
2 0.835 0.960 0.048 0.077 2
3 0.856 0.597 0.042 0.067 3
4 0.095 0.618 0.036 0.058 4
5 0.319 0.490 0.040 0.063 5
6 0.029 0.438 0.042 0.067 6
7 0.550 0.340 0.044 0.070 7
8 0.823 0.408 0.042 0.067 8
9 0.056 0.740 0.037 0.060 9
10 0.655 0.918 0.037 0.060 10
12 0.827 0.735 0.035 0.057 12
13 0.586 0.063 0.040 0.063 13
14 0.769 0.390 0.044 0.070 14
15 0.123 0.905 0.040 0.063 15
16 0.358 0.095 0.042 0.067 16
17 0.769 0.445 0.035 0.057 17
18 0.375 0.702 0.041 0.065 18
19 0.684 0.215 0.037 0.060 19
20 0.632 0.420 0.042 0.067 20
21 0.166 0.278 0.036 0.058 21
22 0.552 0.582 0.042 0.067 22
23 0.666 0.580 0.040 0.063 23
24 0.551 0.787 0.042 0.067 24
25 0.014 0.562 0.042 0.067 25
27 0.764 0.153 0.035 0.057 27
28 0.861 0.962 0.035 0.057 28
29 0.975 0.975 0.044 0.070 29
30 0.290 0.865 0.042 0.067 30
31 0.418 0.452 0.048 0.077 31
32 0.472 0.407 0.041 0.065 32
33 0.812 0.575 0.041 0.065 33
34 0.317 0.260 0.040 0.063 34
36 0.603 0.765 0.042 0.067 36
37 0.648 0.578 0.036 0.058 37
38 0.720 0.040 0.042 0.067 38
39 0.475 0.132 0.037 0.060 39
40 0.780 0.763 0.035 0.057 40
41 0.733 0.533 0.042 0.067 41
42 0.950 0.687 0.035 0.057 42
43 0.127 0.575 0.032 0.052 43
44 0.682 0.828 0.035 0.057 44
45 0.007 0.717 0.032 0.052 45
46 0.268 0.803 0.034 0.055 46
47 0.881 0.442 0.040 0.063 47
48 0.674 0.790 0.037 0.060 48
49 0.673 0.543 0.035 0.057 49
50 0.358 0.328 0.035 0.057 50
51 0.228 0.805 0.035 0.057 51
52 0.930 0.172 0.035 0.057 52
53 0.440 0.997 0.032 0.052 53
54 0.184 0.040 0.036 0.058 54
55 0.583 0.320 0.048 0.077 55
56 0.588 0.263 0.037 0.060 56
57 0.789 1.000 0.041 0.065 57
59 0.543 0.232 0.034 0.055 59
60 0.798 0.610 0.036 0.058 60
