1 0.553 0.890 0.041 0.065 1
2 0.827 0.935 0.036 0.058 2
3 0.852 0.598 0.048 0.077 3
4 0.087 0.617 0.040 0.063 4
5 0.320 0.495 0.037 0.060 5
6 0.031 0.430 0.041 0.065 6
7 0.554 0.328 0.048 0.077 7
8 0.827 0.408 0.045 0.072 8
9 0.048 0.737 0.043 0.068 9
10 0.659 0.918 0.040 0.063 10
12 0.828 0.723 0.035 0.057 12
13 0.591 0.070 0.041 0.065 13
14 0.767 0.397 0.048 0.077 14
15 0.127 0.910 0.046 0.073 15
16 0.358 0.103 0.044 0.070 16
17 0.771 0.460 0.035 0.057 17
18 0.377 0.693 0.042 0.067 18
19 0.679 0.210 0.041 0.065 19
20 0.631 0.417 0.045 0.072 20
21 0.165 0.278 0.041 0.065 21
22 0.544 0.587 0.042 0.067 22
23 0.665 0.578 0.040 0.063 23
24 0.550 0.798 0.037 0.060 24
25 0.006 0.562 0.048 0.077 25
27 0.760 0.165 0.036 0.058 27
28 0.856 0.968 0.041 0.065 28
29 0.975 0.987 0.044 0.070 29
30 0.289 0.868 0.040 0.063 30
31 0.410 0.455 0.037 0.060 31
32 0.472 0.405 0.041 0.065 32
33 0.816 0.578 0.037 0.060 33
34 0.312 0.258 0.037 0.060 34
36 0.608 0.775 0.040 0.063 36
37 0.645 0.578 0.036 0.058 37
38 0.716 0.040 0.041 0.065 38
39 0.469 0.138 0.048 0.077 39
40 0.776 0.763 0.034 0.055 40
41 0.733 0.520 0.040 0.063 41
42 0.956 0.673 0.048 0.077 42
43 0.127 0.573 0.036 0.058 43
44 0.690 0.827 0.036 0.058 44
45 0.001 0.708 0.042 0.067 45
46 0.276 0.790 0.035 0.057 46
47 0.883 0.447 0.040 0.063 47
48 0.673 0.795 0.036 0.058 48
49 0.672 0.550 0.035 0.057 49
50 0.348 0.330 0.043 0.068 50
51 0.222 0.810 0.035 0.057 51
52 0.932 0.165 0.035 0.057 52
53 0.436 1.000 0.035 0.057 53
54 0.185 0.033 0.037 0.060 54
55 0.584 0.323 0.041 0.065 55
56 0.590 0.265 0.041 0.065 56
57 0.790 0.990 0.035 0.057 57
59 0.539 0.240 0.031 0.050 59
60 0.789 0.613 0.035 0.057 60
