1 0.551 0.868 0.037 0.060 1
2 0.832 0.958 0.048 0.077 2
3 0.856 0.593 0.048 0.077 3
4 0.097 0.618 0.036 0.058 4
5 0.320 0.485 0.040 0.063 5
6 0.028 0.440 0.041 0.065 6
7 0.552 0.338 0.042 0.067 7
8 0.825 0.408 0.042 0.067 8
9 0.056 0.737 0.036 0.058 9
10 0.655 0.922 0.041 0.065 10
12 0.827 0.735 0.042 0.067 12
13 0.588 0.060 0.040 0.063 13
14 0.768 0.388 0.042 0.067 14
15 0.131 0.915 0.048 0.077 15
16 0.358 0.098 0.044 0.070 16
17 0.766 0.443 0.036 0.058 17
18 0.373 0.698 0.043 0.068 18
19 0.685 0.215 0.040 0.063 19
20 0.631 0.417 0.044 0.070 20
21 0.168 0.280 0.041 0.065 21
22 0.553 0.580 0.042 0.067 22
23 0.667 0.580 0.042 0.067 23
24 0.552 0.788 0.041 0.065 24
25 0.011 0.560 0.042 0.067 25
27 0.764 0.155 0.036 0.058 27
28 0.858 0.958 0.042 0.067 28
29 0.978 0.977 0.036 0.058 29
30 0.291 0.863 0.042 0.067 30
31 0.414 0.447 0.041 0.065 31
32 0.471 0.408 0.042 0.067 32
33 0.810 0.573 0.035 0.057 33
34 0.318 0.263 0.040 0.063 34
36 0.602 0.760 0.040 0.063 36
37 0.649 0.578 0.037 0.060 37
38 0.722 0.040 0.042 0.067 38
39 0.475 0.132 0.037 0.060 39
40 0.783 0.760 0.033 0.053 40
41 0.734 0.538 0.040 0.063 41
42 0.952 0.688 0.040 0.063 42
43 0.125 0.582 0.036 0.058 43
44 0.683 0.825 0.042 0.067 44
45 0.009 0.713 0.033 0.053 45
46 0.268 0.807 0.037 0.060 46
47 0.881 0.440 0.036 0.058 47
48 0.675 0.792 0.040 0.063 48
49 0.671 0.547 0.036 0.058 49
50 0.358 0.330 0.040 0.063 50
51 0.229 0.807 0.034 0.055 51
52 0.930 0.173 0.036 0.058 52
53 0.449 0.998 0.030 0.048 53
54 0.184 0.040 0.035 0.057 54
55 0.589 0.318 0.042 0.067 55
56 0.586 0.265 0.036 0.058 56
57 0.787 1.000 0.041 0.065 57
59 0.545 0.232 0.032 0.052 59
60 0.798 0.608 0.036 0.058 60
