1 0.550 0.863 0.042 0.067 1
2 0.834 0.957 0.048 0.077 2
3 0.854 0.588 0.042 0.067 3
4 0.099 0.617 0.042 0.067 4
5 0.323 0.482 0.037 0.060 5
6 0.029 0.443 0.040 0.063 6
7 0.551 0.345 0.041 0.065 7
8 0.824 0.408 0.044 0.070 8
9 0.061 0.733 0.036 0.058 9
10 0.653 0.915 0.037 0.060 10
12 0.828 0.742 0.042 0.067 12
13 0.590 0.057 0.041 0.065 13
14 0.765 0.388 0.037 0.060 14
15 0.132 0.913 0.046 0.073 15
16 0.360 0.092 0.046 0.073 16
17 0.762 0.437 0.037 0.060 17
18 0.371 0.707 0.042 0.067 18
19 0.684 0.218 0.040 0.063 19
20 0.632 0.420 0.041 0.065 20
21 0.169 0.282 0.042 0.067 21
22 0.555 0.570 0.042 0.067 22
23 0.668 0.577 0.037 0.060 23
24 0.552 0.775 0.035 0.057 24
25 0.010 0.555 0.042 0.067 25
27 0.765 0.153 0.035 0.057 27
28 0.860 0.957 0.034 0.055 28
29 0.977 0.973 0.037 0.060 29
30 0.291 0.862 0.043 0.068 30
31 0.418 0.448 0.042 0.067 31
32 0.469 0.412 0.048 0.077 32
33 0.806 0.572 0.036 0.058 33
34 0.317 0.270 0.037 0.060 34
36 0.600 0.758 0.036 0.058 36
37 0.648 0.578 0.032 0.052 37
38 0.725 0.037 0.042 0.067 38
39 0.478 0.127 0.040 0.063 39
40 0.784 0.758 0.035 0.057 40
41 0.741 0.542 0.040 0.063 41
42 0.951 0.693 0.040 0.063 42
43 0.125 0.587 0.035 0.057 43
44 0.679 0.827 0.040 0.063 44
45 0.011 0.713 0.035 0.057 45
46 0.267 0.815 0.037 0.060 46
47 0.881 0.438 0.035 0.057 47
48 0.673 0.785 0.035 0.057 48
49 0.670 0.547 0.037 0.060 49
50 0.360 0.325 0.042 0.067 50
51 0.230 0.800 0.037 0.060 51
52 0.926 0.175 0.034 0.055 52
53 0.452 1.000 0.030 0.048 53
54 0.183 0.047 0.035 0.057 54
55 0.590 0.313 0.042 0.067 55
56 0.588 0.267 0.034 0.055 56
57 0.790 1.000 0.043 0.068 57
59 0.545 0.228 0.035 0.057 59
60 0.804 0.607 0.037 0.060 60
