1 0.253 0.665 0.047 0.075 1
2 0.797 0.088 0.048 0.077 2
3 0.691 0.422 0.046 0.073 3
4 0.170 0.817 0.048 0.077 4
5 0.549 0.407 0.047 0.075 5
7 0.710 0.377 0.048 0.077 7
8 0.320 0.177 0.035 0.057 8
9 0.111 0.643 0.048 0.077 9
10 0.396 0.748 0.048 0.077 10
11 0.406 0.790 0.048 0.077 11
13 1.000 0.110 0.048 0.077 13
15 0.915 0.167 0.048 0.077 15
16 0.140 0.215 0.047 0.075 16
17 0.852 0.243 0.048 0.077 17
19 0.905 0.078 0.048 0.077 19
20 0.159 0.845 0.048 0.077 20
21 0.524 0.017 0.048 0.077 21
22 0.950 0.323 0.048 0.077 22
23 0.222 0.638 0.048 0.077 23
24 0.384 0.818 0.037 0.060 24
27 0.299 0.367 0.048 0.077 27
30 0.891 0.112 0.048 0.077 30
31 0.916 0.777 0.048 0.077 31
32 0.117 0.740 0.048 0.077 32
33 0.664 0.073 0.032 0.052 33
34 0.191 0.858 0.048 0.077 34
35 0.956 1.000 0.048 0.077 35
36 0.010 0.790 0.048 0.077 36
37 0.062 0.713 0.048 0.077 37
38 0.503 0.070 0.048 0.077 38
39 0.443 0.617 0.045 0.072 39
40 0.679 0.115 0.044 0.070 40
41 0.385 0.870 0.048 0.077 41
42 0.417 0.962 0.042 0.067 42
44 0.975 0.308 0.044 0.070 44
45 0.104 0.725 0.046 0.073 45
48 0.864 0.073 0.042 0.067 48
49 0.020 0.078 0.046 0.073 49
50 0.400 0.035 0.045 0.072 50
51 0.175 0.753 0.046 0.073 51
53 0.831 0.535 0.041 0.065 53
57 0.217 0.785 0.048 0.077 57
60 0.872 0.580 0.046 0.073 60
