1 0.256 0.653 0.048 0.077 1
2 0.808 0.065 0.048 0.077 2
3 0.691 0.418 0.048 0.077 3
4 0.171 0.820 0.047 0.075 4
5 0.547 0.408 0.048 0.077 5
7 0.715 0.395 0.048 0.077 7
8 0.330 0.170 0.048 0.077 8
9 0.121 0.645 0.046 0.073 9
10 0.396 0.752 0.048 0.077 10
11 0.402 0.797 0.048 0.077 11
13 0.998 0.105 0.048 0.077 13
15 0.905 0.163 0.048 0.077 15
16 0.121 0.215 0.048 0.077 16
17 0.847 0.235 0.048 0.077 17
19 0.915 0.077 0.048 0.077 19
20 0.159 0.858 0.048 0.077 20
21 0.520 0.010 0.048 0.077 21
22 0.953 0.322 0.047 0.075 22
23 0.217 0.643 0.048 0.077 23
24 0.389 0.813 0.048 0.077 24
27 0.296 0.360 0.048 0.077 27
30 0.884 0.108 0.046 0.073 30
31 0.916 0.775 0.048 0.077 31
32 0.120 0.738 0.044 0.070 32
33 0.670 0.098 0.048 0.077 33
34 0.188 0.862 0.047 0.075 34
35 0.958 1.000 0.048 0.077 35
36 0.011 0.800 0.048 0.077 36
37 0.068 0.715 0.048 0.077 37
38 0.511 0.067 0.048 0.077 38
39 0.434 0.620 0.043 0.068 39
40 0.686 0.102 0.046 0.073 40
41 0.386 0.868 0.048 0.077 41
42 0.423 0.940 0.048 0.077 42
44 0.981 0.297 0.048 0.077 44
45 0.102 0.715 0.048 0.077 45
48 0.875 0.073 0.048 0.077 48
49 0.003 0.085 0.048 0.077 49
50 0.398 0.030 0.042 0.067 50
51 0.176 0.753 0.046 0.073 51
53 0.831 0.535 0.042 0.067 53
57 0.227 0.773 0.045 0.072 57
60 0.871 0.583 0.046 0.073 60
