1 0.249 0.675 0.044 0.070 1
2 0.802 0.095 0.048 0.077 2
3 0.689 0.432 0.044 0.070 3
4 0.169 0.820 0.048 0.077 4
5 0.550 0.412 0.048 0.077 5
7 0.702 0.373 0.048 0.077 7
8 0.319 0.205 0.042 0.067 8
9 0.095 0.657 0.048 0.077 9
10 0.416 0.735 0.040 0.063 10
11 0.397 0.788 0.035 0.057 11
13 0.992 0.112 0.047 0.075 13
15 0.920 0.142 0.048 0.077 15
16 0.150 0.242 0.042 0.067 16
17 0.860 0.265 0.048 0.077 17
19 0.900 0.055 0.048 0.077 19
20 0.155 0.838 0.048 0.077 20
21 0.526 0.017 0.048 0.077 21
22 0.949 0.330 0.048 0.077 22
23 0.211 0.657 0.048 0.077 23
24 0.382 0.820 0.037 0.060 24
27 0.304 0.365 0.048 0.077 27
30 0.892 0.122 0.048 0.077 30
31 0.922 0.777 0.048 0.077 31
32 0.116 0.738 0.048 0.077 32
33 0.668 0.082 0.048 0.077 33
34 0.183 0.850 0.048 0.077 34
35 0.947 0.978 0.048 0.077 35
36 0.010 0.767 0.046 0.073 36
37 0.058 0.728 0.048 0.077 37
38 0.509 0.068 0.044 0.070 38
39 0.450 0.595 0.041 0.065 39
40 0.660 0.127 0.046 0.073 40
41 0.388 0.870 0.046 0.073 41
42 0.401 0.977 0.048 0.077 42
44 0.960 0.310 0.047 0.075 44
45 0.094 0.753 0.048 0.077 45
48 0.858 0.077 0.048 0.077 48
49 0.008 0.118 0.048 0.077 49
50 0.401 0.033 0.048 0.077 50
51 0.176 0.753 0.046 0.073 51
53 0.834 0.533 0.040 0.063 53
57 0.210 0.802 0.048 0.077 57
60 0.874 0.577 0.048 0.077 60
