1 0.255 0.662 0.048 0.077 1
2 0.809 0.058 0.048 0.077 2
3 0.692 0.418 0.048 0.077 3
4 0.170 0.817 0.048 0.077 4
5 0.548 0.403 0.048 0.077 5
7 0.713 0.382 0.048 0.077 7
8 0.326 0.177 0.048 0.077 8
9 0.115 0.645 0.047 0.075 9
10 0.395 0.752 0.048 0.077 10
11 0.405 0.792 0.048 0.077 11
13 1.000 0.112 0.048 0.077 13
15 0.915 0.177 0.048 0.077 15
16 0.125 0.210 0.048 0.077 16
17 0.852 0.247 0.044 0.070 17
19 0.914 0.080 0.048 0.077 19
20 0.158 0.845 0.048 0.077 20
21 0.522 0.012 0.048 0.077 21
22 0.952 0.323 0.048 0.077 22
23 0.223 0.648 0.048 0.077 23
24 0.394 0.803 0.042 0.067 24
27 0.298 0.368 0.048 0.077 27
30 0.886 0.110 0.048 0.077 30
31 0.914 0.778 0.044 0.070 31
32 0.115 0.740 0.048 0.077 32
33 0.672 0.097 0.047 0.075 33
34 0.186 0.862 0.048 0.077 34
35 0.957 1.000 0.048 0.077 35
36 0.005 0.795 0.044 0.070 36
37 0.064 0.713 0.047 0.075 37
38 0.508 0.065 0.042 0.067 38
39 0.438 0.618 0.042 0.067 39
40 0.682 0.110 0.043 0.068 40
41 0.386 0.867 0.048 0.077 41
42 0.414 0.952 0.041 0.065 42
44 0.976 0.308 0.047 0.075 44
45 0.102 0.720 0.048 0.077 45
48 0.868 0.072 0.048 0.077 48
49 0.024 0.080 0.046 0.073 49
50 0.398 0.035 0.041 0.065 50
51 0.177 0.753 0.047 0.075 51
53 0.835 0.538 0.048 0.077 53
57 0.219 0.778 0.048 0.077 57
60 0.881 0.587 0.048 0.077 60
