1 0.251 0.677 0.042 0.067 1
2 0.800 0.090 0.048 0.077 2
3 0.685 0.423 0.040 0.063 3
4 0.168 0.822 0.047 0.075 4
5 0.550 0.412 0.048 0.077 5
7 0.704 0.378 0.048 0.077 7
8 0.319 0.205 0.042 0.067 8
9 0.094 0.650 0.048 0.077 9
10 0.408 0.742 0.048 0.077 10
11 0.397 0.792 0.043 0.068 11
13 0.993 0.112 0.048 0.077 13
15 0.921 0.148 0.048 0.077 15
16 0.143 0.230 0.044 0.070 16
17 0.856 0.260 0.042 0.067 17
19 0.899 0.057 0.044 0.070 19
20 0.155 0.842 0.042 0.067 20
21 0.520 0.013 0.048 0.077 21
22 0.948 0.328 0.048 0.077 22
23 0.212 0.655 0.044 0.070 23
24 0.383 0.818 0.037 0.060 24
27 0.298 0.368 0.048 0.077 27
30 0.890 0.122 0.048 0.077 30
31 0.914 0.777 0.048 0.077 31
32 0.117 0.738 0.048 0.077 32
33 0.669 0.080 0.048 0.077 33
34 0.186 0.858 0.048 0.077 34
35 0.943 0.988 0.048 0.077 35
36 0.011 0.773 0.042 0.067 36
37 0.058 0.722 0.048 0.077 37
38 0.509 0.063 0.048 0.077 38
39 0.449 0.597 0.044 0.070 39
40 0.665 0.125 0.048 0.077 40
41 0.386 0.870 0.047 0.075 41
42 0.402 0.972 0.048 0.077 42
44 0.963 0.312 0.044 0.070 44
45 0.097 0.750 0.048 0.077 45
48 0.860 0.070 0.047 0.075 48
49 0.007 0.082 0.043 0.068 49
50 0.402 0.035 0.048 0.077 50
51 0.174 0.753 0.048 0.077 51
53 0.831 0.533 0.042 0.067 53
57 0.212 0.795 0.046 0.073 57
60 0.878 0.580 0.048 0.077 60
