1 0.256 0.665 0.048 0.077 1
2 0.796 0.087 0.048 0.077 2
3 0.690 0.417 0.048 0.077 3
4 0.171 0.820 0.048 0.077 4
5 0.550 0.408 0.048 0.077 5
7 0.709 0.387 0.046 0.073 7
8 0.324 0.183 0.047 0.075 8
9 0.109 0.643 0.048 0.077 9
10 0.401 0.745 0.048 0.077 10
11 0.405 0.790 0.047 0.075 11
13 1.000 0.115 0.048 0.077 13
15 0.916 0.168 0.048 0.077 15
16 0.133 0.215 0.048 0.077 16
17 0.856 0.248 0.048 0.077 17
19 0.903 0.075 0.045 0.072 19
20 0.156 0.847 0.048 0.077 20
21 0.521 0.013 0.047 0.075 21
22 0.950 0.325 0.048 0.077 22
23 0.223 0.640 0.048 0.077 23
24 0.385 0.817 0.044 0.070 24
27 0.299 0.363 0.042 0.067 27
30 0.884 0.112 0.048 0.077 30
31 0.917 0.778 0.042 0.067 31
32 0.118 0.740 0.048 0.077 32
33 0.673 0.093 0.047 0.075 33
34 0.184 0.857 0.048 0.077 34
35 0.954 0.998 0.047 0.075 35
36 0.008 0.792 0.044 0.070 36
37 0.061 0.713 0.048 0.077 37
38 0.512 0.063 0.048 0.077 38
39 0.444 0.613 0.044 0.070 39
40 0.679 0.117 0.044 0.070 40
41 0.382 0.863 0.037 0.060 41
42 0.414 0.962 0.035 0.057 42
44 0.973 0.308 0.048 0.077 44
45 0.101 0.727 0.048 0.077 45
48 0.864 0.072 0.042 0.067 48
49 0.020 0.078 0.046 0.073 49
50 0.400 0.035 0.045 0.072 50
51 0.173 0.758 0.048 0.077 51
53 0.835 0.535 0.048 0.077 53
57 0.218 0.773 0.037 0.060 57
60 0.873 0.580 0.048 0.077 60
