1 0.246 0.677 0.045 0.072 1
2 0.801 0.083 0.048 0.077 2
3 0.685 0.415 0.048 0.077 3
4 0.165 0.817 0.042 0.067 4
5 0.552 0.420 0.044 0.070 5
7 0.700 0.373 0.042 0.067 7
8 0.319 0.205 0.042 0.067 8
9 0.096 0.657 0.048 0.077 9
10 0.408 0.737 0.048 0.077 10
11 0.398 0.788 0.041 0.065 11
13 0.992 0.125 0.047 0.075 13
15 0.918 0.140 0.047 0.075 15
16 0.149 0.238 0.042 0.067 16
17 0.860 0.265 0.048 0.077 17
19 0.900 0.053 0.048 0.077 19
20 0.153 0.842 0.043 0.068 20
21 0.520 0.018 0.048 0.077 21
22 0.948 0.330 0.048 0.077 22
23 0.209 0.653 0.048 0.077 23
24 0.384 0.823 0.042 0.067 24
27 0.295 0.362 0.048 0.077 27
30 0.886 0.132 0.048 0.077 30
31 0.918 0.778 0.041 0.065 31
32 0.117 0.742 0.048 0.077 32
33 0.667 0.078 0.048 0.077 33
34 0.186 0.858 0.048 0.077 34
35 0.947 0.978 0.048 0.077 35
36 0.010 0.770 0.042 0.067 36
37 0.058 0.725 0.045 0.072 37
38 0.509 0.068 0.045 0.072 38
39 0.450 0.595 0.042 0.067 39
40 0.661 0.122 0.048 0.077 40
41 0.388 0.873 0.048 0.077 41
42 0.403 0.972 0.043 0.068 42
44 0.961 0.307 0.041 0.065 44
45 0.094 0.753 0.046 0.073 45
48 0.863 0.073 0.048 0.077 48
49 0.011 0.117 0.044 0.070 49
50 0.400 0.032 0.042 0.067 50
51 0.176 0.755 0.048 0.077 51
53 0.833 0.532 0.042 0.067 53
57 0.210 0.800 0.048 0.077 57
60 0.878 0.580 0.048 0.077 60
