1 0.532 0.415 0.041 0.065 1
2 0.212 0.488 0.048 0.077 2
3 0.651 0.442 0.042 0.067 3
4 0.394 0.575 0.046 0.073 4
5 0.668 0.523 0.042 0.067 5
6 0.290 0.185 0.048 0.077 6
7 0.582 0.998 0.036 0.058 7
8 0.676 0.212 0.042 0.067 8
9 0.716 0.760 0.048 0.077 9
10 0.216 0.428 0.045 0.072 10
11 0.334 0.497 0.042 0.067 11
12 0.812 0.668 0.037 0.060 12
13 0.958 0.855 0.036 0.058 13
14 0.335 1.000 0.039 0.062 14
15 0.190 0.365 0.044 0.070 15
16 0.811 0.478 0.040 0.063 16
17 0.901 0.787 0.042 0.067 17
18 0.738 0.117 0.044 0.070 18
20 0.644 0.765 0.045 0.072 20
21 0.167 0.577 0.042 0.067 21
22 0.018 0.743 0.045 0.072 22
23 0.277 0.410 0.048 0.077 23
24 0.043 0.023 0.036 0.058 24
25 0.270 0.998 0.046 0.073 25
