1 0.540 0.413 0.041 0.065 1
2 0.209 0.495 0.047 0.075 2
3 0.647 0.445 0.042 0.067 3
4 0.393 0.567 0.042 0.067 4
5 0.667 0.528 0.042 0.067 5
6 0.290 0.177 0.048 0.077 6
7 0.583 0.985 0.036 0.058 7
8 0.672 0.210 0.043 0.068 8
9 0.702 0.753 0.047 0.075 9
10 0.225 0.428 0.045 0.072 10
11 0.346 0.477 0.042 0.067 11
12 0.794 0.662 0.045 0.072 12
13 0.963 0.888 0.040 0.063 13
14 0.342 0.998 0.041 0.065 14
15 0.192 0.375 0.044 0.070 15
16 0.821 0.502 0.040 0.063 16
17 0.901 0.800 0.040 0.063 17
18 0.731 0.138 0.042 0.067 18
20 0.646 0.770 0.048 0.077 20
21 0.168 0.578 0.042 0.067 21
22 0.031 0.737 0.035 0.057 22
23 0.283 0.390 0.048 0.077 23
24 0.048 0.025 0.040 0.063 24
25 0.284 0.980 0.044 0.070 25
