1 0.530 0.407 0.037 0.060 1
2 0.209 0.490 0.048 0.077 2
3 0.654 0.447 0.044 0.070 3
4 0.391 0.572 0.044 0.070 4
5 0.671 0.525 0.043 0.068 5
6 0.289 0.188 0.047 0.075 6
7 0.575 1.000 0.035 0.057 7
8 0.676 0.213 0.045 0.072 8
9 0.721 0.765 0.048 0.077 9
10 0.216 0.420 0.044 0.070 10
11 0.336 0.512 0.035 0.057 11
12 0.816 0.660 0.042 0.067 12
13 0.952 0.845 0.034 0.055 13
14 0.346 0.995 0.044 0.070 14
15 0.194 0.360 0.045 0.072 15
16 0.804 0.473 0.040 0.063 16
17 0.905 0.780 0.041 0.065 17
18 0.740 0.098 0.041 0.065 18
20 0.645 0.758 0.048 0.077 20
21 0.167 0.578 0.044 0.070 21
22 0.023 0.765 0.036 0.058 22
23 0.268 0.413 0.045 0.072 23
24 0.042 0.017 0.040 0.063 24
25 0.267 1.000 0.032 0.052 25
