1 0.540 0.415 0.042 0.067 1
2 0.211 0.493 0.047 0.075 2
3 0.648 0.442 0.042 0.067 3
4 0.395 0.565 0.048 0.077 4
5 0.669 0.527 0.044 0.070 5
6 0.290 0.178 0.048 0.077 6
7 0.584 0.988 0.037 0.060 7
8 0.671 0.215 0.042 0.067 8
9 0.703 0.755 0.046 0.073 9
10 0.224 0.430 0.043 0.068 10
11 0.345 0.475 0.044 0.070 11
12 0.794 0.660 0.044 0.070 12
13 0.963 0.883 0.042 0.067 13
14 0.342 1.000 0.043 0.068 14
15 0.192 0.372 0.045 0.072 15
16 0.822 0.500 0.042 0.067 16
17 0.901 0.803 0.041 0.065 17
18 0.731 0.138 0.043 0.068 18
20 0.644 0.768 0.047 0.075 20
21 0.167 0.575 0.040 0.063 21
22 0.032 0.735 0.048 0.077 22
23 0.283 0.377 0.033 0.053 23
24 0.047 0.023 0.042 0.067 24
25 0.280 0.982 0.044 0.070 25
