1 0.535 0.415 0.048 0.077 1
2 0.209 0.492 0.046 0.073 2
3 0.654 0.448 0.044 0.070 3
4 0.389 0.573 0.044 0.070 4
5 0.673 0.528 0.044 0.070 5
6 0.286 0.190 0.048 0.077 6
7 0.575 0.998 0.040 0.063 7
8 0.676 0.213 0.045 0.072 8
9 0.719 0.770 0.046 0.073 9
10 0.217 0.422 0.042 0.067 10
11 0.335 0.510 0.042 0.067 11
12 0.820 0.653 0.041 0.065 12
13 0.950 0.840 0.036 0.058 13
14 0.344 1.000 0.042 0.067 14
15 0.196 0.360 0.045 0.072 15
16 0.803 0.468 0.037 0.060 16
17 0.908 0.782 0.040 0.063 17
18 0.738 0.102 0.042 0.067 18
20 0.644 0.753 0.044 0.070 20
21 0.170 0.577 0.040 0.063 21
22 0.024 0.765 0.036 0.058 22
23 0.268 0.415 0.048 0.077 23
24 0.041 0.012 0.044 0.070 24
25 0.266 1.000 0.030 0.048 25
