1 0.926 0.965 0.046 0.073 1
2 0.095 0.065 0.048 0.077 2
3 0.151 0.065 0.048 0.077 3
4 0.997 0.808 0.046 0.073 4
6 0.773 0.262 0.048 0.077 6
7 0.330 0.303 0.042 0.067 7
8 0.451 0.358 0.048 0.077 8
10 0.967 0.633 0.040 0.063 10
11 0.092 0.042 0.042 0.067 11
12 0.246 0.065 0.048 0.077 12
13 0.453 0.330 0.044 0.070 13
14 0.511 0.263 0.048 0.077 14
16 0.469 0.907 0.044 0.070 16
18 0.751 0.672 0.035 0.057 18
19 0.600 0.448 0.037 0.060 19
20 0.017 0.298 0.048 0.077 20
22 0.000 0.095 0.044 0.070 22
24 0.475 0.375 0.041 0.065 24
26 0.796 0.297 0.037 0.060 26
