1 0.921 0.975 0.046 0.073 1
2 0.096 0.068 0.048 0.077 2
3 0.152 0.057 0.048 0.077 3
4 0.999 0.808 0.047 0.075 4
6 0.773 0.275 0.048 0.077 6
7 0.334 0.303 0.042 0.067 7
8 0.453 0.365 0.048 0.077 8
10 0.965 0.623 0.044 0.070 10
11 0.086 0.045 0.044 0.070 11
12 0.250 0.063 0.048 0.077 12
13 0.451 0.337 0.048 0.077 13
14 0.509 0.267 0.048 0.077 14
16 0.470 0.903 0.044 0.070 16
18 0.747 0.680 0.037 0.060 18
19 0.598 0.453 0.035 0.057 19
20 0.014 0.288 0.048 0.077 20
22 0.000 0.090 0.035 0.057 22
24 0.470 0.380 0.048 0.077 24
26 0.799 0.300 0.033 0.053 26
