1 0.931 0.957 0.048 0.077 1
2 0.093 0.065 0.047 0.075 2
3 0.155 0.082 0.041 0.065 3
4 0.997 0.808 0.048 0.077 4
6 0.774 0.270 0.048 0.077 6
7 0.328 0.302 0.042 0.067 7
8 0.452 0.363 0.037 0.060 8
10 0.972 0.637 0.044 0.070 10
11 0.100 0.042 0.048 0.077 11
12 0.246 0.065 0.035 0.057 12
13 0.454 0.323 0.046 0.073 13
14 0.510 0.270 0.048 0.077 14
16 0.466 0.910 0.048 0.077 16
18 0.756 0.672 0.037 0.060 18
19 0.606 0.438 0.042 0.067 19
20 0.018 0.303 0.048 0.077 20
22 0.000 0.095 0.047 0.075 22
24 0.471 0.370 0.048 0.077 24
26 0.800 0.298 0.030 0.048 26
