1 0.930 0.965 0.048 0.077 1
2 0.094 0.062 0.048 0.077 2
3 0.153 0.073 0.041 0.065 3
4 0.996 0.808 0.046 0.073 4
6 0.777 0.260 0.048 0.077 6
7 0.332 0.305 0.046 0.073 7
8 0.454 0.357 0.048 0.077 8
10 0.968 0.633 0.044 0.070 10
11 0.097 0.042 0.048 0.077 11
12 0.247 0.072 0.048 0.077 12
13 0.455 0.330 0.048 0.077 13
14 0.511 0.260 0.041 0.065 14
16 0.468 0.907 0.043 0.068 16
18 0.752 0.672 0.036 0.058 18
19 0.603 0.445 0.040 0.063 19
20 0.017 0.298 0.046 0.073 20
22 0.000 0.105 0.044 0.070 22
24 0.476 0.373 0.040 0.063 24
26 0.796 0.300 0.041 0.065 26
