1 0.927 0.962 0.048 0.077 1
2 0.094 0.065 0.044 0.070 2
3 0.153 0.077 0.041 0.065 3
4 0.995 0.808 0.044 0.070 4
6 0.773 0.270 0.048 0.077 6
7 0.329 0.303 0.042 0.067 7
8 0.450 0.363 0.041 0.065 8
10 0.971 0.635 0.046 0.073 10
11 0.092 0.040 0.042 0.067 11
12 0.245 0.067 0.048 0.077 12
13 0.455 0.323 0.048 0.077 13
14 0.509 0.267 0.048 0.077 14
16 0.466 0.912 0.044 0.070 16
18 0.753 0.672 0.036 0.058 18
19 0.606 0.443 0.042 0.067 19
20 0.017 0.302 0.048 0.077 20
22 0.000 0.105 0.042 0.067 22
24 0.472 0.372 0.048 0.077 24
26 0.800 0.300 0.031 0.050 26
