1 0.929 0.977 0.044 0.070 1
2 0.094 0.065 0.044 0.070 2
3 0.151 0.065 0.046 0.073 3
4 0.996 0.807 0.045 0.072 4
6 0.773 0.262 0.048 0.077 6
7 0.330 0.305 0.041 0.065 7
8 0.452 0.358 0.048 0.077 8
10 0.966 0.632 0.044 0.070 10
11 0.094 0.042 0.040 0.063 11
12 0.246 0.057 0.040 0.063 12
13 0.455 0.330 0.048 0.077 13
14 0.509 0.267 0.048 0.077 14
16 0.469 0.905 0.044 0.070 16
18 0.750 0.677 0.035 0.057 18
19 0.602 0.447 0.037 0.060 19
20 0.017 0.295 0.044 0.070 20
22 0.000 0.092 0.044 0.070 22
24 0.475 0.380 0.040 0.063 24
26 0.797 0.300 0.041 0.065 26
