1 0.933 0.955 0.048 0.077 1
2 0.097 0.065 0.047 0.075 2
3 0.157 0.093 0.040 0.063 3
4 1.000 0.823 0.042 0.067 4
6 0.770 0.270 0.046 0.073 6
7 0.324 0.302 0.042 0.067 7
8 0.453 0.362 0.042 0.067 8
10 0.982 0.630 0.042 0.067 10
11 0.094 0.042 0.042 0.067 11
12 0.247 0.067 0.048 0.077 12
13 0.452 0.312 0.048 0.077 13
14 0.508 0.268 0.044 0.070 14
16 0.461 0.912 0.044 0.070 16
18 0.761 0.687 0.048 0.077 18
19 0.615 0.430 0.032 0.052 19
20 0.018 0.305 0.044 0.070 20
22 0.000 0.117 0.032 0.052 22
24 0.478 0.368 0.041 0.065 24
26 0.801 0.298 0.030 0.048 26
