1 0.931 0.955 0.048 0.077 1
2 0.097 0.068 0.048 0.077 2
3 0.152 0.080 0.037 0.060 3
4 0.996 0.810 0.046 0.073 4
6 0.773 0.270 0.048 0.077 6
7 0.328 0.302 0.042 0.067 7
8 0.452 0.362 0.040 0.063 8
10 0.971 0.633 0.042 0.067 10
11 0.096 0.040 0.043 0.068 11
12 0.246 0.067 0.048 0.077 12
13 0.454 0.327 0.048 0.077 13
14 0.511 0.265 0.048 0.077 14
16 0.466 0.908 0.044 0.070 16
18 0.754 0.673 0.036 0.058 18
19 0.605 0.440 0.035 0.057 19
20 0.014 0.303 0.048 0.077 20
22 0.000 0.107 0.045 0.072 22
24 0.476 0.373 0.037 0.060 24
26 0.798 0.300 0.033 0.053 26
