1 0.932 0.957 0.048 0.077 1
2 0.097 0.067 0.048 0.077 2
3 0.157 0.092 0.036 0.058 3
4 0.995 0.813 0.048 0.077 4
6 0.767 0.273 0.036 0.058 6
7 0.325 0.300 0.042 0.067 7
8 0.453 0.362 0.042 0.067 8
10 0.980 0.632 0.042 0.067 10
11 0.100 0.045 0.048 0.077 11
12 0.247 0.062 0.047 0.075 12
13 0.454 0.315 0.046 0.073 13
14 0.515 0.272 0.048 0.077 14
16 0.463 0.915 0.046 0.073 16
18 0.761 0.675 0.040 0.063 18
19 0.614 0.430 0.035 0.057 19
20 0.017 0.308 0.048 0.077 20
22 0.000 0.115 0.035 0.057 22
24 0.481 0.370 0.044 0.070 24
26 0.802 0.298 0.031 0.050 26
