1 0.931 0.973 0.041 0.065 1
2 0.097 0.067 0.048 0.077 2
3 0.151 0.067 0.048 0.077 3
4 0.990 0.815 0.031 0.050 4
6 0.773 0.262 0.048 0.077 6
7 0.329 0.307 0.042 0.067 7
8 0.453 0.357 0.048 0.077 8
10 0.967 0.632 0.043 0.068 10
11 0.091 0.040 0.044 0.070 11
12 0.245 0.060 0.035 0.057 12
13 0.453 0.330 0.048 0.077 13
14 0.514 0.267 0.048 0.077 14
16 0.468 0.905 0.043 0.068 16
18 0.751 0.675 0.040 0.063 18
19 0.601 0.445 0.035 0.057 19
20 0.015 0.288 0.048 0.077 20
22 0.000 0.092 0.044 0.070 22
24 0.471 0.372 0.048 0.077 24
26 0.796 0.298 0.040 0.063 26
