1 0.930 0.977 0.048 0.077 1
2 0.094 0.063 0.048 0.077 2
3 0.149 0.058 0.048 0.077 3
4 0.996 0.805 0.048 0.077 4
6 0.772 0.272 0.048 0.077 6
7 0.331 0.303 0.042 0.067 7
8 0.452 0.363 0.048 0.077 8
10 0.966 0.627 0.044 0.070 10
11 0.092 0.042 0.042 0.067 11
12 0.247 0.070 0.048 0.077 12
13 0.454 0.333 0.048 0.077 13
14 0.516 0.262 0.048 0.077 14
16 0.470 0.903 0.042 0.067 16
18 0.748 0.675 0.035 0.057 18
19 0.603 0.452 0.042 0.067 19
20 0.017 0.293 0.048 0.077 20
22 0.000 0.097 0.041 0.065 22
24 0.474 0.380 0.041 0.065 24
26 0.799 0.300 0.033 0.053 26
