1 0.930 0.960 0.048 0.077 1
2 0.094 0.065 0.044 0.070 2
3 0.156 0.080 0.044 0.070 3
4 0.996 0.812 0.048 0.077 4
6 0.774 0.270 0.048 0.077 6
7 0.327 0.302 0.042 0.067 7
8 0.452 0.362 0.040 0.063 8
10 0.973 0.635 0.042 0.067 10
11 0.094 0.038 0.048 0.077 11
12 0.246 0.070 0.048 0.077 12
13 0.452 0.325 0.048 0.077 13
14 0.508 0.267 0.048 0.077 14
16 0.464 0.910 0.046 0.073 16
18 0.756 0.672 0.037 0.060 18
19 0.607 0.440 0.041 0.065 19
20 0.015 0.302 0.048 0.077 20
22 0.000 0.107 0.042 0.067 22
24 0.472 0.367 0.048 0.077 24
26 0.799 0.298 0.032 0.052 26
