1 0.932 0.958 0.048 0.077 1
2 0.096 0.065 0.048 0.077 2
3 0.157 0.090 0.035 0.057 3
4 0.995 0.813 0.048 0.077 4
6 0.773 0.272 0.048 0.077 6
7 0.324 0.302 0.041 0.065 7
8 0.454 0.358 0.048 0.077 8
10 0.981 0.633 0.037 0.060 10
11 0.100 0.045 0.044 0.070 11
12 0.246 0.062 0.042 0.067 12
13 0.455 0.320 0.048 0.077 13
14 0.514 0.265 0.048 0.077 14
16 0.465 0.912 0.048 0.077 16
18 0.760 0.675 0.037 0.060 18
19 0.611 0.433 0.036 0.058 19
20 0.018 0.302 0.043 0.068 20
22 0.000 0.115 0.035 0.057 22
24 0.478 0.370 0.037 0.060 24
26 0.802 0.300 0.030 0.048 26
