1 0.932 0.957 0.048 0.077 1
2 0.096 0.067 0.048 0.077 2
3 0.155 0.088 0.037 0.060 3
4 0.996 0.812 0.048 0.077 4
6 0.772 0.270 0.046 0.073 6
7 0.326 0.302 0.042 0.067 7
8 0.454 0.343 0.048 0.077 8
10 0.977 0.635 0.044 0.070 10
11 0.097 0.043 0.045 0.072 11
12 0.244 0.058 0.042 0.067 12
13 0.456 0.315 0.048 0.077 13
14 0.508 0.270 0.045 0.072 14
16 0.466 0.913 0.048 0.077 16
18 0.761 0.668 0.040 0.063 18
19 0.609 0.435 0.033 0.053 19
20 0.017 0.303 0.048 0.077 20
22 0.000 0.110 0.037 0.060 22
24 0.477 0.373 0.041 0.065 24
26 0.800 0.300 0.031 0.050 26
