1 0.933 0.952 0.045 0.072 1
2 0.095 0.067 0.048 0.077 2
3 0.158 0.092 0.040 0.063 3
4 1.000 0.823 0.042 0.067 4
6 0.770 0.270 0.046 0.073 6
7 0.324 0.302 0.043 0.068 7
8 0.454 0.363 0.037 0.060 8
10 0.982 0.632 0.044 0.070 10
11 0.101 0.047 0.048 0.077 11
12 0.246 0.058 0.041 0.065 12
13 0.452 0.315 0.046 0.073 13
14 0.516 0.273 0.048 0.077 14
16 0.463 0.915 0.048 0.077 16
18 0.761 0.677 0.036 0.058 18
19 0.615 0.430 0.035 0.057 19
20 0.014 0.308 0.048 0.077 20
22 0.000 0.117 0.032 0.052 22
24 0.478 0.368 0.040 0.063 24
26 0.800 0.297 0.032 0.052 26
