1 0.927 0.977 0.035 0.057 1
2 0.093 0.067 0.042 0.067 2
3 0.152 0.063 0.042 0.067 3
4 0.998 0.808 0.048 0.077 4
6 0.773 0.275 0.048 0.077 6
7 0.333 0.302 0.042 0.067 7
8 0.450 0.370 0.041 0.065 8
10 0.964 0.623 0.043 0.068 10
11 0.089 0.043 0.040 0.063 11
12 0.249 0.060 0.042 0.067 12
13 0.452 0.337 0.048 0.077 13
14 0.516 0.270 0.035 0.057 14
16 0.470 0.900 0.042 0.067 16
18 0.746 0.682 0.036 0.058 18
19 0.598 0.453 0.042 0.067 19
20 0.016 0.292 0.048 0.077 20
22 0.000 0.090 0.035 0.057 22
24 0.475 0.378 0.037 0.060 24
26 0.801 0.298 0.032 0.052 26
