1 0.930 0.958 0.048 0.077 1
2 0.094 0.072 0.035 0.057 2
3 0.156 0.087 0.036 0.058 3
4 0.991 0.812 0.037 0.060 4
6 0.773 0.273 0.048 0.077 6
7 0.325 0.303 0.042 0.067 7
8 0.455 0.343 0.032 0.052 8
10 0.979 0.635 0.044 0.070 10
11 0.098 0.052 0.048 0.077 11
12 0.244 0.058 0.036 0.058 12
13 0.454 0.318 0.048 0.077 13
14 0.516 0.272 0.044 0.070 14
16 0.465 0.913 0.047 0.075 16
18 0.760 0.672 0.034 0.055 18
19 0.609 0.435 0.037 0.060 19
20 0.016 0.305 0.048 0.077 20
22 0.000 0.112 0.041 0.065 22
24 0.478 0.370 0.037 0.060 24
26 0.801 0.300 0.032 0.052 26
