1 0.931 0.957 0.048 0.077 1
2 0.093 0.065 0.044 0.070 2
3 0.154 0.083 0.034 0.055 3
4 0.996 0.807 0.047 0.075 4
6 0.773 0.272 0.048 0.077 6
7 0.327 0.305 0.041 0.065 7
8 0.455 0.362 0.048 0.077 8
10 0.974 0.635 0.042 0.067 10
11 0.097 0.042 0.042 0.067 11
12 0.247 0.070 0.048 0.077 12
13 0.454 0.322 0.046 0.073 13
14 0.516 0.268 0.044 0.070 14
16 0.467 0.910 0.046 0.073 16
18 0.758 0.672 0.034 0.055 18
19 0.605 0.435 0.035 0.057 19
20 0.017 0.298 0.044 0.070 20
22 0.000 0.105 0.029 0.047 22
24 0.476 0.372 0.037 0.060 24
26 0.799 0.298 0.032 0.052 26
