1 0.930 0.952 0.048 0.077 1
2 0.095 0.065 0.046 0.073 2
3 0.156 0.088 0.037 0.060 3
4 0.999 0.815 0.047 0.075 4
6 0.771 0.272 0.044 0.070 6
7 0.325 0.302 0.042 0.067 7
8 0.455 0.355 0.048 0.077 8
10 0.981 0.630 0.048 0.077 10
11 0.098 0.043 0.044 0.070 11
12 0.246 0.060 0.043 0.068 12
13 0.453 0.315 0.045 0.072 13
14 0.517 0.273 0.048 0.077 14
16 0.461 0.912 0.046 0.073 16
18 0.760 0.673 0.036 0.058 18
19 0.611 0.428 0.042 0.067 19
20 0.016 0.307 0.048 0.077 20
22 0.000 0.112 0.036 0.058 22
24 0.478 0.370 0.037 0.060 24
26 0.801 0.298 0.031 0.050 26
