1 0.936 0.958 0.048 0.077 1
2 0.091 0.068 0.037 0.060 2
3 0.158 0.097 0.040 0.063 3
4 0.999 0.818 0.048 0.077 4
6 0.773 0.270 0.048 0.077 6
7 0.323 0.302 0.042 0.067 7
8 0.458 0.360 0.048 0.077 8
10 0.984 0.627 0.044 0.070 10
11 0.097 0.048 0.043 0.068 11
12 0.242 0.065 0.048 0.077 12
13 0.451 0.310 0.046 0.073 13
14 0.511 0.272 0.046 0.073 14
16 0.460 0.913 0.044 0.070 16
18 0.765 0.680 0.040 0.063 18
19 0.618 0.423 0.037 0.060 19
20 0.016 0.303 0.042 0.067 20
22 0.010 0.112 0.047 0.075 22
24 0.478 0.368 0.041 0.065 24
26 0.800 0.298 0.032 0.052 26
