1 0.935 0.950 0.044 0.070 1
2 0.096 0.062 0.048 0.077 2
3 0.160 0.097 0.036 0.058 3
4 1.000 0.815 0.048 0.077 4
6 0.773 0.272 0.048 0.077 6
7 0.322 0.300 0.041 0.065 7
8 0.456 0.365 0.040 0.063 8
10 0.985 0.625 0.042 0.067 10
11 0.095 0.040 0.037 0.060 11
12 0.246 0.060 0.047 0.075 12
13 0.448 0.310 0.043 0.068 13
14 0.509 0.268 0.045 0.072 14
16 0.460 0.913 0.048 0.077 16
18 0.761 0.692 0.048 0.077 18
19 0.618 0.428 0.037 0.060 19
20 0.017 0.305 0.042 0.067 20
22 0.009 0.115 0.042 0.067 22
24 0.480 0.367 0.037 0.060 24
26 0.799 0.298 0.033 0.053 26
