1 0.932 0.948 0.048 0.077 1
2 0.094 0.062 0.048 0.077 2
3 0.158 0.095 0.040 0.063 3
4 0.996 0.815 0.048 0.077 4
6 0.774 0.268 0.048 0.077 6
7 0.323 0.300 0.042 0.067 7
8 0.454 0.363 0.042 0.067 8
10 0.983 0.630 0.044 0.070 10
11 0.097 0.038 0.036 0.058 11
12 0.246 0.060 0.041 0.065 12
13 0.454 0.312 0.048 0.077 13
14 0.510 0.265 0.048 0.077 14
16 0.460 0.913 0.046 0.073 16
18 0.765 0.685 0.048 0.077 18
19 0.616 0.427 0.036 0.058 19
20 0.015 0.305 0.048 0.077 20
22 0.000 0.112 0.030 0.048 22
24 0.478 0.370 0.041 0.065 24
26 0.799 0.298 0.032 0.052 26
