1 0.925 0.963 0.048 0.077 1
2 0.097 0.065 0.048 0.077 2
3 0.152 0.068 0.036 0.058 3
4 0.994 0.807 0.044 0.070 4
6 0.773 0.262 0.048 0.077 6
7 0.332 0.303 0.042 0.067 7
8 0.451 0.367 0.037 0.060 8
10 0.966 0.632 0.042 0.067 10
11 0.090 0.047 0.044 0.070 11
12 0.249 0.065 0.048 0.077 12
13 0.455 0.330 0.048 0.077 13
14 0.512 0.263 0.048 0.077 14
16 0.469 0.903 0.044 0.070 16
18 0.749 0.678 0.035 0.057 18
19 0.602 0.453 0.044 0.070 19
20 0.013 0.293 0.044 0.070 20
22 0.000 0.098 0.042 0.067 22
24 0.470 0.377 0.048 0.077 24
26 0.799 0.298 0.032 0.052 26
