1 0.930 0.960 0.048 0.077 1
2 0.093 0.067 0.048 0.077 2
3 0.155 0.083 0.041 0.065 3
4 0.997 0.812 0.048 0.077 4
6 0.773 0.272 0.048 0.077 6
7 0.326 0.305 0.042 0.067 7
8 0.452 0.362 0.042 0.067 8
10 0.974 0.635 0.042 0.067 10
11 0.097 0.045 0.041 0.065 11
12 0.243 0.060 0.037 0.060 12
13 0.455 0.320 0.046 0.073 13
14 0.514 0.268 0.048 0.077 14
16 0.465 0.908 0.044 0.070 16
18 0.758 0.673 0.035 0.057 18
19 0.608 0.438 0.037 0.060 19
20 0.013 0.300 0.048 0.077 20
22 0.000 0.107 0.041 0.065 22
24 0.477 0.372 0.037 0.060 24
26 0.802 0.298 0.030 0.048 26
