1 0.929 0.972 0.035 0.057 1
2 0.096 0.067 0.048 0.077 2
3 0.149 0.075 0.040 0.063 3
4 0.994 0.807 0.044 0.070 4
6 0.772 0.272 0.048 0.077 6
7 0.331 0.303 0.042 0.067 7
8 0.450 0.362 0.048 0.077 8
10 0.964 0.628 0.044 0.070 10
11 0.091 0.037 0.047 0.075 11
12 0.245 0.058 0.041 0.065 12
13 0.452 0.337 0.048 0.077 13
14 0.508 0.267 0.048 0.077 14
16 0.468 0.907 0.043 0.068 16
18 0.750 0.675 0.035 0.057 18
19 0.598 0.445 0.042 0.067 19
20 0.016 0.295 0.048 0.077 20
22 0.000 0.098 0.041 0.065 22
24 0.475 0.377 0.040 0.063 24
26 0.799 0.298 0.032 0.052 26
