1 0.936 0.953 0.048 0.077 1
2 0.094 0.062 0.048 0.077 2
3 0.159 0.098 0.040 0.063 3
4 1.000 0.820 0.047 0.075 4
6 0.779 0.263 0.047 0.075 6
7 0.323 0.303 0.048 0.077 7
8 0.456 0.365 0.042 0.067 8
10 0.985 0.622 0.044 0.070 10
11 0.097 0.038 0.042 0.067 11
12 0.246 0.060 0.044 0.070 12
13 0.451 0.308 0.048 0.077 13
14 0.509 0.262 0.047 0.075 14
16 0.458 0.912 0.044 0.070 16
18 0.764 0.683 0.037 0.060 18
19 0.619 0.427 0.036 0.058 19
20 0.019 0.308 0.042 0.067 20
22 0.010 0.110 0.044 0.070 22
24 0.481 0.365 0.036 0.058 24
26 0.802 0.298 0.030 0.048 26
