1 0.932 0.955 0.048 0.077 1
2 0.094 0.065 0.048 0.077 2
3 0.155 0.080 0.042 0.067 3
4 0.996 0.810 0.046 0.073 4
6 0.774 0.275 0.048 0.077 6
7 0.328 0.303 0.042 0.067 7
8 0.455 0.350 0.048 0.077 8
10 0.972 0.637 0.043 0.068 10
11 0.092 0.045 0.048 0.077 11
12 0.248 0.073 0.048 0.077 12
13 0.454 0.323 0.045 0.072 13
14 0.514 0.263 0.048 0.077 14
16 0.465 0.912 0.044 0.070 16
18 0.755 0.672 0.037 0.060 18
19 0.605 0.438 0.035 0.057 19
20 0.017 0.297 0.042 0.067 20
22 0.000 0.107 0.042 0.067 22
24 0.477 0.375 0.037 0.060 24
26 0.799 0.298 0.032 0.052 26
