1 0.539 0.410 0.036 0.058 1
2 0.207 0.490 0.048 0.077 2
3 0.647 0.443 0.042 0.067 3
4 0.394 0.568 0.044 0.070 4
5 0.668 0.532 0.044 0.070 5
6 0.289 0.177 0.048 0.077 6
7 0.583 0.987 0.037 0.060 7
8 0.670 0.210 0.044 0.070 8
9 0.702 0.752 0.044 0.070 9
10 0.224 0.428 0.043 0.068 10
11 0.349 0.472 0.042 0.067 11
12 0.794 0.658 0.042 0.067 12
13 0.959 0.885 0.046 0.073 13
14 0.339 0.998 0.042 0.067 14
15 0.191 0.372 0.046 0.073 15
16 0.822 0.502 0.036 0.058 16
17 0.902 0.800 0.042 0.067 17
18 0.729 0.140 0.043 0.068 18
20 0.646 0.767 0.048 0.077 20
21 0.167 0.573 0.037 0.060 21
22 0.030 0.738 0.035 0.057 22
23 0.283 0.390 0.048 0.077 23
24 0.049 0.027 0.036 0.058 24
25 0.282 0.977 0.037 0.060 25
