1 0.541 0.412 0.042 0.067 1
2 0.210 0.490 0.045 0.072 2
3 0.647 0.443 0.042 0.067 3
4 0.392 0.567 0.042 0.067 4
5 0.667 0.528 0.044 0.070 5
6 0.289 0.175 0.048 0.077 6
7 0.583 0.985 0.041 0.065 7
8 0.671 0.210 0.044 0.070 8
9 0.702 0.755 0.048 0.077 9
10 0.225 0.428 0.043 0.068 10
11 0.350 0.473 0.042 0.067 11
12 0.795 0.658 0.045 0.072 12
13 0.960 0.893 0.035 0.057 13
14 0.344 1.000 0.032 0.052 14
15 0.192 0.378 0.044 0.070 15
16 0.822 0.505 0.036 0.058 16
17 0.902 0.798 0.040 0.063 17
18 0.728 0.143 0.044 0.070 18
20 0.647 0.768 0.046 0.073 20
21 0.166 0.580 0.044 0.070 21
22 0.033 0.737 0.035 0.057 22
23 0.283 0.387 0.045 0.072 23
24 0.050 0.023 0.041 0.065 24
25 0.285 0.982 0.045 0.072 25
