1 0.530 0.417 0.042 0.067 1
2 0.207 0.493 0.048 0.077 2
3 0.653 0.443 0.043 0.068 3
4 0.392 0.575 0.042 0.067 4
5 0.672 0.525 0.045 0.072 5
6 0.290 0.187 0.048 0.077 6
7 0.579 1.000 0.037 0.060 7
8 0.676 0.212 0.046 0.073 8
9 0.717 0.760 0.046 0.073 9
10 0.216 0.425 0.045 0.072 10
11 0.334 0.502 0.041 0.065 11
12 0.809 0.668 0.040 0.063 12
13 0.958 0.850 0.040 0.063 13
14 0.338 1.000 0.041 0.065 14
15 0.192 0.367 0.048 0.077 15
16 0.809 0.475 0.037 0.060 16
17 0.902 0.787 0.040 0.063 17
18 0.738 0.112 0.042 0.067 18
20 0.644 0.758 0.046 0.073 20
21 0.168 0.577 0.041 0.065 21
22 0.021 0.747 0.048 0.077 22
23 0.276 0.410 0.048 0.077 23
24 0.043 0.022 0.037 0.060 24
25 0.269 0.998 0.044 0.070 25
