1 0.529 0.413 0.041 0.065 1
2 0.208 0.495 0.048 0.077 2
3 0.654 0.443 0.043 0.068 3
4 0.392 0.575 0.044 0.070 4
5 0.673 0.527 0.044 0.070 5
6 0.289 0.187 0.048 0.077 6
7 0.579 0.998 0.036 0.058 7
8 0.676 0.212 0.044 0.070 8
9 0.719 0.763 0.048 0.077 9
10 0.215 0.423 0.048 0.077 10
11 0.335 0.503 0.042 0.067 11
12 0.816 0.663 0.041 0.065 12
13 0.955 0.852 0.036 0.058 13
14 0.343 1.000 0.037 0.060 14
15 0.193 0.362 0.044 0.070 15
16 0.807 0.473 0.037 0.060 16
17 0.902 0.783 0.037 0.060 17
18 0.739 0.108 0.043 0.068 18
20 0.644 0.760 0.048 0.077 20
21 0.167 0.577 0.041 0.065 21
22 0.020 0.758 0.042 0.067 22
23 0.275 0.413 0.047 0.075 23
24 0.041 0.020 0.040 0.063 24
25 0.268 0.998 0.041 0.065 25
