1 0.532 0.417 0.042 0.067 1
2 0.211 0.492 0.042 0.067 2
3 0.654 0.440 0.044 0.070 3
4 0.394 0.573 0.044 0.070 4
5 0.669 0.527 0.042 0.067 5
6 0.291 0.185 0.047 0.075 6
7 0.582 1.000 0.037 0.060 7
8 0.675 0.208 0.044 0.070 8
9 0.716 0.758 0.047 0.075 9
10 0.218 0.427 0.041 0.065 10
11 0.336 0.495 0.041 0.065 11
12 0.806 0.670 0.044 0.070 12
13 0.960 0.858 0.041 0.065 13
14 0.336 1.000 0.035 0.057 14
15 0.192 0.365 0.044 0.070 15
16 0.814 0.480 0.042 0.067 16
17 0.901 0.787 0.042 0.067 17
18 0.738 0.118 0.042 0.067 18
20 0.644 0.758 0.047 0.075 20
21 0.166 0.577 0.042 0.067 21
22 0.019 0.747 0.041 0.065 22
23 0.275 0.415 0.041 0.065 23
24 0.044 0.023 0.037 0.060 24
25 0.270 0.998 0.046 0.073 25
