1 0.537 0.417 0.041 0.065 1
2 0.208 0.488 0.042 0.067 2
3 0.649 0.442 0.042 0.067 3
4 0.396 0.568 0.044 0.070 4
5 0.667 0.525 0.046 0.073 5
6 0.290 0.178 0.048 0.077 6
7 0.586 0.990 0.040 0.063 7
8 0.674 0.210 0.044 0.070 8
9 0.707 0.755 0.048 0.077 9
10 0.223 0.423 0.035 0.057 10
11 0.343 0.473 0.042 0.067 11
12 0.792 0.665 0.042 0.067 12
13 0.961 0.882 0.041 0.065 13
14 0.343 0.998 0.042 0.067 14
15 0.191 0.380 0.046 0.073 15
16 0.822 0.498 0.041 0.065 16
17 0.900 0.802 0.041 0.065 17
18 0.729 0.135 0.035 0.057 18
20 0.646 0.768 0.048 0.077 20
21 0.168 0.577 0.041 0.065 21
22 0.027 0.737 0.036 0.058 22
23 0.284 0.375 0.030 0.048 23
24 0.045 0.018 0.048 0.077 24
25 0.279 0.980 0.041 0.065 25
