1 0.374 0.172 0.036 0.058 1
2 0.127 0.982 0.042 0.067 2
3 0.311 0.857 0.042 0.067 3
4 0.780 0.463 0.041 0.065 4
5 0.806 0.297 0.037 0.060 5
6 0.786 0.405 0.042 0.067 6
7 0.360 0.385 0.040 0.063 7
8 0.747 0.263 0.037 0.060 8
9 0.489 0.667 0.035 0.057 9
10 0.308 0.823 0.044 0.070 10
11 0.223 0.753 0.037 0.060 11
12 0.648 0.088 0.034 0.055 12
13 0.840 0.087 0.042 0.067 13
14 0.056 0.607 0.042 0.067 14
15 0.698 0.662 0.041 0.065 15
16 0.929 0.717 0.035 0.057 16
17 0.856 0.137 0.035 0.057 17
18 0.108 0.778 0.041 0.065 18
19 0.226 0.635 0.045 0.072 19
20 0.298 0.000 0.045 0.072 20
21 0.135 0.065 0.035 0.057 21
22 0.014 0.363 0.042 0.067 22
24 0.002 0.552 0.035 0.057 24
25 0.529 0.093 0.032 0.052 25
26 0.796 0.105 0.036 0.058 26
27 0.997 0.562 0.042 0.067 27
28 0.540 0.473 0.048 0.077 28
29 0.830 0.048 0.037 0.060 29
