1 0.381 0.162 0.037 0.060 1
2 0.124 0.970 0.042 0.067 2
3 0.323 0.842 0.043 0.068 3
4 0.782 0.468 0.041 0.065 4
5 0.807 0.283 0.041 0.065 5
6 0.781 0.402 0.044 0.070 6
7 0.356 0.377 0.040 0.063 7
8 0.748 0.273 0.040 0.063 8
9 0.494 0.653 0.036 0.058 9
10 0.305 0.822 0.042 0.067 10
11 0.212 0.755 0.040 0.063 11
12 0.653 0.102 0.036 0.058 12
13 0.835 0.097 0.042 0.067 13
14 0.058 0.615 0.041 0.065 14
15 0.693 0.652 0.040 0.063 15
16 0.927 0.727 0.035 0.057 16
17 0.866 0.143 0.041 0.065 17
18 0.116 0.773 0.041 0.065 18
19 0.229 0.643 0.037 0.060 19
20 0.287 0.000 0.042 0.067 20
21 0.146 0.062 0.034 0.055 21
22 0.013 0.363 0.036 0.058 22
24 0.000 0.550 0.035 0.057 24
25 0.526 0.108 0.034 0.055 25
26 0.803 0.095 0.032 0.052 26
27 0.994 0.567 0.044 0.070 27
28 0.542 0.467 0.048 0.077 28
29 0.824 0.058 0.032 0.052 29
