1 0.382 0.145 0.040 0.063 1
2 0.118 0.967 0.041 0.065 2
3 0.339 0.842 0.035 0.057 3
4 0.780 0.475 0.041 0.065 4
5 0.800 0.273 0.041 0.065 5
6 0.781 0.387 0.042 0.067 6
7 0.356 0.367 0.041 0.065 7
8 0.755 0.273 0.042 0.067 8
9 0.497 0.638 0.035 0.057 9
10 0.305 0.823 0.048 0.077 10
11 0.201 0.757 0.040 0.063 11
12 0.662 0.117 0.034 0.055 12
13 0.839 0.098 0.040 0.063 13
14 0.061 0.625 0.040 0.063 14
15 0.684 0.658 0.042 0.067 15
16 0.926 0.745 0.040 0.063 16
17 0.876 0.150 0.041 0.065 17
18 0.123 0.770 0.042 0.067 18
19 0.235 0.650 0.037 0.060 19
20 0.287 0.000 0.048 0.077 20
21 0.163 0.063 0.035 0.057 21
22 0.007 0.372 0.042 0.067 22
24 0.014 0.547 0.036 0.058 24
25 0.520 0.112 0.046 0.073 25
26 0.802 0.078 0.032 0.052 26
27 0.984 0.575 0.040 0.063 27
28 0.546 0.458 0.036 0.058 28
29 0.821 0.080 0.035 0.057 29
