1 0.381 0.157 0.036 0.058 1
2 0.122 0.970 0.040 0.063 2
3 0.329 0.835 0.042 0.067 3
4 0.782 0.473 0.041 0.065 4
5 0.805 0.278 0.042 0.067 5
6 0.781 0.395 0.042 0.067 6
7 0.355 0.372 0.040 0.063 7
8 0.750 0.277 0.040 0.063 8
9 0.494 0.648 0.037 0.060 9
10 0.302 0.823 0.041 0.065 10
11 0.206 0.753 0.037 0.060 11
12 0.657 0.110 0.036 0.058 12
13 0.839 0.102 0.036 0.058 13
14 0.059 0.623 0.042 0.067 14
15 0.689 0.653 0.041 0.065 15
16 0.926 0.735 0.036 0.058 16
17 0.871 0.147 0.036 0.058 17
18 0.120 0.773 0.041 0.065 18
19 0.233 0.645 0.040 0.063 19
20 0.291 0.000 0.044 0.070 20
21 0.154 0.063 0.035 0.057 21
22 0.007 0.365 0.044 0.070 22
24 0.007 0.550 0.036 0.058 24
25 0.522 0.117 0.035 0.057 25
26 0.800 0.085 0.037 0.060 26
27 0.989 0.573 0.041 0.065 27
28 0.544 0.457 0.048 0.077 28
29 0.821 0.067 0.033 0.053 29
