0 0.561 0.885 0.048 0.077
0 0.873 0.313 0.042 0.067
0 0.247 0.890 0.048 0.077
0 0.825 0.165 0.048 0.077
0 0.753 0.883 0.042 0.067
0 0.643 0.262 0.042 0.067
0 0.464 0.628 0.043 0.068
0 0.126 0.023 0.048 0.077
0 0.457 0.902 0.044 0.070
0 0.457 0.438 0.048 0.077
0 0.861 0.473 0.042 0.067
0 0.616 0.538 0.037 0.060
0 0.142 0.630 0.044 0.070
0 0.646 0.500 0.041 0.065
0 0.404 0.875 0.042 0.067
0 0.806 0.935 0.042 0.067
0 0.026 0.210 0.042 0.067
0 0.714 0.180 0.036 0.058
0 0.374 0.393 0.044 0.070
0 0.956 0.530 0.048 0.077
0 0.193 0.935 0.048 0.077
0 0.979 0.438 0.043 0.068
0 0.549 0.890 0.043 0.068
0 0.700 0.092 0.048 0.077
0 0.044 0.185 0.048 0.077
0 0.426 0.062 0.042 0.067
0 0.423 0.528 0.040 0.063
0 0.109 0.310 0.035 0.057
0 0.901 0.095 0.042 0.067
0 0.769 0.212 0.036 0.058
0 0.316 0.117 0.037 0.060
0 0.724 0.883 0.036 0.058
