0 0.561 0.890 0.048 0.077
0 0.824 0.177 0.048 0.077
0 0.459 0.893 0.042 0.067
0 0.439 0.513 0.037 0.060
0 0.964 0.545 0.048 0.077
0 0.194 0.937 0.047 0.075
0 0.049 0.168 0.041 0.065
0 0.704 0.098 0.048 0.077
0 0.138 0.620 0.042 0.067
0 0.463 0.612 0.041 0.065
0 0.373 0.383 0.045 0.072
0 0.035 0.207 0.044 0.070
0 0.389 0.873 0.040 0.063
0 0.864 0.457 0.040 0.063
0 0.801 0.908 0.037 0.060
0 0.124 0.027 0.048 0.077
0 0.318 0.132 0.040 0.063
0 0.260 0.905 0.044 0.070
0 0.746 0.860 0.048 0.077
0 0.645 0.275 0.042 0.067
0 0.442 0.047 0.048 0.077
0 0.637 0.490 0.042 0.067
0 0.869 0.313 0.040 0.063
0 0.917 0.122 0.042 0.067
0 0.604 0.523 0.035 0.057
0 0.085 0.308 0.048 0.077
0 0.724 0.910 0.048 0.077
0 0.699 0.158 0.042 0.067
0 0.756 0.192 0.041 0.065
0 0.463 0.450 0.037 0.060
0 0.733 0.993 0.041 0.065
0 0.983 0.445 0.042 0.067
0 0.560 0.868 0.035 0.057
0 0.009 0.438 0.043 0.068
0 0.950 0.545 0.045 0.072
0 0.583 0.000 0.035 0.057
