0 0.028 0.205 0.042 0.067
0 0.402 0.877 0.042 0.067
0 0.253 0.890 0.048 0.077
0 0.143 0.623 0.042 0.067
0 0.824 0.170 0.048 0.077
0 0.193 0.933 0.048 0.077
0 0.874 0.320 0.045 0.072
0 0.801 0.927 0.042 0.067
0 0.642 0.265 0.041 0.065
0 0.319 0.118 0.037 0.060
0 0.906 0.100 0.042 0.067
0 0.753 0.873 0.040 0.063
0 0.980 0.442 0.042 0.067
0 0.373 0.393 0.048 0.077
0 0.703 0.093 0.048 0.077
0 0.130 0.030 0.042 0.067
0 0.564 0.878 0.041 0.065
0 0.427 0.530 0.037 0.060
0 0.554 0.893 0.045 0.072
0 0.643 0.498 0.042 0.067
0 0.465 0.437 0.042 0.067
0 0.460 0.623 0.042 0.067
0 0.456 0.900 0.042 0.067
0 0.708 0.173 0.036 0.058
0 0.957 0.535 0.044 0.070
0 0.428 0.052 0.041 0.065
0 0.768 0.208 0.044 0.070
0 0.053 0.177 0.036 0.058
0 0.865 0.468 0.042 0.067
0 0.000 0.307 0.048 0.077
0 0.108 0.310 0.048 0.077
0 0.613 0.535 0.037 0.060
0 0.727 0.893 0.040 0.063
0 0.443 0.000 0.044 0.070
0 1.000 0.000 0.042 0.067
0 0.883 0.018 0.041 0.065
0 0.736 0.990 0.030 0.048
