0 0.561 0.883 0.048 0.077
0 0.136 0.617 0.043 0.068
0 0.375 0.382 0.045 0.072
0 0.194 0.938 0.042 0.067
0 0.826 0.178 0.048 0.077
0 0.312 0.130 0.035 0.057
0 0.126 0.020 0.048 0.077
0 0.703 0.100 0.048 0.077
0 0.047 0.168 0.042 0.067
0 0.961 0.543 0.042 0.067
0 0.803 0.900 0.040 0.063
0 0.647 0.278 0.042 0.067
0 0.917 0.127 0.040 0.063
0 0.379 0.870 0.048 0.077
0 0.438 0.503 0.048 0.077
0 0.466 0.605 0.046 0.073
0 0.985 0.445 0.044 0.070
0 0.035 0.205 0.041 0.065
0 0.087 0.300 0.035 0.057
0 0.742 0.860 0.048 0.077
0 0.637 0.482 0.042 0.067
0 0.440 0.040 0.036 0.058
0 0.461 0.442 0.048 0.077
0 0.719 0.913 0.044 0.070
0 0.868 0.315 0.044 0.070
0 0.603 0.518 0.036 0.058
0 0.753 0.197 0.036 0.058
0 0.732 1.000 0.032 0.052
0 0.459 0.890 0.041 0.065
0 0.261 0.913 0.048 0.077
0 0.858 0.457 0.034 0.055
0 0.698 0.152 0.043 0.068
0 0.011 0.888 0.042 0.067
0 0.838 0.168 0.035 0.057
0 0.009 0.437 0.035 0.057
