0 0.559 0.893 0.048 0.077
0 0.432 0.047 0.040 0.063
0 0.124 0.015 0.048 0.077
0 0.370 0.392 0.046 0.073
0 0.639 0.493 0.042 0.067
0 0.192 0.938 0.046 0.073
0 0.258 0.895 0.044 0.070
0 0.052 0.170 0.037 0.060
0 0.704 0.092 0.048 0.077
0 0.822 0.168 0.048 0.077
0 0.566 0.870 0.041 0.065
0 0.032 0.210 0.048 0.077
0 0.143 0.620 0.041 0.065
0 0.702 0.168 0.041 0.065
0 0.464 0.618 0.048 0.077
0 0.961 0.537 0.042 0.067
0 0.911 0.108 0.042 0.067
0 0.873 0.320 0.042 0.067
0 0.465 0.443 0.042 0.067
0 0.395 0.882 0.048 0.077
0 0.753 0.865 0.042 0.067
0 0.457 0.895 0.041 0.065
0 0.097 0.320 0.048 0.077
0 0.431 0.518 0.048 0.077
0 0.641 0.272 0.042 0.067
0 0.863 0.463 0.042 0.067
0 0.607 0.530 0.041 0.065
0 0.725 0.907 0.037 0.060
0 0.128 0.035 0.048 0.077
0 0.319 0.123 0.040 0.063
0 0.801 0.912 0.035 0.057
0 0.980 0.443 0.041 0.065
0 0.761 0.197 0.036 0.058
0 0.096 0.000 0.035 0.057
0 0.007 0.438 0.041 0.065
0 0.585 0.480 0.042 0.067
0 0.734 0.983 0.040 0.063
