0 0.371 0.392 0.044 0.070
0 0.642 0.267 0.042 0.067
0 0.979 0.440 0.042 0.067
0 0.028 0.205 0.044 0.070
0 0.823 0.165 0.048 0.077
0 0.194 0.932 0.044 0.070
0 0.642 0.497 0.041 0.065
0 0.122 0.020 0.048 0.077
0 0.456 0.898 0.044 0.070
0 0.553 0.897 0.044 0.070
0 0.053 0.173 0.037 0.060
0 0.254 0.893 0.045 0.072
0 0.144 0.623 0.041 0.065
0 0.873 0.320 0.043 0.068
0 0.564 0.883 0.048 0.077
0 0.460 0.620 0.043 0.068
0 0.766 0.200 0.041 0.065
0 0.703 0.093 0.046 0.073
0 0.958 0.530 0.042 0.067
0 0.707 0.172 0.035 0.057
0 0.800 0.923 0.040 0.063
0 0.429 0.522 0.048 0.077
0 0.399 0.877 0.040 0.063
0 0.755 0.873 0.045 0.072
0 0.319 0.120 0.040 0.063
0 0.428 0.060 0.048 0.077
0 0.610 0.533 0.037 0.060
0 0.906 0.100 0.037 0.060
0 0.102 0.312 0.036 0.058
0 0.460 0.447 0.048 0.077
0 0.864 0.468 0.037 0.060
0 0.727 0.897 0.034 0.055
0 0.440 0.048 0.042 0.067
0 0.882 0.017 0.041 0.065
0 0.736 0.983 0.044 0.070
0 0.192 0.952 0.032 0.052
0 0.960 0.550 0.040 0.063
