0 0.136 0.617 0.043 0.068
0 0.561 0.883 0.048 0.077
0 0.384 0.870 0.041 0.065
0 0.263 0.912 0.048 0.077
0 0.439 0.040 0.037 0.060
0 0.830 0.173 0.048 0.077
0 0.647 0.278 0.042 0.067
0 0.869 0.313 0.041 0.065
0 0.744 0.858 0.043 0.068
0 0.467 0.608 0.042 0.067
0 0.195 0.942 0.048 0.077
0 0.374 0.382 0.045 0.072
0 0.316 0.133 0.041 0.065
0 0.963 0.545 0.044 0.070
0 0.984 0.447 0.042 0.067
0 0.124 0.022 0.048 0.077
0 0.917 0.125 0.040 0.063
0 0.803 0.903 0.041 0.065
0 0.863 0.457 0.040 0.063
0 0.457 0.893 0.042 0.067
0 0.460 0.450 0.043 0.068
0 0.037 0.212 0.048 0.077
0 0.703 0.100 0.047 0.075
0 0.046 0.168 0.041 0.065
0 0.602 0.520 0.035 0.057
0 0.637 0.485 0.045 0.072
0 0.725 0.917 0.048 0.077
0 0.753 0.195 0.036 0.058
0 0.435 0.503 0.048 0.077
0 0.090 0.295 0.048 0.077
0 0.697 0.152 0.040 0.063
0 0.731 0.992 0.042 0.067
0 0.009 0.438 0.036 0.058
