0 0.560 0.892 0.048 0.077
0 0.869 0.320 0.044 0.070
0 0.138 0.618 0.044 0.070
0 0.461 0.613 0.041 0.065
0 0.370 0.385 0.048 0.077
0 0.644 0.275 0.041 0.065
0 0.037 0.203 0.048 0.077
0 0.823 0.175 0.048 0.077
0 0.705 0.102 0.047 0.075
0 0.125 0.030 0.042 0.067
0 0.564 0.872 0.042 0.067
0 0.196 0.938 0.045 0.072
0 0.457 0.893 0.041 0.065
0 0.049 0.168 0.041 0.065
0 0.318 0.130 0.041 0.065
0 0.258 0.902 0.045 0.072
0 0.391 0.873 0.037 0.060
0 0.438 0.043 0.044 0.070
0 0.982 0.445 0.043 0.068
0 0.916 0.118 0.042 0.067
0 0.637 0.490 0.044 0.070
0 0.701 0.160 0.037 0.060
0 0.864 0.460 0.036 0.058
0 0.749 0.860 0.042 0.067
0 0.964 0.537 0.041 0.065
0 0.463 0.447 0.042 0.067
0 0.757 0.192 0.041 0.065
0 0.092 0.308 0.040 0.063
0 0.438 0.518 0.036 0.058
0 0.604 0.517 0.048 0.077
0 0.803 0.912 0.042 0.067
0 0.723 0.913 0.040 0.063
0 0.014 0.893 0.048 0.077
0 0.734 0.987 0.046 0.073
0 0.952 0.548 0.042 0.067
