0 0.704 0.095 0.048 0.077
0 0.196 0.938 0.047 0.075
0 0.744 0.862 0.045 0.072
0 0.961 0.543 0.042 0.067
0 0.374 0.380 0.048 0.077
0 0.460 0.890 0.043 0.068
0 0.459 0.447 0.042 0.067
0 0.135 0.617 0.044 0.070
0 0.315 0.133 0.042 0.067
0 0.752 0.197 0.036 0.058
0 0.558 0.880 0.047 0.075
0 0.259 0.910 0.042 0.067
0 0.126 0.022 0.048 0.077
0 0.383 0.870 0.041 0.065
0 0.802 0.902 0.037 0.060
0 0.435 0.515 0.048 0.077
0 0.046 0.170 0.042 0.067
0 0.826 0.178 0.048 0.077
0 0.867 0.315 0.043 0.068
0 0.647 0.277 0.041 0.065
0 0.468 0.612 0.043 0.068
0 0.036 0.210 0.048 0.077
0 0.639 0.482 0.043 0.068
0 0.917 0.128 0.040 0.063
0 0.861 0.455 0.037 0.060
0 0.439 0.040 0.036 0.058
0 0.087 0.298 0.035 0.057
0 0.984 0.447 0.042 0.067
0 0.604 0.518 0.042 0.067
0 0.718 0.910 0.048 0.077
0 0.701 0.152 0.036 0.058
0 0.732 1.000 0.032 0.052
0 0.836 0.165 0.035 0.057
0 0.570 0.890 0.032 0.052
