0 0.256 0.892 0.048 0.077
0 0.703 0.092 0.048 0.077
0 0.824 0.167 0.048 0.077
0 0.127 0.023 0.048 0.077
0 0.641 0.268 0.042 0.067
0 0.372 0.393 0.047 0.075
0 0.194 0.932 0.044 0.070
0 0.030 0.202 0.048 0.077
0 0.642 0.497 0.044 0.070
0 0.568 0.872 0.040 0.063
0 0.555 0.895 0.048 0.077
0 0.872 0.320 0.043 0.068
0 0.465 0.618 0.048 0.077
0 0.428 0.522 0.048 0.077
0 0.755 0.870 0.042 0.067
0 0.401 0.872 0.048 0.077
0 0.959 0.537 0.044 0.070
0 0.144 0.622 0.041 0.065
0 0.460 0.895 0.048 0.077
0 0.047 0.170 0.048 0.077
0 0.864 0.468 0.041 0.065
0 0.319 0.122 0.037 0.060
0 0.102 0.313 0.048 0.077
0 0.983 0.438 0.048 0.077
0 0.465 0.440 0.041 0.065
0 0.908 0.103 0.042 0.067
0 0.429 0.052 0.036 0.058
0 0.768 0.202 0.048 0.077
0 0.609 0.533 0.041 0.065
0 0.802 0.922 0.041 0.065
0 0.727 0.902 0.032 0.052
0 0.706 0.172 0.035 0.057
0 0.738 0.990 0.036 0.058
0 0.881 0.020 0.044 0.070
0 0.757 0.187 0.040 0.063
0 0.189 0.000 0.032 0.052
