0 0.194 0.933 0.048 0.077
0 0.403 0.875 0.042 0.067
0 0.372 0.395 0.045 0.072
0 0.249 0.890 0.044 0.070
0 0.874 0.313 0.042 0.067
0 0.052 0.180 0.036 0.058
0 0.464 0.627 0.044 0.070
0 0.565 0.880 0.042 0.067
0 0.427 0.058 0.037 0.060
0 0.804 0.932 0.040 0.063
0 0.646 0.500 0.042 0.067
0 0.957 0.532 0.046 0.073
0 0.144 0.630 0.041 0.065
0 0.826 0.155 0.041 0.065
0 0.710 0.178 0.040 0.063
0 0.982 0.440 0.044 0.070
0 0.457 0.902 0.041 0.065
0 0.767 0.208 0.036 0.058
0 0.026 0.208 0.042 0.067
0 0.643 0.262 0.041 0.065
0 0.126 0.023 0.048 0.077
0 0.551 0.890 0.042 0.067
0 0.754 0.878 0.041 0.065
0 0.726 0.888 0.035 0.057
0 0.702 0.093 0.045 0.072
0 0.860 0.468 0.035 0.057
0 0.463 0.437 0.042 0.067
0 0.901 0.095 0.037 0.060
0 0.317 0.115 0.037 0.060
0 0.617 0.532 0.044 0.070
0 0.424 0.530 0.037 0.060
0 0.103 0.315 0.044 0.070
0 0.008 0.448 0.040 0.063
0 0.885 0.017 0.037 0.060
