0 0.463 0.435 0.042 0.067
0 0.463 0.625 0.042 0.067
0 0.555 0.888 0.048 0.077
0 0.249 0.890 0.044 0.070
0 0.824 0.162 0.047 0.075
0 0.457 0.900 0.043 0.068
0 0.130 0.028 0.042 0.067
0 0.804 0.933 0.036 0.058
0 0.424 0.532 0.042 0.067
0 0.143 0.628 0.042 0.067
0 0.025 0.207 0.044 0.070
0 0.863 0.473 0.042 0.067
0 0.710 0.177 0.041 0.065
0 0.902 0.098 0.040 0.063
0 0.373 0.392 0.044 0.070
0 0.195 0.938 0.048 0.077
0 0.643 0.263 0.042 0.067
0 0.704 0.087 0.040 0.063
0 0.646 0.498 0.044 0.070
0 0.955 0.533 0.042 0.067
0 0.318 0.117 0.037 0.060
0 0.727 0.892 0.037 0.060
0 0.874 0.315 0.042 0.067
0 0.399 0.875 0.048 0.077
0 0.108 0.308 0.048 0.077
0 0.754 0.877 0.042 0.067
0 0.980 0.440 0.042 0.067
0 0.614 0.537 0.036 0.058
0 0.049 0.172 0.048 0.077
0 0.431 0.052 0.048 0.077
0 0.570 0.875 0.048 0.077
0 0.768 0.208 0.036 0.058
