0 0.192 0.935 0.048 0.077
0 0.752 0.883 0.041 0.065
0 0.567 0.885 0.042 0.067
0 0.458 0.903 0.042 0.067
0 0.463 0.628 0.044 0.070
0 0.143 0.632 0.042 0.067
0 0.873 0.313 0.042 0.067
0 0.374 0.395 0.044 0.070
0 0.110 0.310 0.035 0.057
0 0.317 0.115 0.040 0.063
0 0.126 0.022 0.048 0.077
0 0.430 0.055 0.048 0.077
0 0.702 0.093 0.045 0.072
0 0.982 0.438 0.042 0.067
0 0.828 0.160 0.047 0.075
0 0.421 0.528 0.040 0.063
0 0.249 0.892 0.048 0.077
0 0.025 0.207 0.044 0.070
0 0.898 0.093 0.042 0.067
0 0.646 0.502 0.044 0.070
0 0.402 0.868 0.048 0.077
0 0.807 0.938 0.040 0.063
0 0.048 0.178 0.036 0.058
0 0.552 0.890 0.042 0.067
0 0.859 0.475 0.041 0.065
0 0.460 0.435 0.041 0.065
0 0.954 0.533 0.042 0.067
0 0.725 0.885 0.037 0.060
0 0.710 0.175 0.033 0.053
0 0.648 0.260 0.048 0.077
0 0.614 0.537 0.044 0.070
0 0.770 0.212 0.037 0.060
0 0.175 0.275 0.047 0.075
0 0.000 0.723 0.044 0.070
