0 0.871 0.318 0.042 0.067
0 0.193 0.938 0.048 0.077
0 0.371 0.388 0.046 0.073
0 0.560 0.893 0.047 0.075
0 0.565 0.872 0.042 0.067
0 0.824 0.177 0.048 0.077
0 0.047 0.168 0.048 0.077
0 0.865 0.463 0.042 0.067
0 0.963 0.533 0.042 0.067
0 0.126 0.030 0.042 0.067
0 0.466 0.440 0.048 0.077
0 0.704 0.100 0.048 0.077
0 0.257 0.900 0.044 0.070
0 0.642 0.272 0.041 0.065
0 0.753 0.862 0.042 0.067
0 0.639 0.493 0.042 0.067
0 0.912 0.110 0.040 0.063
0 0.436 0.523 0.037 0.060
0 0.398 0.873 0.048 0.077
0 0.466 0.617 0.048 0.077
0 0.031 0.203 0.043 0.068
0 0.457 0.895 0.041 0.065
0 0.607 0.530 0.036 0.058
0 0.725 0.907 0.042 0.067
0 0.142 0.618 0.042 0.067
0 0.701 0.162 0.042 0.067
0 0.092 0.318 0.047 0.075
0 0.799 0.912 0.047 0.075
0 0.438 0.040 0.048 0.077
0 0.982 0.445 0.044 0.070
0 0.315 0.130 0.048 0.077
0 0.108 1.000 0.048 0.077
0 0.765 0.197 0.048 0.077
0 0.735 0.987 0.046 0.073
0 0.006 0.437 0.040 0.063
0 0.359 1.000 0.030 0.048
