0 0.559 0.893 0.048 0.077
0 0.465 0.442 0.042 0.067
0 0.395 0.877 0.040 0.063
0 0.458 0.895 0.042 0.067
0 0.823 0.172 0.048 0.077
0 0.642 0.270 0.041 0.065
0 0.371 0.388 0.045 0.072
0 0.194 0.933 0.044 0.070
0 0.257 0.893 0.043 0.068
0 0.048 0.175 0.048 0.077
0 0.459 0.617 0.043 0.068
0 0.128 0.027 0.048 0.077
0 0.961 0.533 0.044 0.070
0 0.865 0.467 0.042 0.067
0 0.641 0.497 0.042 0.067
0 0.143 0.617 0.048 0.077
0 0.910 0.108 0.041 0.065
0 0.706 0.095 0.048 0.077
0 0.758 0.192 0.046 0.073
0 0.029 0.203 0.045 0.072
0 0.980 0.445 0.040 0.063
0 0.098 0.312 0.035 0.057
0 0.703 0.167 0.037 0.060
0 0.869 0.315 0.035 0.057
0 0.750 0.863 0.048 0.077
0 0.802 0.922 0.037 0.060
0 0.318 0.125 0.037 0.060
0 0.432 0.048 0.037 0.060
0 0.565 0.873 0.036 0.058
0 0.429 0.522 0.048 0.077
0 0.727 0.898 0.048 0.077
0 0.604 0.517 0.042 0.067
0 0.880 0.023 0.048 0.077
0 0.255 0.915 0.048 0.077
0 0.183 0.253 0.036 0.058
0 0.736 0.992 0.036 0.058
0 0.613 0.533 0.035 0.057
0 0.497 0.608 0.042 0.067
0 0.011 0.893 0.037 0.060
