1 0.101 0.518 0.048 0.077 1
2 0.025 0.790 0.048 0.077 2
3 0.865 0.287 0.035 0.057 3
4 0.770 0.918 0.035 0.057 4
5 0.062 0.263 0.042 0.067 5
6 0.029 0.370 0.042 0.067 6
7 0.700 0.555 0.036 0.058 7
9 0.664 0.570 0.042 0.067 9
10 0.073 0.835 0.044 0.070 10
11 0.805 0.155 0.044 0.070 11
12 0.613 0.577 0.037 0.060 12
13 0.076 0.640 0.035 0.057 13
14 0.121 0.437 0.037 0.060 14
15 0.647 1.000 0.041 0.065 15
16 0.026 0.428 0.037 0.060 16
17 0.094 0.445 0.041 0.065 17
18 0.640 0.525 0.048 0.077 18
19 0.060 0.528 0.046 0.073 19
21 0.166 0.045 0.037 0.060 21
22 0.829 0.762 0.041 0.065 22
23 0.594 0.015 0.041 0.065 23
24 0.999 0.202 0.042 0.067 24
25 0.543 0.252 0.034 0.055 25
26 0.406 0.387 0.037 0.060 26
27 0.412 0.132 0.041 0.065 27
28 0.859 0.888 0.042 0.067 28
29 0.209 0.505 0.048 0.077 29
30 0.511 0.813 0.037 0.060 30
31 0.086 0.587 0.048 0.077 31
32 0.729 0.233 0.034 0.055 32
33 0.000 0.643 0.041 0.065 33
