1 0.105 0.515 0.048 0.077 1
2 0.024 0.787 0.044 0.070 2
3 0.858 0.297 0.037 0.060 3
4 0.761 0.903 0.035 0.057 4
5 0.061 0.270 0.040 0.063 5
6 0.034 0.377 0.040 0.063 6
7 0.695 0.555 0.041 0.065 7
9 0.661 0.563 0.042 0.067 9
10 0.065 0.827 0.035 0.057 10
11 0.804 0.153 0.042 0.067 11
12 0.621 0.578 0.036 0.058 12
13 0.077 0.637 0.035 0.057 13
14 0.122 0.423 0.037 0.060 14
15 0.651 0.998 0.044 0.070 15
16 0.022 0.422 0.040 0.063 16
17 0.097 0.450 0.037 0.060 17
18 0.641 0.520 0.042 0.067 18
19 0.067 0.527 0.035 0.057 19
21 0.164 0.052 0.041 0.065 21
22 0.830 0.763 0.042 0.067 22
23 0.596 0.025 0.040 0.063 23
24 1.000 0.183 0.033 0.053 24
25 0.536 0.247 0.040 0.063 25
26 0.412 0.372 0.042 0.067 26
27 0.403 0.118 0.041 0.065 27
28 0.854 0.880 0.043 0.068 28
29 0.209 0.520 0.042 0.067 29
30 0.511 0.828 0.035 0.057 30
31 0.083 0.587 0.035 0.057 31
32 0.728 0.210 0.040 0.063 32
33 0.000 0.663 0.041 0.065 33
