1 0.097 0.525 0.048 0.077 1
2 0.027 0.800 0.045 0.072 2
3 0.877 0.280 0.037 0.060 3
4 0.773 0.928 0.037 0.060 4
5 0.066 0.262 0.042 0.067 5
6 0.024 0.375 0.044 0.070 6
7 0.703 0.555 0.041 0.065 7
9 0.664 0.570 0.041 0.065 9
10 0.077 0.835 0.032 0.052 10
11 0.806 0.163 0.045 0.072 11
12 0.605 0.573 0.037 0.060 12
13 0.079 0.637 0.044 0.070 13
14 0.122 0.448 0.037 0.060 14
15 0.647 1.000 0.033 0.053 15
16 0.030 0.420 0.044 0.070 16
17 0.090 0.443 0.037 0.060 17
18 0.636 0.527 0.048 0.077 18
19 0.055 0.532 0.048 0.077 19
21 0.165 0.037 0.041 0.065 21
22 0.830 0.763 0.036 0.058 22
23 0.590 0.012 0.041 0.065 23
24 1.000 0.210 0.036 0.058 24
25 0.546 0.257 0.037 0.060 25
26 0.396 0.393 0.043 0.068 26
27 0.417 0.147 0.032 0.052 27
28 0.861 0.892 0.043 0.068 28
29 0.208 0.503 0.048 0.077 29
30 0.508 0.803 0.042 0.067 30
31 0.085 0.597 0.047 0.075 31
32 0.728 0.240 0.036 0.058 32
33 0.007 0.637 0.035 0.057 33
