1 0.104 0.517 0.048 0.077 1
2 0.028 0.787 0.048 0.077 2
3 0.857 0.300 0.040 0.063 3
4 0.761 0.907 0.035 0.057 4
5 0.059 0.268 0.042 0.067 5
6 0.033 0.375 0.042 0.067 6
7 0.695 0.553 0.042 0.067 7
9 0.662 0.565 0.044 0.070 9
10 0.059 0.828 0.035 0.057 10
11 0.808 0.152 0.044 0.070 11
12 0.617 0.588 0.048 0.077 12
13 0.083 0.637 0.048 0.077 13
14 0.122 0.422 0.036 0.058 14
15 0.651 0.998 0.042 0.067 15
16 0.022 0.423 0.036 0.058 16
17 0.100 0.450 0.036 0.058 17
18 0.641 0.525 0.046 0.073 18
19 0.068 0.523 0.045 0.072 19
21 0.161 0.052 0.037 0.060 21
22 0.830 0.763 0.042 0.067 22
23 0.595 0.025 0.042 0.067 23
24 0.999 0.183 0.033 0.053 24
25 0.537 0.247 0.041 0.065 25
26 0.412 0.370 0.040 0.063 26
27 0.402 0.115 0.035 0.057 27
28 0.856 0.877 0.043 0.068 28
29 0.210 0.517 0.040 0.063 29
30 0.511 0.832 0.041 0.065 30
31 0.083 0.587 0.035 0.057 31
32 0.727 0.207 0.036 0.058 32
33 0.000 0.668 0.037 0.060 33
