1 0.100 0.522 0.048 0.077 1
2 0.022 0.793 0.048 0.077 2
3 0.866 0.285 0.035 0.057 3
4 0.769 0.917 0.033 0.053 4
5 0.065 0.263 0.042 0.067 5
6 0.026 0.372 0.042 0.067 6
7 0.701 0.558 0.041 0.065 7
9 0.662 0.567 0.042 0.067 9
10 0.073 0.828 0.035 0.057 10
11 0.805 0.158 0.041 0.065 11
12 0.614 0.573 0.041 0.065 12
13 0.077 0.640 0.032 0.052 13
14 0.120 0.442 0.042 0.067 14
15 0.646 1.000 0.041 0.065 15
16 0.028 0.428 0.037 0.060 16
17 0.094 0.440 0.042 0.067 17
18 0.637 0.523 0.045 0.072 18
19 0.059 0.518 0.044 0.070 19
21 0.166 0.043 0.040 0.063 21
22 0.830 0.763 0.036 0.058 22
23 0.595 0.010 0.044 0.070 23
24 1.000 0.205 0.041 0.065 24
25 0.542 0.257 0.040 0.063 25
26 0.403 0.392 0.041 0.065 26
27 0.416 0.135 0.040 0.063 27
28 0.857 0.890 0.044 0.070 28
29 0.209 0.508 0.041 0.065 29
30 0.511 0.813 0.040 0.063 30
31 0.084 0.595 0.045 0.072 31
32 0.730 0.230 0.040 0.063 32
33 0.000 0.637 0.037 0.060 33
