1 0.100 0.517 0.048 0.077 1
2 0.023 0.790 0.046 0.073 2
3 0.865 0.293 0.042 0.067 3
4 0.768 0.915 0.037 0.060 4
5 0.062 0.263 0.042 0.067 5
6 0.029 0.370 0.037 0.060 6
7 0.699 0.557 0.041 0.065 7
9 0.665 0.567 0.042 0.067 9
10 0.070 0.825 0.037 0.060 10
11 0.805 0.157 0.041 0.065 11
12 0.615 0.577 0.040 0.063 12
13 0.075 0.638 0.037 0.060 13
14 0.123 0.430 0.044 0.070 14
15 0.648 0.998 0.042 0.067 15
16 0.025 0.428 0.042 0.067 16
17 0.096 0.440 0.042 0.067 17
18 0.641 0.527 0.048 0.077 18
19 0.064 0.528 0.048 0.077 19
21 0.168 0.047 0.041 0.065 21
22 0.830 0.763 0.042 0.067 22
23 0.591 0.018 0.048 0.077 23
24 1.000 0.195 0.037 0.060 24
25 0.540 0.253 0.041 0.065 25
26 0.410 0.392 0.048 0.077 26
27 0.411 0.130 0.041 0.065 27
28 0.856 0.887 0.046 0.073 28
29 0.210 0.508 0.048 0.077 29
30 0.512 0.817 0.040 0.063 30
31 0.081 0.583 0.045 0.072 31
32 0.728 0.222 0.036 0.058 32
33 0.000 0.648 0.035 0.057 33
