1 0.729 0.825 0.040 0.063 1
2 0.766 0.527 0.048 0.077 2
3 0.932 0.180 0.046 0.073 3
4 0.352 0.515 0.044 0.070 4
5 0.192 0.738 0.046 0.073 5
6 0.736 0.062 0.048 0.077 6
7 0.261 0.515 0.043 0.068 7
8 0.350 0.213 0.035 0.057 8
9 0.005 0.737 0.048 0.077 9
10 0.376 0.348 0.046 0.073 10
11 0.268 0.073 0.035 0.057 11
12 0.695 0.210 0.046 0.073 12
13 0.542 0.697 0.046 0.073 13
14 0.280 0.648 0.041 0.065 14
15 0.875 0.835 0.044 0.070 15
16 0.270 0.720 0.037 0.060 16
17 0.736 0.937 0.042 0.067 17
18 0.923 0.598 0.042 0.067 18
19 0.558 0.878 0.042 0.067 19
20 0.466 0.573 0.040 0.063 20
21 0.858 0.658 0.040 0.063 21
22 0.127 0.802 0.042 0.067 22
23 0.698 0.675 0.040 0.063 23
24 0.642 0.303 0.036 0.058 24
25 0.939 0.415 0.037 0.060 25
26 0.115 0.228 0.037 0.060 26
27 0.579 0.032 0.043 0.068 27
28 0.467 0.602 0.040 0.063 28
29 0.607 0.302 0.037 0.060 29
30 0.656 0.733 0.046 0.073 30
31 0.799 0.272 0.042 0.067 31
32 0.366 0.290 0.036 0.058 32
33 0.251 0.682 0.047 0.075 33
34 0.606 0.650 0.045 0.072 34
35 0.836 0.443 0.041 0.065 35
36 0.900 0.783 0.042 0.067 36
37 0.590 0.615 0.048 0.077 37
38 0.676 0.307 0.041 0.065 38
39 0.009 0.057 0.047 0.075 39
40 0.833 0.003 0.041 0.065 40
43 0.669 0.022 0.041 0.065 43
