1 0.724 0.820 0.036 0.058 1
2 0.772 0.522 0.045 0.072 2
3 0.929 0.195 0.044 0.070 3
4 0.350 0.522 0.043 0.068 4
5 0.191 0.732 0.045 0.072 5
6 0.736 0.060 0.042 0.067 6
7 0.274 0.522 0.042 0.067 7
8 0.344 0.222 0.034 0.055 8
9 0.000 0.737 0.047 0.075 9
10 0.373 0.337 0.048 0.077 10
11 0.270 0.097 0.036 0.058 11
12 0.689 0.212 0.048 0.077 12
13 0.537 0.690 0.037 0.060 13
14 0.280 0.647 0.048 0.077 14
15 0.876 0.832 0.043 0.068 15
16 0.274 0.713 0.044 0.070 16
17 0.743 0.938 0.044 0.070 17
18 0.925 0.595 0.041 0.065 18
19 0.549 0.887 0.042 0.067 19
20 0.463 0.563 0.040 0.063 20
21 0.857 0.663 0.045 0.072 21
22 0.134 0.808 0.044 0.070 22
23 0.697 0.675 0.043 0.068 23
24 0.635 0.318 0.041 0.065 24
25 0.951 0.423 0.035 0.057 25
26 0.117 0.227 0.041 0.065 26
27 0.580 0.028 0.042 0.067 27
28 0.458 0.610 0.043 0.068 28
29 0.610 0.302 0.047 0.075 29
30 0.650 0.725 0.034 0.055 30
31 0.796 0.268 0.044 0.070 31
32 0.377 0.295 0.040 0.063 32
33 0.255 0.687 0.047 0.075 33
34 0.607 0.653 0.042 0.067 34
35 0.831 0.445 0.042 0.067 35
36 0.903 0.782 0.042 0.067 36
37 0.588 0.613 0.048 0.077 37
38 0.678 0.317 0.041 0.065 38
39 0.010 0.088 0.043 0.068 39
40 0.830 0.000 0.036 0.058 40
43 0.678 0.000 0.047 0.075 43
