1 0.728 0.823 0.036 0.058 1
2 0.768 0.525 0.048 0.077 2
3 0.932 0.185 0.046 0.073 3
4 0.352 0.515 0.044 0.070 4
5 0.192 0.735 0.046 0.073 5
6 0.736 0.065 0.048 0.077 6
7 0.266 0.517 0.041 0.065 7
8 0.350 0.218 0.037 0.060 8
9 0.005 0.738 0.048 0.077 9
10 0.375 0.348 0.048 0.077 10
11 0.269 0.078 0.036 0.058 11
12 0.693 0.208 0.043 0.068 12
13 0.542 0.695 0.047 0.075 13
14 0.282 0.648 0.044 0.070 14
15 0.874 0.833 0.048 0.077 15
16 0.274 0.712 0.048 0.077 16
17 0.740 0.935 0.041 0.065 17
18 0.925 0.598 0.042 0.067 18
19 0.562 0.877 0.037 0.060 19
20 0.465 0.568 0.041 0.065 20
21 0.857 0.658 0.042 0.067 21
22 0.128 0.807 0.042 0.067 22
23 0.695 0.677 0.045 0.072 23
24 0.640 0.307 0.037 0.060 24
25 0.942 0.415 0.037 0.060 25
26 0.119 0.230 0.048 0.077 26
27 0.580 0.032 0.042 0.067 27
28 0.465 0.607 0.037 0.060 28
29 0.608 0.300 0.042 0.067 29
30 0.652 0.723 0.034 0.055 30
31 0.800 0.268 0.042 0.067 31
32 0.370 0.293 0.033 0.053 32
33 0.252 0.685 0.048 0.077 33
34 0.606 0.657 0.037 0.060 34
35 0.835 0.443 0.042 0.067 35
36 0.900 0.783 0.046 0.073 36
37 0.590 0.612 0.048 0.077 37
38 0.679 0.308 0.040 0.063 38
39 0.013 0.075 0.035 0.057 39
40 0.833 0.000 0.041 0.065 40
43 0.684 0.000 0.034 0.055 43
