1 0.726 0.822 0.041 0.065 1
2 0.771 0.525 0.048 0.077 2
3 0.931 0.192 0.048 0.077 3
4 0.351 0.517 0.045 0.072 4
5 0.190 0.732 0.042 0.067 5
6 0.735 0.067 0.048 0.077 6
7 0.269 0.520 0.042 0.067 7
8 0.348 0.217 0.036 0.058 8
9 0.000 0.737 0.048 0.077 9
10 0.376 0.345 0.043 0.068 10
11 0.269 0.082 0.035 0.057 11
12 0.694 0.208 0.046 0.073 12
13 0.543 0.692 0.046 0.073 13
14 0.277 0.645 0.041 0.065 14
15 0.875 0.838 0.042 0.067 15
16 0.273 0.712 0.046 0.073 16
17 0.738 0.938 0.044 0.070 17
18 0.924 0.597 0.042 0.067 18
19 0.555 0.880 0.040 0.063 19
20 0.464 0.567 0.037 0.060 20
21 0.858 0.658 0.043 0.068 21
22 0.134 0.810 0.047 0.075 22
23 0.696 0.675 0.044 0.070 23
24 0.639 0.315 0.037 0.060 24
25 0.945 0.417 0.036 0.058 25
26 0.114 0.232 0.037 0.060 26
27 0.581 0.028 0.044 0.070 27
28 0.463 0.610 0.037 0.060 28
29 0.607 0.302 0.044 0.070 29
30 0.652 0.727 0.036 0.058 30
31 0.799 0.268 0.043 0.068 31
32 0.371 0.292 0.036 0.058 32
33 0.255 0.683 0.048 0.077 33
34 0.605 0.658 0.037 0.060 34
35 0.833 0.445 0.044 0.070 35
36 0.902 0.782 0.043 0.068 36
37 0.591 0.612 0.048 0.077 37
38 0.679 0.312 0.041 0.065 38
39 0.013 0.073 0.042 0.067 39
40 0.828 0.000 0.035 0.057 40
43 0.691 0.000 0.043 0.068 43
