1 0.728 0.827 0.040 0.063 1
2 0.766 0.532 0.048 0.077 2
3 0.932 0.180 0.044 0.070 3
4 0.353 0.517 0.047 0.075 4
5 0.188 0.738 0.044 0.070 5
6 0.736 0.063 0.047 0.075 6
7 0.260 0.507 0.041 0.065 7
8 0.353 0.208 0.036 0.058 8
9 0.003 0.733 0.047 0.075 9
10 0.373 0.355 0.048 0.077 10
11 0.267 0.067 0.036 0.058 11
12 0.696 0.212 0.046 0.073 12
13 0.542 0.700 0.043 0.068 13
14 0.282 0.645 0.044 0.070 14
15 0.873 0.840 0.042 0.067 15
16 0.272 0.717 0.044 0.070 16
17 0.732 0.930 0.042 0.067 17
18 0.922 0.598 0.043 0.068 18
19 0.559 0.875 0.042 0.067 19
20 0.461 0.575 0.044 0.070 20
21 0.856 0.657 0.043 0.068 21
22 0.128 0.800 0.035 0.057 22
23 0.694 0.672 0.044 0.070 23
24 0.645 0.298 0.040 0.063 24
25 0.934 0.418 0.036 0.058 25
26 0.115 0.225 0.041 0.065 26
27 0.578 0.035 0.044 0.070 27
28 0.468 0.597 0.042 0.067 28
29 0.610 0.303 0.042 0.067 29
30 0.656 0.732 0.046 0.073 30
31 0.800 0.270 0.041 0.065 31
32 0.362 0.290 0.042 0.067 32
33 0.249 0.675 0.044 0.070 33
34 0.606 0.650 0.046 0.073 34
35 0.836 0.445 0.042 0.067 35
36 0.900 0.775 0.042 0.067 36
37 0.588 0.613 0.048 0.077 37
38 0.675 0.302 0.036 0.058 38
39 0.004 0.065 0.047 0.075 39
40 0.832 0.012 0.035 0.057 40
43 0.669 0.022 0.042 0.067 43
