1 0.723 0.818 0.037 0.060 1
2 0.768 0.513 0.048 0.077 2
3 0.930 0.203 0.048 0.077 3
4 0.351 0.520 0.044 0.070 4
5 0.190 0.732 0.046 0.073 5
6 0.735 0.068 0.048 0.077 6
7 0.279 0.520 0.041 0.065 7
8 0.342 0.223 0.034 0.055 8
9 0.000 0.733 0.046 0.073 9
10 0.373 0.338 0.048 0.077 10
11 0.269 0.102 0.035 0.057 11
12 0.689 0.210 0.045 0.072 12
13 0.537 0.690 0.048 0.077 13
14 0.280 0.640 0.044 0.070 14
15 0.878 0.833 0.044 0.070 15
16 0.273 0.712 0.045 0.072 16
17 0.747 0.945 0.041 0.065 17
18 0.926 0.593 0.043 0.068 18
19 0.547 0.880 0.040 0.063 19
20 0.458 0.565 0.035 0.057 20
21 0.856 0.663 0.043 0.068 21
22 0.136 0.807 0.042 0.067 22
23 0.699 0.673 0.042 0.067 23
24 0.631 0.320 0.040 0.063 24
25 0.955 0.423 0.037 0.060 25
26 0.116 0.232 0.035 0.057 26
27 0.579 0.027 0.042 0.067 27
28 0.455 0.610 0.036 0.058 28
29 0.605 0.303 0.042 0.067 29
30 0.648 0.725 0.032 0.052 30
31 0.795 0.265 0.041 0.065 31
32 0.381 0.302 0.040 0.063 32
33 0.257 0.690 0.048 0.077 33
34 0.608 0.655 0.042 0.067 34
35 0.832 0.450 0.040 0.063 35
36 0.906 0.780 0.042 0.067 36
37 0.585 0.610 0.042 0.067 37
38 0.679 0.318 0.037 0.060 38
39 0.010 0.093 0.042 0.067 39
40 0.827 0.000 0.040 0.063 40
43 0.671 0.000 0.047 0.075 43
