1 0.726 0.827 0.034 0.055 1
2 0.769 0.530 0.046 0.073 2
3 0.932 0.182 0.047 0.075 3
4 0.353 0.517 0.045 0.072 4
5 0.190 0.738 0.046 0.073 5
6 0.736 0.065 0.048 0.077 6
7 0.264 0.513 0.041 0.065 7
8 0.350 0.212 0.040 0.063 8
9 0.004 0.738 0.046 0.073 9
10 0.376 0.350 0.044 0.070 10
11 0.266 0.077 0.042 0.067 11
12 0.694 0.208 0.044 0.070 12
13 0.539 0.695 0.042 0.067 13
14 0.283 0.645 0.043 0.068 14
15 0.874 0.838 0.043 0.068 15
16 0.272 0.718 0.042 0.067 16
17 0.736 0.935 0.044 0.070 17
18 0.924 0.598 0.042 0.067 18
19 0.560 0.878 0.042 0.067 19
20 0.460 0.575 0.048 0.077 20
21 0.856 0.658 0.043 0.068 21
22 0.127 0.803 0.041 0.065 22
23 0.695 0.673 0.044 0.070 23
24 0.641 0.303 0.040 0.063 24
25 0.941 0.422 0.035 0.057 25
26 0.115 0.230 0.042 0.067 26
27 0.579 0.032 0.044 0.070 27
28 0.466 0.602 0.037 0.060 28
29 0.609 0.305 0.042 0.067 29
30 0.656 0.735 0.048 0.077 30
31 0.799 0.270 0.042 0.067 31
32 0.365 0.288 0.035 0.057 32
33 0.250 0.683 0.048 0.077 33
34 0.606 0.657 0.037 0.060 34
35 0.835 0.445 0.043 0.068 35
36 0.902 0.778 0.041 0.065 36
37 0.590 0.610 0.048 0.077 37
38 0.676 0.307 0.037 0.060 38
39 0.014 0.053 0.037 0.060 39
40 0.833 0.003 0.041 0.065 40
43 0.669 0.022 0.041 0.065 43
