1 0.728 0.827 0.040 0.063 1
2 0.766 0.532 0.048 0.077 2
3 0.932 0.180 0.044 0.070 3
4 0.353 0.517 0.044 0.070 4
5 0.190 0.742 0.047 0.075 5
6 0.741 0.063 0.042 0.067 6
7 0.263 0.512 0.041 0.065 7
8 0.351 0.213 0.037 0.060 8
9 0.005 0.737 0.048 0.077 9
10 0.377 0.352 0.042 0.067 10
11 0.268 0.072 0.037 0.060 11
12 0.695 0.210 0.046 0.073 12
13 0.541 0.697 0.046 0.073 13
14 0.283 0.645 0.044 0.070 14
15 0.872 0.838 0.045 0.072 15
16 0.272 0.715 0.044 0.070 16
17 0.736 0.933 0.043 0.068 17
18 0.922 0.598 0.042 0.067 18
19 0.560 0.877 0.042 0.067 19
20 0.466 0.572 0.041 0.065 20
21 0.857 0.655 0.042 0.067 21
22 0.128 0.803 0.036 0.058 22
23 0.694 0.673 0.044 0.070 23
24 0.643 0.300 0.037 0.060 24
25 0.938 0.418 0.035 0.057 25
26 0.114 0.227 0.041 0.065 26
27 0.578 0.033 0.042 0.067 27
28 0.468 0.598 0.035 0.057 28
29 0.609 0.303 0.044 0.070 29
30 0.653 0.727 0.037 0.060 30
31 0.800 0.273 0.043 0.068 31
32 0.364 0.288 0.035 0.057 32
33 0.250 0.682 0.048 0.077 33
34 0.609 0.653 0.045 0.072 34
35 0.835 0.445 0.042 0.067 35
36 0.900 0.778 0.042 0.067 36
37 0.588 0.612 0.048 0.077 37
38 0.676 0.303 0.037 0.060 38
39 0.015 0.053 0.041 0.065 39
40 0.835 0.000 0.044 0.070 40
43 0.670 0.023 0.042 0.067 43
