1 0.727 0.822 0.040 0.063 1
2 0.768 0.523 0.048 0.077 2
3 0.931 0.190 0.048 0.077 3
4 0.351 0.520 0.042 0.067 4
5 0.191 0.737 0.046 0.073 5
6 0.736 0.067 0.048 0.077 6
7 0.267 0.517 0.037 0.060 7
8 0.348 0.218 0.037 0.060 8
9 0.006 0.738 0.042 0.067 9
10 0.376 0.338 0.048 0.077 10
11 0.269 0.085 0.040 0.063 11
12 0.692 0.208 0.042 0.067 12
13 0.541 0.692 0.048 0.077 13
14 0.281 0.645 0.042 0.067 14
15 0.875 0.833 0.043 0.068 15
16 0.273 0.712 0.048 0.077 16
17 0.742 0.935 0.041 0.065 17
18 0.924 0.597 0.041 0.065 18
19 0.558 0.877 0.034 0.055 19
20 0.459 0.562 0.048 0.077 20
21 0.858 0.658 0.043 0.068 21
22 0.132 0.800 0.048 0.077 22
23 0.697 0.675 0.043 0.068 23
24 0.636 0.313 0.042 0.067 24
25 0.944 0.418 0.042 0.067 25
26 0.114 0.235 0.042 0.067 26
27 0.577 0.032 0.048 0.077 27
28 0.463 0.608 0.037 0.060 28
29 0.609 0.302 0.045 0.072 29
30 0.652 0.725 0.034 0.055 30
31 0.799 0.268 0.042 0.067 31
32 0.373 0.297 0.036 0.058 32
33 0.253 0.683 0.046 0.073 33
34 0.607 0.653 0.042 0.067 34
35 0.835 0.445 0.043 0.068 35
36 0.901 0.783 0.044 0.070 36
37 0.589 0.610 0.047 0.075 37
38 0.678 0.312 0.040 0.063 38
39 0.011 0.080 0.041 0.065 39
40 0.832 0.000 0.037 0.060 40
43 0.684 0.003 0.032 0.052 43
