1 0.722 0.823 0.035 0.057 1
2 0.765 0.510 0.048 0.077 2
3 0.929 0.210 0.048 0.077 3
4 0.352 0.523 0.046 0.073 4
5 0.190 0.732 0.046 0.073 5
6 0.734 0.070 0.048 0.077 6
7 0.284 0.513 0.040 0.063 7
8 0.339 0.225 0.035 0.057 8
9 0.000 0.732 0.042 0.067 9
10 0.368 0.338 0.047 0.075 10
11 0.267 0.115 0.036 0.058 11
12 0.689 0.213 0.046 0.073 12
13 0.537 0.688 0.047 0.075 13
14 0.275 0.642 0.042 0.067 14
15 0.880 0.840 0.040 0.063 15
16 0.275 0.712 0.043 0.068 16
17 0.751 0.955 0.041 0.065 17
18 0.923 0.592 0.041 0.065 18
19 0.540 0.883 0.042 0.067 19
20 0.456 0.562 0.041 0.065 20
21 0.856 0.665 0.042 0.067 21
22 0.136 0.805 0.044 0.070 22
23 0.698 0.672 0.040 0.063 23
24 0.627 0.322 0.036 0.058 24
25 0.960 0.423 0.037 0.060 25
26 0.118 0.225 0.048 0.077 26
27 0.577 0.025 0.042 0.067 27
28 0.449 0.613 0.041 0.065 28
29 0.607 0.302 0.042 0.067 29
30 0.654 0.732 0.046 0.073 30
31 0.794 0.267 0.042 0.067 31
32 0.383 0.310 0.036 0.058 32
33 0.258 0.695 0.048 0.077 33
34 0.606 0.657 0.037 0.060 34
35 0.831 0.453 0.044 0.070 35
36 0.908 0.780 0.044 0.070 36
37 0.584 0.612 0.043 0.068 37
38 0.677 0.320 0.041 0.065 38
39 0.003 0.090 0.048 0.077 39
40 0.825 0.000 0.042 0.067 40
43 0.679 0.000 0.048 0.077 43
