1 0.723 0.818 0.040 0.063 1
2 0.767 0.513 0.048 0.077 2
3 0.930 0.207 0.048 0.077 3
4 0.353 0.522 0.042 0.067 4
5 0.189 0.732 0.046 0.073 5
6 0.735 0.068 0.048 0.077 6
7 0.280 0.517 0.040 0.063 7
8 0.342 0.227 0.035 0.057 8
9 0.000 0.743 0.039 0.062 9
10 0.373 0.340 0.048 0.077 10
11 0.269 0.105 0.035 0.057 11
12 0.690 0.212 0.046 0.073 12
13 0.537 0.690 0.044 0.070 13
14 0.277 0.642 0.043 0.068 14
15 0.880 0.835 0.046 0.073 15
16 0.273 0.712 0.048 0.077 16
17 0.743 0.970 0.042 0.067 17
18 0.923 0.593 0.037 0.060 18
19 0.547 0.875 0.035 0.057 19
20 0.460 0.562 0.040 0.063 20
21 0.855 0.665 0.045 0.072 21
22 0.138 0.798 0.035 0.057 22
23 0.698 0.675 0.044 0.070 23
24 0.630 0.320 0.036 0.058 24
25 0.955 0.423 0.041 0.065 25
26 0.117 0.232 0.037 0.060 26
27 0.578 0.025 0.044 0.070 27
28 0.455 0.612 0.040 0.063 28
29 0.605 0.302 0.042 0.067 29
30 0.655 0.732 0.045 0.072 30
31 0.796 0.267 0.042 0.067 31
32 0.381 0.305 0.037 0.060 32
33 0.256 0.687 0.048 0.077 33
34 0.607 0.655 0.041 0.065 34
35 0.833 0.450 0.042 0.067 35
36 0.905 0.777 0.040 0.063 36
37 0.583 0.612 0.037 0.060 37
38 0.676 0.320 0.042 0.067 38
39 0.006 0.088 0.048 0.077 39
40 0.827 0.000 0.040 0.063 40
43 0.678 0.000 0.045 0.072 43
