1 0.728 0.823 0.037 0.060 1
2 0.768 0.527 0.048 0.077 2
3 0.930 0.185 0.045 0.072 3
4 0.350 0.513 0.048 0.077 4
5 0.190 0.733 0.041 0.065 5
6 0.735 0.063 0.047 0.075 6
7 0.265 0.513 0.037 0.060 7
8 0.349 0.215 0.036 0.058 8
9 0.005 0.738 0.048 0.077 9
10 0.375 0.348 0.048 0.077 10
11 0.269 0.080 0.036 0.058 11
12 0.695 0.210 0.045 0.072 12
13 0.542 0.695 0.047 0.075 13
14 0.282 0.645 0.044 0.070 14
15 0.874 0.837 0.045 0.072 15
16 0.271 0.717 0.042 0.067 16
17 0.739 0.937 0.042 0.067 17
18 0.924 0.598 0.042 0.067 18
19 0.557 0.882 0.044 0.070 19
20 0.465 0.572 0.042 0.067 20
21 0.857 0.658 0.044 0.070 21
22 0.127 0.807 0.041 0.065 22
23 0.696 0.673 0.044 0.070 23
24 0.640 0.308 0.042 0.067 24
25 0.941 0.417 0.037 0.060 25
26 0.118 0.232 0.046 0.073 26
27 0.579 0.030 0.042 0.067 27
28 0.465 0.605 0.041 0.065 28
29 0.607 0.302 0.037 0.060 29
30 0.652 0.723 0.033 0.053 30
31 0.801 0.270 0.044 0.070 31
32 0.368 0.290 0.035 0.057 32
33 0.252 0.683 0.048 0.077 33
34 0.608 0.653 0.044 0.070 34
35 0.836 0.443 0.042 0.067 35
36 0.902 0.778 0.042 0.067 36
37 0.586 0.608 0.042 0.067 37
38 0.679 0.310 0.040 0.063 38
39 0.013 0.072 0.034 0.055 39
40 0.833 0.000 0.041 0.065 40
43 0.689 0.000 0.043 0.068 43
