1 0.723 0.822 0.037 0.060 1
2 0.769 0.513 0.048 0.077 2
3 0.920 0.202 0.036 0.058 3
4 0.354 0.522 0.048 0.077 4
5 0.191 0.732 0.046 0.073 5
6 0.734 0.068 0.048 0.077 6
7 0.280 0.518 0.041 0.065 7
8 0.340 0.222 0.036 0.058 8
9 0.000 0.732 0.047 0.075 9
10 0.373 0.340 0.048 0.077 10
11 0.269 0.102 0.035 0.057 11
12 0.689 0.212 0.044 0.070 12
13 0.540 0.688 0.046 0.073 13
14 0.279 0.642 0.044 0.070 14
15 0.878 0.837 0.044 0.070 15
16 0.273 0.712 0.044 0.070 16
17 0.748 0.947 0.041 0.065 17
18 0.924 0.595 0.042 0.067 18
19 0.547 0.880 0.040 0.063 19
20 0.460 0.560 0.040 0.063 20
21 0.856 0.663 0.043 0.068 21
22 0.135 0.805 0.042 0.067 22
23 0.699 0.675 0.044 0.070 23
24 0.629 0.320 0.037 0.060 24
25 0.954 0.418 0.035 0.057 25
26 0.117 0.235 0.040 0.063 26
27 0.580 0.027 0.042 0.067 27
28 0.455 0.613 0.042 0.067 28
29 0.606 0.303 0.042 0.067 29
30 0.655 0.730 0.047 0.075 30
31 0.798 0.263 0.044 0.070 31
32 0.382 0.307 0.044 0.070 32
33 0.259 0.690 0.048 0.077 33
34 0.605 0.657 0.040 0.063 34
35 0.832 0.447 0.040 0.063 35
36 0.905 0.782 0.042 0.067 36
37 0.589 0.610 0.047 0.075 37
38 0.675 0.318 0.037 0.060 38
39 0.011 0.085 0.048 0.077 39
40 0.826 0.000 0.039 0.062 40
43 0.676 0.000 0.048 0.077 43
