1 0.721 0.823 0.035 0.057 1
2 0.764 0.508 0.048 0.077 2
3 0.927 0.212 0.048 0.077 3
4 0.352 0.525 0.045 0.072 4
5 0.189 0.727 0.046 0.073 5
6 0.735 0.073 0.048 0.077 6
7 0.285 0.513 0.041 0.065 7
8 0.338 0.227 0.033 0.053 8
9 0.003 0.742 0.048 0.077 9
10 0.367 0.335 0.043 0.068 10
11 0.266 0.115 0.036 0.058 11
12 0.688 0.213 0.044 0.070 12
13 0.535 0.690 0.044 0.070 13
14 0.276 0.640 0.044 0.070 14
15 0.880 0.838 0.044 0.070 15
16 0.273 0.710 0.047 0.075 16
17 0.752 0.958 0.043 0.068 17
18 0.923 0.590 0.044 0.070 18
19 0.539 0.878 0.048 0.077 19
20 0.456 0.562 0.041 0.065 20
21 0.854 0.668 0.048 0.077 21
22 0.140 0.798 0.041 0.065 22
23 0.697 0.673 0.044 0.070 23
24 0.625 0.323 0.037 0.060 24
25 0.961 0.425 0.037 0.060 25
26 0.118 0.233 0.041 0.065 26
27 0.574 0.023 0.048 0.077 27
28 0.448 0.610 0.043 0.068 28
29 0.604 0.303 0.043 0.068 29
30 0.654 0.728 0.048 0.077 30
31 0.793 0.267 0.041 0.065 31
32 0.384 0.313 0.036 0.058 32
33 0.254 0.690 0.047 0.075 33
34 0.607 0.657 0.040 0.063 34
35 0.832 0.452 0.044 0.070 35
36 0.908 0.778 0.045 0.072 36
37 0.586 0.605 0.048 0.077 37
38 0.674 0.315 0.040 0.063 38
39 0.003 0.093 0.046 0.073 39
40 0.826 0.000 0.043 0.068 40
43 0.677 0.002 0.046 0.073 43
