1 0.720 0.820 0.041 0.065 1
2 0.766 0.510 0.048 0.077 2
3 0.927 0.208 0.048 0.077 3
4 0.351 0.527 0.046 0.073 4
5 0.186 0.733 0.042 0.067 5
6 0.735 0.072 0.048 0.077 6
7 0.284 0.515 0.041 0.065 7
8 0.340 0.228 0.035 0.057 8
9 0.000 0.738 0.044 0.070 9
10 0.371 0.340 0.048 0.077 10
11 0.268 0.113 0.036 0.058 11
12 0.689 0.210 0.045 0.072 12
13 0.535 0.688 0.044 0.070 13
14 0.276 0.642 0.044 0.070 14
15 0.880 0.837 0.043 0.068 15
16 0.274 0.710 0.046 0.073 16
17 0.750 0.955 0.041 0.065 17
18 0.923 0.590 0.041 0.065 18
19 0.537 0.883 0.045 0.072 19
20 0.456 0.562 0.041 0.065 20
21 0.855 0.665 0.037 0.060 21
22 0.139 0.802 0.042 0.067 22
23 0.700 0.673 0.044 0.070 23
24 0.628 0.322 0.036 0.058 24
25 0.958 0.423 0.037 0.060 25
26 0.119 0.232 0.041 0.065 26
27 0.577 0.027 0.042 0.067 27
28 0.450 0.613 0.041 0.065 28
29 0.605 0.305 0.044 0.070 29
30 0.648 0.728 0.034 0.055 30
31 0.796 0.267 0.043 0.068 31
32 0.383 0.310 0.036 0.058 32
33 0.256 0.692 0.047 0.075 33
34 0.607 0.653 0.048 0.077 34
35 0.831 0.450 0.042 0.067 35
36 0.906 0.777 0.042 0.067 36
37 0.585 0.607 0.048 0.077 37
38 0.675 0.320 0.042 0.067 38
39 0.004 0.093 0.048 0.077 39
40 0.826 0.000 0.041 0.065 40
43 0.676 0.000 0.048 0.077 43
