1 0.471 0.790 0.042 0.067 1
2 0.094 0.243 0.048 0.077 2
3 0.062 0.748 0.048 0.077 3
4 0.208 0.025 0.044 0.070 4
5 0.305 0.933 0.048 0.077 5
6 0.721 0.158 0.046 0.073 6
7 0.182 0.897 0.046 0.073 7
8 0.371 0.808 0.041 0.065 8
9 0.388 0.688 0.044 0.070 9
10 0.294 0.403 0.031 0.050 10
11 0.622 0.875 0.048 0.077 11
12 0.816 0.063 0.045 0.072 12
13 0.619 0.672 0.044 0.070 13
14 0.078 0.947 0.048 0.077 14
15 0.868 0.523 0.046 0.073 15
16 0.793 0.495 0.045 0.072 16
17 0.272 0.660 0.048 0.077 17
18 0.074 0.333 0.048 0.077 18
19 0.795 0.638 0.045 0.072 19
20 0.355 0.278 0.040 0.063 20
21 0.545 0.468 0.048 0.077 21
22 0.429 0.327 0.042 0.067 22
24 0.591 0.835 0.047 0.075 24
25 0.025 0.422 0.037 0.060 25
27 0.539 0.320 0.048 0.077 27
28 0.287 0.833 0.047 0.075 28
29 0.543 0.165 0.048 0.077 29
30 0.667 0.445 0.045 0.072 30
31 0.977 0.450 0.047 0.075 31
32 0.953 0.173 0.044 0.070 32
33 0.702 0.328 0.046 0.073 33
34 0.458 0.507 0.042 0.067 34
35 0.950 0.063 0.048 0.077 35
36 0.646 0.318 0.046 0.073 36
37 0.375 0.400 0.046 0.073 37
38 0.490 0.457 0.042 0.067 38
39 0.807 0.983 0.045 0.072 39
40 0.576 0.355 0.042 0.067 40
41 0.383 0.980 0.041 0.065 41
42 0.767 0.943 0.046 0.073 42
43 0.626 0.182 0.046 0.073 43
44 0.867 0.918 0.034 0.055 44
45 0.559 0.253 0.040 0.063 45
46 0.144 0.010 0.047 0.075 46
47 0.000 0.037 0.032 0.052 47
48 0.957 0.022 0.032 0.052 48
49 0.492 0.320 0.032 0.052 49
