1 0.468 0.807 0.042 0.067 1
2 0.098 0.240 0.048 0.077 2
3 0.062 0.753 0.048 0.077 3
4 0.214 0.000 0.042 0.067 4
5 0.310 0.943 0.048 0.077 5
6 0.725 0.150 0.048 0.077 6
7 0.191 0.897 0.048 0.077 7
8 0.373 0.815 0.042 0.067 8
9 0.375 0.658 0.048 0.077 9
10 0.298 0.377 0.040 0.063 10
11 0.622 0.883 0.043 0.068 11
12 0.808 0.050 0.045 0.072 12
13 0.616 0.682 0.043 0.068 13
14 0.079 0.950 0.048 0.077 14
15 0.876 0.517 0.047 0.075 15
16 0.799 0.497 0.046 0.073 16
17 0.273 0.645 0.048 0.077 17
18 0.080 0.332 0.043 0.068 18
19 0.806 0.617 0.044 0.070 19
20 0.378 0.280 0.041 0.065 20
21 0.548 0.468 0.045 0.072 21
22 0.424 0.328 0.044 0.070 22
24 0.580 0.858 0.048 0.077 24
25 0.042 0.448 0.044 0.070 25
27 0.537 0.308 0.048 0.077 27
28 0.292 0.838 0.048 0.077 28
29 0.539 0.172 0.046 0.073 29
30 0.667 0.447 0.044 0.070 30
31 0.971 0.463 0.048 0.077 31
32 0.955 0.178 0.046 0.073 32
33 0.697 0.325 0.045 0.072 33
34 0.467 0.513 0.042 0.067 34
35 0.963 0.075 0.042 0.067 35
36 0.644 0.308 0.046 0.073 36
37 0.377 0.370 0.042 0.067 37
38 0.495 0.463 0.042 0.067 38
39 0.808 0.977 0.043 0.068 39
40 0.566 0.363 0.041 0.065 40
41 0.389 0.985 0.041 0.065 41
42 0.769 0.938 0.048 0.077 42
43 0.623 0.188 0.044 0.070 43
44 0.890 0.920 0.036 0.058 44
45 0.573 0.242 0.040 0.063 45
46 0.145 0.000 0.044 0.070 46
47 0.007 0.040 0.048 0.077 47
48 0.959 0.050 0.036 0.058 48
49 0.494 0.317 0.035 0.057 49
