1 0.468 0.793 0.043 0.068 1
2 0.093 0.245 0.048 0.077 2
3 0.064 0.745 0.048 0.077 3
4 0.208 0.020 0.043 0.068 4
5 0.312 0.935 0.048 0.077 5
6 0.720 0.155 0.048 0.077 6
7 0.184 0.893 0.047 0.075 7
8 0.372 0.812 0.040 0.063 8
9 0.382 0.685 0.044 0.070 9
10 0.294 0.400 0.040 0.063 10
11 0.619 0.882 0.042 0.067 11
12 0.815 0.057 0.048 0.077 12
13 0.619 0.675 0.045 0.072 13
14 0.077 0.943 0.043 0.068 14
15 0.868 0.520 0.045 0.072 15
16 0.793 0.493 0.043 0.068 16
17 0.274 0.663 0.048 0.077 17
18 0.078 0.337 0.043 0.068 18
19 0.799 0.633 0.044 0.070 19
20 0.359 0.275 0.036 0.058 20
21 0.547 0.468 0.044 0.070 21
22 0.429 0.328 0.044 0.070 22
24 0.590 0.842 0.048 0.077 24
25 0.031 0.422 0.048 0.077 25
27 0.544 0.313 0.041 0.065 27
28 0.287 0.837 0.048 0.077 28
29 0.542 0.167 0.046 0.073 29
30 0.667 0.442 0.048 0.077 30
31 0.976 0.457 0.048 0.077 31
32 0.954 0.177 0.045 0.072 32
33 0.701 0.327 0.044 0.070 33
34 0.458 0.515 0.046 0.073 34
35 0.952 0.063 0.048 0.077 35
36 0.647 0.317 0.045 0.072 36
37 0.373 0.393 0.041 0.065 37
38 0.490 0.463 0.048 0.077 38
39 0.804 0.975 0.035 0.057 39
40 0.568 0.358 0.048 0.077 40
41 0.383 0.987 0.045 0.072 41
42 0.767 0.947 0.045 0.072 42
43 0.626 0.183 0.044 0.070 43
44 0.872 0.920 0.042 0.067 44
45 0.561 0.248 0.041 0.065 45
46 0.142 0.012 0.048 0.077 46
47 0.000 0.038 0.033 0.053 47
48 0.958 0.023 0.036 0.058 48
49 0.493 0.318 0.032 0.052 49
