1 0.472 0.808 0.042 0.067 1
2 0.097 0.237 0.048 0.077 2
3 0.062 0.755 0.048 0.077 3
4 0.219 0.007 0.044 0.070 4
5 0.308 0.943 0.046 0.073 5
6 0.728 0.155 0.047 0.075 6
7 0.191 0.898 0.045 0.072 7
8 0.371 0.818 0.037 0.060 8
9 0.380 0.652 0.048 0.077 9
10 0.298 0.388 0.048 0.077 10
11 0.625 0.883 0.048 0.077 11
12 0.807 0.050 0.048 0.077 12
13 0.616 0.680 0.044 0.070 13
14 0.080 0.947 0.048 0.077 14
15 0.878 0.522 0.048 0.077 15
16 0.802 0.502 0.044 0.070 16
17 0.272 0.637 0.047 0.075 17
18 0.078 0.328 0.042 0.067 18
19 0.806 0.607 0.044 0.070 19
20 0.382 0.292 0.040 0.063 20
21 0.549 0.467 0.042 0.067 21
22 0.422 0.327 0.043 0.068 22
24 0.574 0.860 0.048 0.077 24
25 0.037 0.455 0.048 0.077 25
27 0.536 0.307 0.048 0.077 27
28 0.291 0.847 0.044 0.070 28
29 0.539 0.170 0.048 0.077 29
30 0.666 0.448 0.048 0.077 30
31 0.967 0.460 0.045 0.072 31
32 0.955 0.180 0.044 0.070 32
33 0.696 0.328 0.048 0.077 33
34 0.468 0.508 0.043 0.068 34
35 0.967 0.085 0.042 0.067 35
36 0.642 0.307 0.044 0.070 36
37 0.383 0.358 0.048 0.077 37
38 0.496 0.462 0.042 0.067 38
39 0.808 0.980 0.044 0.070 39
40 0.561 0.360 0.044 0.070 40
41 0.389 0.983 0.042 0.067 41
42 0.771 0.935 0.046 0.073 42
43 0.620 0.193 0.046 0.073 43
44 0.896 0.933 0.035 0.057 44
45 0.577 0.240 0.036 0.058 45
46 0.140 0.007 0.048 0.077 46
47 0.011 0.047 0.048 0.077 47
48 0.956 0.065 0.037 0.060 48
49 0.493 0.322 0.035 0.057 49
