1 0.467 0.795 0.042 0.067 1
2 0.099 0.232 0.048 0.077 2
3 0.066 0.752 0.042 0.067 3
4 0.211 0.013 0.048 0.077 4
5 0.305 0.942 0.044 0.070 5
6 0.721 0.155 0.046 0.073 6
7 0.183 0.893 0.045 0.072 7
8 0.373 0.812 0.041 0.065 8
9 0.381 0.685 0.046 0.073 9
10 0.292 0.395 0.041 0.065 10
11 0.618 0.880 0.045 0.072 11
12 0.816 0.055 0.047 0.075 12
13 0.622 0.678 0.047 0.075 13
14 0.090 0.945 0.044 0.070 14
15 0.868 0.518 0.045 0.072 15
16 0.797 0.492 0.048 0.077 16
17 0.272 0.657 0.044 0.070 17
18 0.079 0.335 0.042 0.067 18
19 0.801 0.632 0.044 0.070 19
20 0.366 0.273 0.044 0.070 20
21 0.548 0.468 0.045 0.072 21
22 0.428 0.332 0.045 0.072 22
24 0.588 0.847 0.048 0.077 24
25 0.030 0.428 0.036 0.058 25
27 0.534 0.310 0.048 0.077 27
28 0.290 0.837 0.048 0.077 28
29 0.541 0.165 0.046 0.073 29
30 0.668 0.442 0.048 0.077 30
31 0.976 0.458 0.048 0.077 31
32 0.952 0.172 0.048 0.077 32
33 0.700 0.325 0.045 0.072 33
34 0.464 0.518 0.048 0.077 34
35 0.953 0.067 0.048 0.077 35
36 0.648 0.313 0.046 0.073 36
37 0.374 0.388 0.047 0.075 37
38 0.491 0.465 0.048 0.077 38
39 0.810 0.978 0.048 0.077 39
40 0.574 0.355 0.044 0.070 40
41 0.384 0.987 0.048 0.077 41
42 0.758 0.922 0.036 0.058 42
43 0.625 0.183 0.044 0.070 43
44 0.876 0.917 0.036 0.058 44
45 0.564 0.245 0.042 0.067 45
46 0.139 0.000 0.044 0.070 46
47 0.000 0.037 0.037 0.060 47
48 0.955 0.028 0.048 0.077 48
49 0.492 0.323 0.032 0.052 49
