1 0.469 0.808 0.042 0.067 1
2 0.104 0.248 0.045 0.072 2
3 0.061 0.750 0.048 0.077 3
4 0.214 0.000 0.041 0.065 4
5 0.311 0.940 0.046 0.073 5
6 0.726 0.152 0.048 0.077 6
7 0.191 0.893 0.045 0.072 7
8 0.373 0.815 0.040 0.063 8
9 0.378 0.662 0.044 0.070 9
10 0.297 0.377 0.042 0.067 10
11 0.623 0.882 0.044 0.070 11
12 0.811 0.050 0.048 0.077 12
13 0.617 0.682 0.047 0.075 13
14 0.080 0.948 0.048 0.077 14
15 0.876 0.517 0.046 0.073 15
16 0.800 0.492 0.048 0.077 16
17 0.271 0.645 0.046 0.073 17
18 0.079 0.330 0.042 0.067 18
19 0.806 0.615 0.044 0.070 19
20 0.379 0.280 0.040 0.063 20
21 0.548 0.468 0.044 0.070 21
22 0.424 0.330 0.044 0.070 22
24 0.577 0.857 0.046 0.073 24
25 0.037 0.448 0.037 0.060 25
27 0.539 0.310 0.048 0.077 27
28 0.287 0.845 0.043 0.068 28
29 0.540 0.173 0.047 0.075 29
30 0.665 0.445 0.048 0.077 30
31 0.971 0.460 0.044 0.070 31
32 0.955 0.178 0.048 0.077 32
33 0.697 0.327 0.045 0.072 33
34 0.466 0.512 0.043 0.068 34
35 0.963 0.075 0.042 0.067 35
36 0.646 0.307 0.044 0.070 36
37 0.377 0.368 0.042 0.067 37
38 0.494 0.462 0.041 0.065 38
39 0.807 0.980 0.048 0.077 39
40 0.561 0.360 0.048 0.077 40
41 0.389 0.992 0.048 0.077 41
42 0.771 0.937 0.048 0.077 42
43 0.621 0.190 0.045 0.072 43
44 0.890 0.923 0.037 0.060 44
45 0.573 0.240 0.037 0.060 45
46 0.141 0.017 0.042 0.067 46
47 0.007 0.035 0.042 0.067 47
48 0.959 0.052 0.036 0.058 48
49 0.494 0.317 0.035 0.057 49
