1 0.467 0.805 0.042 0.067 1
2 0.095 0.248 0.048 0.077 2
3 0.064 0.748 0.048 0.077 3
4 0.214 0.000 0.048 0.077 4
5 0.309 0.945 0.044 0.070 5
6 0.723 0.150 0.047 0.075 6
7 0.189 0.890 0.044 0.070 7
8 0.373 0.817 0.041 0.065 8
9 0.375 0.668 0.045 0.072 9
10 0.294 0.377 0.041 0.065 10
11 0.620 0.877 0.048 0.077 11
12 0.807 0.055 0.048 0.077 12
13 0.619 0.683 0.046 0.073 13
14 0.085 0.947 0.046 0.073 14
15 0.871 0.515 0.044 0.070 15
16 0.799 0.492 0.043 0.068 16
17 0.274 0.650 0.047 0.075 17
18 0.078 0.335 0.047 0.075 18
19 0.805 0.622 0.044 0.070 19
20 0.374 0.275 0.041 0.065 20
21 0.547 0.470 0.043 0.068 21
22 0.425 0.332 0.045 0.072 22
24 0.582 0.855 0.048 0.077 24
25 0.037 0.442 0.040 0.063 25
27 0.535 0.313 0.048 0.077 27
28 0.285 0.847 0.046 0.073 28
29 0.537 0.170 0.046 0.073 29
30 0.666 0.443 0.048 0.077 30
31 0.973 0.460 0.044 0.070 31
32 0.954 0.177 0.046 0.073 32
33 0.696 0.328 0.048 0.077 33
34 0.466 0.513 0.042 0.067 34
35 0.960 0.070 0.044 0.070 35
36 0.646 0.310 0.046 0.073 36
37 0.375 0.375 0.042 0.067 37
38 0.493 0.462 0.041 0.065 38
39 0.807 0.980 0.047 0.075 39
40 0.569 0.362 0.042 0.067 40
41 0.384 0.982 0.048 0.077 41
42 0.769 0.942 0.044 0.070 42
43 0.623 0.188 0.045 0.072 43
44 0.886 0.915 0.034 0.055 44
45 0.569 0.242 0.037 0.060 45
46 0.143 0.000 0.043 0.068 46
47 0.004 0.033 0.046 0.073 47
48 0.963 0.045 0.037 0.060 48
49 0.494 0.320 0.031 0.050 49
