1 0.291 0.987 0.035 0.057 1
2 0.775 0.743 0.046 0.073 2
3 0.321 0.460 0.047 0.075 3
4 0.290 0.483 0.042 0.067 4
5 0.740 0.047 0.043 0.068 5
7 0.887 1.000 0.047 0.075 7
8 0.668 0.293 0.048 0.077 8
9 0.482 0.827 0.048 0.077 9
11 0.417 0.595 0.034 0.055 11
13 0.519 0.768 0.048 0.077 13
14 0.369 0.157 0.048 0.077 14
15 0.822 0.817 0.048 0.077 15
16 0.316 0.903 0.048 0.077 16
17 0.753 0.750 0.044 0.070 17
18 0.608 0.193 0.044 0.070 18
20 0.640 0.742 0.042 0.067 20
21 0.383 0.878 0.040 0.063 21
22 0.417 0.905 0.048 0.077 22
23 0.553 0.168 0.042 0.067 23
24 0.675 0.870 0.035 0.057 24
25 0.374 0.310 0.048 0.077 25
28 0.404 0.810 0.037 0.060 28
29 0.903 0.395 0.041 0.065 29
30 0.493 0.620 0.040 0.063 30
31 0.684 0.968 0.042 0.067 31
33 0.743 0.850 0.030 0.048 33
34 0.570 0.240 0.048 0.077 34
36 0.702 0.815 0.048 0.077 36
37 0.070 0.930 0.036 0.058 37
38 0.876 0.968 0.042 0.067 38
39 0.716 0.303 0.047 0.075 39
40 0.889 0.253 0.037 0.060 40
41 0.241 0.698 0.048 0.077 41
42 0.914 0.965 0.048 0.077 42
43 0.954 0.982 0.042 0.067 43
44 0.885 0.377 0.044 0.070 44
