1 0.297 0.998 0.042 0.067 1
2 0.776 0.743 0.048 0.077 2
3 0.320 0.457 0.048 0.077 3
4 0.294 0.490 0.044 0.070 4
5 0.738 0.055 0.048 0.077 5
7 0.889 1.000 0.048 0.077 7
8 0.671 0.290 0.045 0.072 8
9 0.485 0.832 0.042 0.067 9
11 0.418 0.587 0.046 0.073 11
13 0.517 0.763 0.048 0.077 13
14 0.371 0.157 0.048 0.077 14
15 0.826 0.807 0.044 0.070 15
16 0.315 0.910 0.048 0.077 16
17 0.752 0.748 0.042 0.067 17
18 0.609 0.188 0.042 0.067 18
20 0.639 0.743 0.048 0.077 20
21 0.386 0.875 0.048 0.077 21
22 0.417 0.900 0.048 0.077 22
23 0.549 0.168 0.047 0.075 23
24 0.674 0.870 0.035 0.057 24
25 0.371 0.318 0.042 0.067 25
28 0.399 0.813 0.046 0.073 28
29 0.904 0.398 0.042 0.067 29
30 0.490 0.630 0.048 0.077 30
31 0.681 0.975 0.048 0.077 31
33 0.746 0.850 0.041 0.065 33
34 0.571 0.243 0.040 0.063 34
36 0.703 0.810 0.044 0.070 36
37 0.069 0.923 0.040 0.063 37
38 0.879 0.957 0.048 0.077 38
39 0.726 0.300 0.037 0.060 39
40 0.891 0.247 0.041 0.065 40
41 0.234 0.697 0.048 0.077 41
42 0.917 0.968 0.048 0.077 42
43 0.953 0.982 0.048 0.077 43
44 0.891 0.377 0.048 0.077 44
