1 0.309 0.998 0.037 0.060 1
2 0.778 0.742 0.048 0.077 2
3 0.323 0.453 0.047 0.075 3
4 0.294 0.483 0.042 0.067 4
5 0.734 0.053 0.042 0.067 5
7 0.885 0.993 0.048 0.077 7
8 0.670 0.295 0.048 0.077 8
9 0.482 0.842 0.048 0.077 9
11 0.417 0.595 0.042 0.067 11
13 0.516 0.768 0.048 0.077 13
14 0.368 0.153 0.044 0.070 14
15 0.839 0.807 0.041 0.065 15
16 0.320 0.927 0.037 0.060 16
17 0.749 0.752 0.042 0.067 17
18 0.608 0.178 0.048 0.077 18
20 0.637 0.730 0.042 0.067 20
21 0.378 0.872 0.048 0.077 21
22 0.414 0.900 0.048 0.077 22
23 0.552 0.155 0.042 0.067 23
24 0.674 0.858 0.048 0.077 24
25 0.356 0.302 0.047 0.075 25
28 0.385 0.817 0.040 0.063 28
29 0.901 0.402 0.035 0.057 29
30 0.484 0.632 0.048 0.077 30
31 0.679 0.980 0.048 0.077 31
33 0.753 0.850 0.048 0.077 33
34 0.569 0.238 0.048 0.077 34
36 0.697 0.813 0.046 0.073 36
37 0.059 0.912 0.048 0.077 37
38 0.879 0.960 0.048 0.077 38
39 0.719 0.302 0.043 0.068 39
40 0.889 0.237 0.048 0.077 40
41 0.241 0.702 0.040 0.063 41
42 0.916 0.963 0.048 0.077 42
43 0.945 1.000 0.034 0.055 43
44 0.886 0.375 0.044 0.070 44
