1 0.300 1.000 0.041 0.065 1
2 0.777 0.743 0.047 0.075 2
3 0.321 0.460 0.048 0.077 3
4 0.296 0.490 0.048 0.077 4
5 0.735 0.050 0.041 0.065 5
7 0.889 1.000 0.047 0.075 7
8 0.658 0.287 0.048 0.077 8
9 0.486 0.833 0.042 0.067 9
11 0.418 0.592 0.040 0.063 11
13 0.519 0.760 0.048 0.077 13
14 0.370 0.155 0.048 0.077 14
15 0.833 0.808 0.046 0.073 15
16 0.316 0.913 0.048 0.077 16
17 0.751 0.745 0.041 0.065 17
18 0.608 0.190 0.035 0.057 18
20 0.636 0.735 0.044 0.070 20
21 0.384 0.870 0.048 0.077 21
22 0.416 0.902 0.048 0.077 22
23 0.554 0.160 0.048 0.077 23
24 0.673 0.862 0.048 0.077 24
25 0.370 0.320 0.040 0.063 25
28 0.393 0.815 0.036 0.058 28
29 0.904 0.402 0.042 0.067 29
30 0.490 0.632 0.048 0.077 30
31 0.683 0.972 0.042 0.067 31
33 0.750 0.858 0.041 0.065 33
34 0.569 0.243 0.041 0.065 34
36 0.702 0.812 0.042 0.067 36
37 0.068 0.918 0.040 0.063 37
38 0.877 0.963 0.035 0.057 38
39 0.722 0.297 0.046 0.073 39
40 0.893 0.242 0.035 0.057 40
41 0.235 0.695 0.048 0.077 41
42 0.918 0.968 0.048 0.077 42
43 0.951 0.987 0.043 0.068 43
44 0.891 0.375 0.048 0.077 44
