1 0.308 1.000 0.037 0.060 1
2 0.778 0.742 0.048 0.077 2
3 0.323 0.455 0.046 0.073 3
4 0.294 0.485 0.044 0.070 4
5 0.730 0.047 0.048 0.077 5
7 0.880 1.000 0.044 0.070 7
8 0.669 0.293 0.047 0.075 8
9 0.483 0.843 0.048 0.077 9
11 0.415 0.597 0.044 0.070 11
13 0.518 0.763 0.046 0.073 13
14 0.370 0.155 0.048 0.077 14
15 0.835 0.798 0.046 0.073 15
16 0.320 0.928 0.036 0.058 16
17 0.748 0.753 0.042 0.067 17
18 0.609 0.183 0.042 0.067 18
20 0.634 0.730 0.046 0.073 20
21 0.379 0.872 0.048 0.077 21
22 0.414 0.898 0.048 0.077 22
23 0.556 0.160 0.048 0.077 23
24 0.674 0.860 0.044 0.070 24
25 0.371 0.323 0.048 0.077 25
28 0.385 0.817 0.040 0.063 28
29 0.904 0.403 0.044 0.070 29
30 0.495 0.637 0.037 0.060 30
31 0.681 0.980 0.048 0.077 31
33 0.755 0.845 0.041 0.065 33
34 0.562 0.242 0.048 0.077 34
36 0.697 0.810 0.042 0.067 36
37 0.066 0.908 0.037 0.060 37
38 0.877 0.957 0.048 0.077 38
39 0.715 0.292 0.048 0.077 39
40 0.893 0.230 0.048 0.077 40
41 0.237 0.693 0.048 0.077 41
42 0.914 0.965 0.044 0.070 42
43 0.945 1.000 0.034 0.055 43
44 0.887 0.380 0.035 0.057 44
