1 0.297 1.000 0.043 0.068 1
2 0.776 0.743 0.048 0.077 2
3 0.320 0.457 0.048 0.077 3
4 0.294 0.488 0.042 0.067 4
5 0.738 0.035 0.048 0.077 5
7 0.887 1.000 0.044 0.070 7
8 0.669 0.287 0.048 0.077 8
9 0.486 0.837 0.046 0.073 9
11 0.419 0.607 0.048 0.077 11
13 0.518 0.767 0.046 0.073 13
14 0.369 0.155 0.047 0.075 14
15 0.826 0.808 0.042 0.067 15
16 0.319 0.907 0.048 0.077 16
17 0.753 0.747 0.047 0.075 17
18 0.607 0.183 0.048 0.077 18
20 0.637 0.740 0.044 0.070 20
21 0.390 0.873 0.048 0.077 21
22 0.416 0.905 0.048 0.077 22
23 0.549 0.168 0.045 0.072 23
24 0.675 0.870 0.036 0.058 24
25 0.370 0.320 0.040 0.063 25
28 0.399 0.815 0.036 0.058 28
29 0.902 0.403 0.037 0.060 29
30 0.492 0.623 0.042 0.067 30
31 0.682 0.975 0.042 0.067 31
33 0.746 0.853 0.037 0.060 33
34 0.571 0.242 0.041 0.065 34
36 0.698 0.817 0.046 0.073 36
37 0.071 0.918 0.048 0.077 37
38 0.873 0.957 0.048 0.077 38
39 0.726 0.300 0.035 0.057 39
40 0.891 0.250 0.044 0.070 40
41 0.237 0.700 0.043 0.068 41
42 0.919 0.970 0.048 0.077 42
43 0.954 0.990 0.048 0.077 43
44 0.886 0.382 0.037 0.060 44
