1 0.297 1.000 0.048 0.077 1
2 0.775 0.742 0.046 0.073 2
3 0.321 0.458 0.046 0.073 3
4 0.294 0.495 0.048 0.077 4
5 0.740 0.047 0.044 0.070 5
7 0.886 1.000 0.048 0.077 7
8 0.669 0.290 0.046 0.073 8
9 0.484 0.830 0.042 0.067 9
11 0.416 0.590 0.037 0.060 11
13 0.519 0.768 0.048 0.077 13
14 0.370 0.157 0.048 0.077 14
15 0.828 0.810 0.048 0.077 15
16 0.321 0.910 0.036 0.058 16
17 0.752 0.757 0.048 0.077 17
18 0.608 0.192 0.043 0.068 18
20 0.640 0.738 0.040 0.063 20
21 0.381 0.877 0.048 0.077 21
22 0.418 0.907 0.048 0.077 22
23 0.550 0.172 0.045 0.072 23
24 0.676 0.870 0.035 0.057 24
25 0.370 0.315 0.048 0.077 25
28 0.402 0.813 0.037 0.060 28
29 0.903 0.397 0.041 0.065 29
30 0.492 0.623 0.035 0.057 30
31 0.684 0.970 0.042 0.067 31
33 0.745 0.855 0.040 0.063 33
34 0.571 0.242 0.040 0.063 34
36 0.700 0.815 0.048 0.077 36
37 0.069 0.927 0.042 0.067 37
38 0.877 0.957 0.048 0.077 38
39 0.714 0.298 0.048 0.077 39
40 0.894 0.250 0.037 0.060 40
41 0.237 0.697 0.048 0.077 41
42 0.914 0.965 0.048 0.077 42
43 0.956 0.983 0.048 0.077 43
44 0.889 0.380 0.035 0.057 44
