1 0.295 0.993 0.040 0.063 1
2 0.776 0.743 0.046 0.073 2
3 0.321 0.458 0.047 0.075 3
4 0.294 0.490 0.044 0.070 4
5 0.739 0.033 0.048 0.077 5
7 0.887 1.000 0.048 0.077 7
8 0.668 0.288 0.048 0.077 8
9 0.492 0.828 0.033 0.053 9
11 0.417 0.590 0.048 0.077 11
13 0.520 0.762 0.042 0.067 13
14 0.369 0.157 0.048 0.077 14
15 0.823 0.808 0.048 0.077 15
16 0.322 0.912 0.035 0.057 16
17 0.752 0.748 0.044 0.070 17
18 0.608 0.188 0.041 0.065 18
20 0.639 0.740 0.043 0.068 20
21 0.390 0.873 0.046 0.073 21
22 0.416 0.905 0.048 0.077 22
23 0.549 0.167 0.042 0.067 23
24 0.677 0.870 0.048 0.077 24
25 0.367 0.325 0.048 0.077 25
28 0.405 0.812 0.048 0.077 28
29 0.904 0.397 0.042 0.067 29
30 0.489 0.630 0.048 0.077 30
31 0.684 0.975 0.047 0.075 31
33 0.745 0.852 0.037 0.060 33
34 0.571 0.242 0.040 0.063 34
36 0.706 0.817 0.046 0.073 36
37 0.068 0.925 0.041 0.065 37
38 0.878 0.958 0.044 0.070 38
39 0.715 0.297 0.048 0.077 39
40 0.894 0.248 0.037 0.060 40
41 0.241 0.700 0.035 0.057 41
42 0.917 0.968 0.045 0.072 42
43 0.954 0.982 0.046 0.073 43
44 0.886 0.378 0.036 0.058 44
