1 0.186 0.443 0.035 0.057 1
2 0.239 0.917 0.044 0.070 2
3 0.796 0.418 0.046 0.073 3
4 0.599 0.743 0.033 0.053 4
5 0.160 0.403 0.048 0.077 5
6 0.917 0.033 0.035 0.057 6
7 0.963 0.417 0.040 0.063 7
8 0.078 0.213 0.037 0.060 8
9 0.335 0.332 0.033 0.053 9
10 0.323 0.375 0.032 0.052 10
11 0.395 0.557 0.036 0.058 11
12 0.629 0.488 0.035 0.057 12
13 0.159 0.553 0.035 0.057 13
14 0.109 0.743 0.040 0.063 14
15 0.100 0.655 0.040 0.063 15
16 0.623 0.920 0.035 0.057 16
17 0.963 0.507 0.033 0.053 17
18 0.590 0.380 0.035 0.057 18
19 0.468 0.950 0.040 0.063 19
