1 0.931 0.957 0.048 0.077 1
2 0.096 0.067 0.048 0.077 2
3 0.159 0.090 0.044 0.070 3
4 0.997 0.810 0.048 0.077 4
6 0.770 0.270 0.046 0.073 6
7 0.324 0.303 0.044 0.070 7
8 0.453 0.365 0.042 0.067 8
10 0.981 0.632 0.043 0.068 10
11 0.100 0.047 0.047 0.075 11
12 0.245 0.065 0.048 0.077 12
13 0.452 0.315 0.046 0.073 13
14 0.515 0.272 0.048 0.077 14
16 0.461 0.912 0.046 0.073 16
18 0.764 0.683 0.048 0.077 18
19 0.615 0.437 0.042 0.067 19
20 0.017 0.303 0.042 0.067 20
22 0.000 0.117 0.033 0.053 22
24 0.479 0.368 0.037 0.060 24
26 0.800 0.297 0.034 0.055 26
