1 0.932 0.953 0.044 0.070 1
2 0.096 0.065 0.048 0.077 2
3 0.158 0.085 0.044 0.070 3
4 0.996 0.812 0.048 0.077 4
6 0.771 0.272 0.044 0.070 6
7 0.325 0.303 0.042 0.067 7
8 0.453 0.352 0.048 0.077 8
10 0.978 0.637 0.043 0.068 10
11 0.099 0.043 0.048 0.077 11
12 0.248 0.052 0.048 0.077 12
13 0.454 0.318 0.045 0.072 13
14 0.514 0.267 0.048 0.077 14
16 0.464 0.912 0.045 0.072 16
18 0.759 0.672 0.037 0.060 18
19 0.610 0.433 0.037 0.060 19
20 0.015 0.300 0.048 0.077 20
22 0.000 0.110 0.037 0.060 22
24 0.478 0.370 0.037 0.060 24
26 0.799 0.298 0.036 0.058 26
