1 0.927 0.980 0.048 0.077 1
2 0.096 0.065 0.046 0.073 2
3 0.151 0.055 0.048 0.077 3
4 0.997 0.808 0.045 0.072 4
6 0.773 0.273 0.047 0.075 6
7 0.336 0.307 0.048 0.077 7
8 0.449 0.362 0.046 0.073 8
10 0.965 0.627 0.042 0.067 10
11 0.091 0.038 0.044 0.070 11
12 0.249 0.065 0.048 0.077 12
13 0.453 0.333 0.047 0.075 13
14 0.516 0.265 0.044 0.070 14
16 0.470 0.902 0.043 0.068 16
18 0.748 0.678 0.037 0.060 18
19 0.598 0.453 0.036 0.058 19
20 0.013 0.292 0.044 0.070 20
22 0.000 0.095 0.040 0.063 22
24 0.474 0.377 0.041 0.065 24
26 0.793 0.298 0.048 0.077 26
