1 0.930 0.960 0.048 0.077 1
2 0.096 0.067 0.047 0.075 2
3 0.157 0.078 0.044 0.070 3
4 0.995 0.812 0.048 0.077 4
6 0.773 0.272 0.048 0.077 6
7 0.326 0.303 0.044 0.070 7
8 0.451 0.360 0.042 0.067 8
10 0.975 0.633 0.044 0.070 10
11 0.098 0.042 0.048 0.077 11
12 0.248 0.067 0.048 0.077 12
13 0.454 0.322 0.044 0.070 13
14 0.509 0.268 0.048 0.077 14
16 0.465 0.913 0.047 0.075 16
18 0.757 0.672 0.037 0.060 18
19 0.608 0.437 0.040 0.063 19
20 0.017 0.300 0.041 0.065 20
22 0.000 0.112 0.045 0.072 22
24 0.475 0.372 0.044 0.070 24
26 0.795 0.297 0.042 0.067 26
