1 0.926 0.977 0.040 0.063 1
2 0.095 0.067 0.047 0.075 2
3 0.151 0.057 0.047 0.075 3
4 1.000 0.803 0.048 0.077 4
6 0.774 0.280 0.048 0.077 6
7 0.333 0.303 0.042 0.067 7
8 0.454 0.365 0.048 0.077 8
10 0.963 0.625 0.044 0.070 10
11 0.087 0.042 0.041 0.065 11
12 0.248 0.060 0.042 0.067 12
13 0.452 0.340 0.047 0.075 13
14 0.516 0.262 0.046 0.073 14
16 0.470 0.903 0.044 0.070 16
18 0.747 0.680 0.037 0.060 18
19 0.599 0.455 0.037 0.060 19
20 0.017 0.292 0.048 0.077 20
22 0.000 0.095 0.037 0.060 22
24 0.474 0.377 0.041 0.065 24
26 0.799 0.300 0.032 0.052 26
