1 0.932 0.957 0.048 0.077 1
2 0.096 0.063 0.048 0.077 2
3 0.154 0.080 0.036 0.058 3
4 0.996 0.810 0.046 0.073 4
6 0.773 0.270 0.048 0.077 6
7 0.328 0.303 0.043 0.068 7
8 0.452 0.362 0.041 0.065 8
10 0.971 0.635 0.042 0.067 10
11 0.096 0.040 0.048 0.077 11
12 0.246 0.063 0.048 0.077 12
13 0.452 0.325 0.044 0.070 13
14 0.517 0.265 0.048 0.077 14
16 0.466 0.910 0.044 0.070 16
18 0.757 0.673 0.035 0.057 18
19 0.606 0.443 0.042 0.067 19
20 0.017 0.303 0.048 0.077 20
22 0.000 0.107 0.045 0.072 22
24 0.471 0.370 0.048 0.077 24
26 0.796 0.300 0.040 0.063 26
