1 0.930 0.978 0.041 0.065 1
2 0.096 0.067 0.048 0.077 2
3 0.151 0.072 0.036 0.058 3
4 0.997 0.808 0.046 0.073 4
6 0.773 0.262 0.048 0.077 6
7 0.331 0.305 0.042 0.067 7
8 0.452 0.358 0.048 0.077 8
10 0.966 0.630 0.042 0.067 10
11 0.091 0.047 0.044 0.070 11
12 0.248 0.067 0.048 0.077 12
13 0.454 0.330 0.048 0.077 13
14 0.512 0.263 0.048 0.077 14
16 0.468 0.905 0.044 0.070 16
18 0.749 0.673 0.035 0.057 18
19 0.599 0.447 0.040 0.063 19
20 0.017 0.298 0.048 0.077 20
22 0.000 0.097 0.042 0.067 22
24 0.474 0.377 0.042 0.067 24
26 0.801 0.300 0.030 0.048 26
