1 0.931 0.957 0.048 0.077 1
2 0.094 0.060 0.048 0.077 2
3 0.154 0.087 0.037 0.060 3
4 0.996 0.815 0.048 0.077 4
6 0.773 0.272 0.048 0.077 6
7 0.327 0.302 0.042 0.067 7
8 0.453 0.363 0.044 0.070 8
10 0.976 0.637 0.044 0.070 10
11 0.094 0.037 0.048 0.077 11
12 0.243 0.058 0.037 0.060 12
13 0.454 0.320 0.048 0.077 13
14 0.514 0.273 0.044 0.070 14
16 0.466 0.913 0.048 0.077 16
18 0.758 0.670 0.036 0.058 18
19 0.608 0.435 0.037 0.060 19
20 0.014 0.303 0.048 0.077 20
22 0.000 0.108 0.032 0.052 22
24 0.478 0.370 0.044 0.070 24
26 0.796 0.302 0.042 0.067 26
