1 0.940 0.512 0.042 0.067 1
2 0.522 0.080 0.048 0.077 2
3 0.508 0.117 0.046 0.073 3
4 0.679 0.060 0.042 0.067 4
6 0.660 0.133 0.042 0.067 6
7 0.134 0.522 0.046 0.073 7
8 0.332 0.490 0.047 0.075 8
9 0.415 0.692 0.048 0.077 9
11 0.641 0.020 0.040 0.063 11
13 0.182 0.777 0.046 0.073 13
14 0.319 0.795 0.048 0.077 14
15 0.577 0.177 0.048 0.077 15
18 0.400 0.068 0.048 0.077 18
19 0.680 0.097 0.040 0.063 19
20 0.775 0.397 0.048 0.077 20
21 0.698 0.227 0.046 0.073 21
22 0.297 0.807 0.048 0.077 22
23 0.770 0.035 0.048 0.077 23
29 0.981 0.837 0.047 0.075 29
30 0.709 0.192 0.035 0.057 30
