1 0.948 0.500 0.037 0.060 1
2 0.525 0.085 0.044 0.070 2
3 0.505 0.115 0.043 0.068 3
4 0.679 0.062 0.044 0.070 4
6 0.664 0.132 0.044 0.070 6
7 0.132 0.518 0.048 0.077 7
8 0.326 0.488 0.048 0.077 8
9 0.421 0.698 0.048 0.077 9
11 0.627 0.007 0.048 0.077 11
13 0.180 0.782 0.048 0.077 13
14 0.315 0.805 0.048 0.077 14
15 0.581 0.180 0.048 0.077 15
18 0.400 0.075 0.042 0.067 18
19 0.675 0.097 0.048 0.077 19
20 0.781 0.377 0.046 0.073 20
21 0.695 0.228 0.044 0.070 21
22 0.296 0.812 0.048 0.077 22
23 0.773 0.052 0.042 0.067 23
29 0.986 0.837 0.036 0.058 29
30 0.709 0.193 0.036 0.058 30
