1 0.929 0.513 0.041 0.065 1
2 0.520 0.083 0.048 0.077 2
3 0.509 0.118 0.043 0.068 3
4 0.662 0.052 0.035 0.057 4
6 0.658 0.135 0.037 0.060 6
7 0.142 0.523 0.045 0.072 7
8 0.338 0.487 0.047 0.075 8
9 0.410 0.682 0.047 0.075 9
11 0.639 0.038 0.040 0.063 11
13 0.185 0.773 0.048 0.077 13
14 0.321 0.780 0.048 0.077 14
15 0.582 0.167 0.032 0.052 15
18 0.397 0.073 0.048 0.077 18
19 0.689 0.090 0.048 0.077 19
20 0.771 0.403 0.048 0.077 20
21 0.689 0.230 0.048 0.077 21
22 0.296 0.802 0.048 0.077 22
23 0.771 0.037 0.048 0.077 23
29 0.986 0.833 0.042 0.067 29
30 0.710 0.192 0.035 0.057 30
