2 0.281 0.472 0.048 0.077 2
3 0.211 0.490 0.048 0.077 3
5 0.211 0.607 0.042 0.067 5
6 0.221 0.660 0.048 0.077 6
8 0.224 0.738 0.047 0.075 8
11 0.331 0.843 0.048 0.077 11
12 0.375 0.815 0.043 0.068 12
13 0.091 0.332 0.048 0.077 13
14 0.650 0.753 0.042 0.067 14
15 0.398 0.257 0.048 0.077 15
17 0.032 0.755 0.044 0.070 17
18 0.575 0.258 0.048 0.077 18
21 0.223 0.173 0.048 0.077 21
22 0.188 0.498 0.048 0.077 22
25 0.172 0.758 0.035 0.057 25
26 0.797 0.363 0.042 0.067 26
29 0.099 0.360 0.037 0.060 29
30 0.884 0.733 0.042 0.067 30
31 0.392 0.488 0.040 0.063 31
32 0.377 0.780 0.035 0.057 32
34 0.867 0.998 0.048 0.077 34
