2 0.279 0.468 0.046 0.073 2
3 0.205 0.478 0.037 0.060 3
5 0.214 0.608 0.044 0.070 5
6 0.225 0.652 0.035 0.057 6
8 0.224 0.733 0.048 0.077 8
11 0.325 0.838 0.048 0.077 11
12 0.369 0.823 0.048 0.077 12
13 0.096 0.337 0.044 0.070 13
14 0.647 0.758 0.042 0.067 14
15 0.401 0.242 0.042 0.067 15
17 0.032 0.758 0.042 0.067 17
18 0.575 0.247 0.037 0.060 18
21 0.223 0.160 0.041 0.065 21
22 0.183 0.495 0.046 0.073 22
25 0.173 0.762 0.040 0.063 25
26 0.796 0.362 0.048 0.077 26
29 0.107 0.365 0.047 0.075 29
30 0.884 0.735 0.042 0.067 30
31 0.393 0.482 0.048 0.077 31
32 0.375 0.780 0.037 0.060 32
34 0.868 0.985 0.048 0.077 34
