2 0.285 0.472 0.043 0.068 2
3 0.208 0.473 0.048 0.077 3
5 0.207 0.608 0.048 0.077 5
6 0.218 0.635 0.047 0.075 6
8 0.228 0.733 0.048 0.077 8
11 0.317 0.845 0.048 0.077 11
12 0.364 0.825 0.046 0.073 12
13 0.102 0.340 0.041 0.065 13
14 0.646 0.768 0.044 0.070 14
15 0.394 0.232 0.044 0.070 15
17 0.030 0.767 0.042 0.067 17
18 0.571 0.227 0.042 0.067 18
21 0.228 0.148 0.042 0.067 21
22 0.185 0.498 0.041 0.065 22
25 0.171 0.755 0.036 0.058 25
26 0.795 0.365 0.048 0.077 26
29 0.113 0.372 0.048 0.077 29
30 0.884 0.740 0.041 0.065 30
31 0.378 0.487 0.048 0.077 31
32 0.378 0.782 0.037 0.060 32
34 0.867 1.000 0.042 0.067 34
