2 0.277 0.468 0.043 0.068 2
3 0.207 0.488 0.040 0.063 3
5 0.210 0.608 0.041 0.065 5
6 0.225 0.655 0.048 0.077 6
8 0.224 0.738 0.047 0.075 8
11 0.320 0.848 0.048 0.077 11
12 0.376 0.815 0.042 0.067 12
13 0.094 0.337 0.048 0.077 13
14 0.651 0.753 0.035 0.057 14
15 0.400 0.247 0.046 0.073 15
17 0.032 0.755 0.043 0.068 17
18 0.575 0.253 0.041 0.065 18
21 0.224 0.168 0.040 0.063 21
22 0.184 0.497 0.046 0.073 22
25 0.174 0.762 0.037 0.060 25
26 0.799 0.360 0.046 0.073 26
29 0.102 0.365 0.047 0.075 29
30 0.884 0.730 0.042 0.067 30
31 0.393 0.490 0.036 0.058 31
32 0.377 0.782 0.035 0.057 32
34 0.867 1.000 0.037 0.060 34
