1 0.548 0.860 0.044 0.070 1
2 0.832 0.962 0.042 0.067 2
3 0.853 0.588 0.044 0.070 3
4 0.102 0.615 0.044 0.070 4
5 0.325 0.478 0.040 0.063 5
6 0.027 0.450 0.041 0.065 6
7 0.553 0.320 0.044 0.070 7
8 0.823 0.408 0.044 0.070 8
9 0.061 0.730 0.040 0.063 9
10 0.651 0.915 0.041 0.065 10
12 0.831 0.748 0.042 0.067 12
13 0.592 0.053 0.041 0.065 13
14 0.761 0.388 0.040 0.063 14
15 0.129 0.912 0.048 0.077 15
16 0.354 0.088 0.042 0.067 16
17 0.758 0.432 0.042 0.067 17
18 0.372 0.707 0.042 0.067 18
19 0.685 0.218 0.037 0.060 19
20 0.630 0.420 0.042 0.067 20
21 0.171 0.280 0.042 0.067 21
22 0.554 0.563 0.040 0.063 22
23 0.666 0.577 0.041 0.065 23
24 0.550 0.770 0.040 0.063 24
25 0.009 0.552 0.042 0.067 25
27 0.768 0.152 0.036 0.058 27
28 0.861 0.953 0.035 0.057 28
29 0.980 0.975 0.032 0.052 29
30 0.292 0.863 0.044 0.070 30
31 0.422 0.455 0.048 0.077 31
32 0.469 0.413 0.048 0.077 32
33 0.804 0.570 0.040 0.063 33
34 0.316 0.273 0.037 0.060 34
36 0.595 0.757 0.041 0.065 36
37 0.647 0.578 0.041 0.065 37
38 0.727 0.030 0.044 0.070 38
39 0.481 0.122 0.040 0.063 39
40 0.785 0.755 0.032 0.052 40
41 0.744 0.547 0.041 0.065 41
42 0.950 0.698 0.036 0.058 42
43 0.125 0.588 0.040 0.063 43
44 0.677 0.832 0.041 0.065 44
45 0.013 0.713 0.034 0.055 45
46 0.269 0.822 0.035 0.057 46
47 0.880 0.437 0.034 0.055 47
48 0.673 0.785 0.037 0.060 48
49 0.669 0.548 0.032 0.052 49
50 0.364 0.323 0.037 0.060 50
51 0.233 0.787 0.044 0.070 51
52 0.928 0.177 0.035 0.057 52
53 0.453 1.000 0.031 0.050 53
54 0.184 0.048 0.035 0.057 54
55 0.592 0.308 0.042 0.067 55
56 0.585 0.263 0.040 0.063 56
57 0.787 1.000 0.041 0.065 57
59 0.549 0.223 0.032 0.052 59
60 0.807 0.605 0.042 0.067 60
