1 0.543 0.857 0.043 0.068 1
2 0.832 0.963 0.043 0.068 2
3 0.850 0.588 0.048 0.077 3
4 0.104 0.603 0.042 0.067 4
5 0.327 0.478 0.040 0.063 5
6 0.028 0.453 0.042 0.067 6
7 0.549 0.350 0.036 0.058 7
8 0.823 0.408 0.044 0.070 8
9 0.060 0.722 0.036 0.058 9
10 0.653 0.908 0.040 0.063 10
12 0.831 0.750 0.041 0.065 12
13 0.596 0.055 0.042 0.067 13
14 0.761 0.390 0.041 0.065 14
15 0.132 0.912 0.044 0.070 15
16 0.354 0.087 0.046 0.073 16
17 0.757 0.422 0.035 0.057 17
18 0.371 0.710 0.042 0.067 18
19 0.683 0.222 0.037 0.060 19
20 0.629 0.413 0.045 0.072 20
21 0.171 0.277 0.042 0.067 21
22 0.553 0.562 0.041 0.065 22
23 0.662 0.578 0.041 0.065 23
24 0.547 0.768 0.042 0.067 24
25 0.006 0.555 0.048 0.077 25
27 0.771 0.152 0.036 0.058 27
28 0.867 0.953 0.036 0.058 28
29 0.975 0.968 0.037 0.060 29
30 0.294 0.870 0.042 0.067 30
31 0.422 0.455 0.044 0.070 31
32 0.471 0.415 0.048 0.077 32
33 0.802 0.570 0.042 0.067 33
34 0.316 0.277 0.040 0.063 34
36 0.590 0.757 0.035 0.057 36
37 0.647 0.578 0.040 0.063 37
38 0.730 0.028 0.044 0.070 38
39 0.483 0.118 0.041 0.065 39
40 0.789 0.750 0.033 0.053 40
41 0.748 0.548 0.040 0.063 41
42 0.951 0.705 0.036 0.058 42
43 0.124 0.592 0.042 0.067 43
44 0.675 0.833 0.042 0.067 44
45 0.013 0.710 0.042 0.067 45
46 0.275 0.827 0.037 0.060 46
47 0.880 0.442 0.032 0.052 47
48 0.672 0.785 0.037 0.060 48
49 0.664 0.547 0.030 0.048 49
50 0.367 0.315 0.042 0.067 50
51 0.236 0.790 0.035 0.057 51
52 0.926 0.180 0.037 0.060 52
53 0.451 1.000 0.037 0.060 53
54 0.181 0.048 0.032 0.052 54
55 0.593 0.302 0.042 0.067 55
56 0.586 0.263 0.037 0.060 56
57 0.787 1.000 0.033 0.053 57
59 0.547 0.217 0.034 0.055 59
60 0.809 0.607 0.042 0.067 60
