1 0.552 0.868 0.042 0.067 1
2 0.833 0.957 0.048 0.077 2
3 0.857 0.595 0.045 0.072 3
4 0.093 0.622 0.044 0.070 4
5 0.320 0.487 0.037 0.060 5
6 0.027 0.442 0.040 0.063 6
7 0.555 0.338 0.042 0.067 7
8 0.823 0.408 0.042 0.067 8
9 0.058 0.737 0.040 0.063 9
10 0.653 0.918 0.040 0.063 10
12 0.829 0.737 0.040 0.063 12
13 0.589 0.062 0.041 0.065 13
14 0.772 0.393 0.037 0.060 14
15 0.126 0.907 0.046 0.073 15
16 0.360 0.098 0.048 0.077 16
17 0.766 0.442 0.040 0.063 17
18 0.374 0.703 0.042 0.067 18
19 0.684 0.217 0.040 0.063 19
20 0.630 0.415 0.044 0.070 20
21 0.168 0.280 0.041 0.065 21
22 0.553 0.580 0.044 0.070 22
23 0.669 0.580 0.037 0.060 23
24 0.552 0.780 0.040 0.063 24
25 0.011 0.565 0.048 0.077 25
27 0.764 0.155 0.037 0.060 27
28 0.863 0.960 0.034 0.055 28
29 0.972 0.967 0.033 0.053 29
30 0.290 0.865 0.042 0.067 30
31 0.417 0.448 0.042 0.067 31
32 0.472 0.407 0.041 0.065 32
33 0.810 0.575 0.037 0.060 33
34 0.318 0.265 0.040 0.063 34
36 0.603 0.758 0.037 0.060 36
37 0.650 0.578 0.034 0.055 37
38 0.722 0.040 0.042 0.067 38
39 0.476 0.130 0.040 0.063 39
40 0.782 0.760 0.033 0.053 40
41 0.735 0.538 0.040 0.063 41
42 0.950 0.688 0.036 0.058 42
43 0.125 0.583 0.036 0.058 43
44 0.681 0.823 0.044 0.070 44
45 0.010 0.717 0.030 0.048 45
46 0.267 0.810 0.036 0.058 46
47 0.882 0.440 0.035 0.057 47
48 0.674 0.790 0.036 0.058 48
49 0.671 0.545 0.035 0.057 49
50 0.355 0.332 0.041 0.065 50
51 0.230 0.803 0.035 0.057 51
52 0.927 0.175 0.035 0.057 52
53 0.449 0.998 0.030 0.048 53
54 0.186 0.043 0.037 0.060 54
55 0.586 0.320 0.044 0.070 55
56 0.588 0.268 0.032 0.052 56
57 0.791 0.998 0.042 0.067 57
59 0.545 0.230 0.035 0.057 59
60 0.799 0.610 0.037 0.060 60
