1 0.546 0.857 0.046 0.073 1
2 0.831 0.962 0.048 0.077 2
3 0.853 0.593 0.045 0.072 3
4 0.103 0.610 0.043 0.068 4
5 0.325 0.478 0.037 0.060 5
6 0.028 0.448 0.037 0.060 6
7 0.553 0.325 0.048 0.077 7
8 0.822 0.407 0.042 0.067 8
9 0.061 0.727 0.037 0.060 9
10 0.652 0.912 0.037 0.060 10
12 0.833 0.752 0.036 0.058 12
13 0.592 0.053 0.041 0.065 13
14 0.764 0.390 0.041 0.065 14
15 0.128 0.913 0.048 0.077 15
16 0.356 0.093 0.042 0.067 16
17 0.757 0.427 0.046 0.073 17
18 0.371 0.707 0.043 0.068 18
19 0.683 0.220 0.037 0.060 19
20 0.628 0.415 0.046 0.073 20
21 0.170 0.278 0.044 0.070 21
22 0.554 0.567 0.041 0.065 22
23 0.667 0.582 0.040 0.063 23
24 0.549 0.768 0.037 0.060 24
25 0.009 0.555 0.043 0.068 25
27 0.769 0.150 0.036 0.058 27
28 0.867 0.958 0.034 0.055 28
29 0.977 0.970 0.036 0.058 29
30 0.292 0.867 0.042 0.067 30
31 0.421 0.457 0.048 0.077 31
32 0.472 0.417 0.042 0.067 32
33 0.804 0.570 0.040 0.063 33
34 0.317 0.273 0.040 0.063 34
36 0.595 0.757 0.041 0.065 36
37 0.647 0.578 0.036 0.058 37
38 0.726 0.035 0.043 0.068 38
39 0.481 0.122 0.037 0.060 39
40 0.785 0.752 0.035 0.057 40
41 0.740 0.547 0.032 0.052 41
42 0.950 0.698 0.035 0.057 42
43 0.125 0.590 0.041 0.065 43
44 0.678 0.833 0.035 0.057 44
45 0.013 0.712 0.035 0.057 45
46 0.271 0.823 0.037 0.060 46
47 0.879 0.438 0.034 0.055 47
48 0.671 0.783 0.036 0.058 48
49 0.669 0.548 0.032 0.052 49
50 0.367 0.313 0.032 0.052 50
51 0.233 0.792 0.032 0.052 51
52 0.926 0.178 0.036 0.058 52
53 0.454 1.000 0.031 0.050 53
54 0.182 0.050 0.037 0.060 54
55 0.593 0.307 0.042 0.067 55
56 0.585 0.262 0.036 0.058 56
57 0.787 0.998 0.036 0.058 57
59 0.547 0.223 0.035 0.057 59
60 0.808 0.605 0.041 0.065 60
