1 0.537 0.855 0.041 0.065 1
2 0.829 0.955 0.048 0.077 2
3 0.852 0.592 0.044 0.070 3
4 0.105 0.600 0.042 0.067 4
5 0.327 0.475 0.040 0.063 5
6 0.027 0.450 0.041 0.065 6
7 0.552 0.350 0.042 0.067 7
8 0.822 0.410 0.044 0.070 8
9 0.058 0.722 0.044 0.070 9
10 0.654 0.905 0.037 0.060 10
12 0.834 0.753 0.044 0.070 12
13 0.596 0.052 0.042 0.067 13
14 0.759 0.390 0.041 0.065 14
15 0.132 0.905 0.042 0.067 15
16 0.354 0.092 0.045 0.072 16
17 0.753 0.422 0.048 0.077 17
18 0.369 0.713 0.041 0.065 18
19 0.681 0.220 0.040 0.063 19
20 0.628 0.415 0.045 0.072 20
21 0.171 0.273 0.042 0.067 21
22 0.553 0.555 0.041 0.065 22
23 0.662 0.580 0.040 0.063 23
24 0.548 0.763 0.042 0.067 24
25 0.008 0.553 0.042 0.067 25
27 0.774 0.155 0.035 0.057 27
28 0.868 0.952 0.034 0.055 28
29 0.975 0.967 0.040 0.063 29
30 0.292 0.870 0.042 0.067 30
31 0.420 0.453 0.042 0.067 31
32 0.470 0.423 0.041 0.065 32
33 0.801 0.570 0.041 0.065 33
34 0.316 0.275 0.042 0.067 34
36 0.588 0.760 0.035 0.057 36
37 0.647 0.580 0.037 0.060 37
38 0.729 0.027 0.042 0.067 38
39 0.485 0.118 0.041 0.065 39
40 0.790 0.748 0.033 0.053 40
41 0.752 0.543 0.035 0.057 41
42 0.952 0.707 0.036 0.058 42
43 0.127 0.597 0.036 0.058 43
44 0.676 0.837 0.036 0.058 44
45 0.018 0.713 0.037 0.060 45
46 0.281 0.830 0.035 0.057 46
47 0.878 0.443 0.035 0.057 47
48 0.668 0.785 0.033 0.053 48
49 0.665 0.553 0.035 0.057 49
50 0.366 0.305 0.035 0.057 50
51 0.231 0.782 0.037 0.060 51
52 0.924 0.180 0.037 0.060 52
53 0.457 1.000 0.035 0.057 53
54 0.181 0.053 0.036 0.058 54
55 0.593 0.298 0.044 0.070 55
56 0.589 0.267 0.034 0.055 56
57 0.787 1.000 0.032 0.052 57
59 0.548 0.213 0.037 0.060 59
60 0.812 0.608 0.043 0.068 60
