1 0.548 0.865 0.041 0.065 1
2 0.833 0.948 0.048 0.077 2
3 0.855 0.593 0.047 0.075 3
4 0.099 0.617 0.041 0.065 4
5 0.323 0.480 0.040 0.063 5
6 0.027 0.445 0.040 0.063 6
7 0.552 0.347 0.040 0.063 7
8 0.823 0.408 0.044 0.070 8
9 0.058 0.733 0.042 0.067 9
10 0.652 0.915 0.037 0.060 10
12 0.828 0.743 0.041 0.065 12
13 0.591 0.057 0.041 0.065 13
14 0.764 0.390 0.040 0.063 14
15 0.126 0.912 0.047 0.075 15
16 0.356 0.092 0.044 0.070 16
17 0.760 0.432 0.041 0.065 17
18 0.372 0.708 0.040 0.063 18
19 0.683 0.220 0.037 0.060 19
20 0.628 0.417 0.045 0.072 20
21 0.170 0.278 0.044 0.070 21
22 0.553 0.568 0.043 0.068 22
23 0.666 0.580 0.040 0.063 23
24 0.553 0.778 0.042 0.067 24
25 0.008 0.558 0.044 0.070 25
27 0.767 0.152 0.037 0.060 27
28 0.860 0.955 0.035 0.057 28
29 0.973 0.957 0.042 0.067 29
30 0.290 0.868 0.040 0.063 30
31 0.420 0.447 0.040 0.063 31
32 0.468 0.413 0.048 0.077 32
33 0.804 0.572 0.036 0.058 33
34 0.318 0.272 0.040 0.063 34
36 0.596 0.755 0.036 0.058 36
37 0.647 0.578 0.041 0.065 37
38 0.726 0.037 0.042 0.067 38
39 0.480 0.132 0.048 0.077 39
40 0.784 0.757 0.033 0.053 40
41 0.741 0.545 0.041 0.065 41
42 0.951 0.695 0.040 0.063 42
43 0.125 0.587 0.036 0.058 43
44 0.678 0.830 0.035 0.057 44
45 0.013 0.713 0.035 0.057 45
46 0.270 0.818 0.035 0.057 46
47 0.880 0.437 0.035 0.057 47
48 0.671 0.783 0.034 0.055 48
49 0.670 0.545 0.035 0.057 49
50 0.362 0.328 0.042 0.067 50
51 0.234 0.797 0.035 0.057 51
52 0.927 0.177 0.035 0.057 52
53 0.453 0.997 0.035 0.057 53
54 0.185 0.047 0.035 0.057 54
55 0.592 0.313 0.042 0.067 55
56 0.586 0.268 0.044 0.070 56
57 0.786 1.000 0.037 0.060 57
59 0.546 0.227 0.034 0.055 59
60 0.806 0.605 0.040 0.063 60
