1 0.543 0.857 0.041 0.065 1
2 0.829 0.953 0.047 0.075 2
3 0.853 0.587 0.044 0.070 3
4 0.104 0.605 0.042 0.067 4
5 0.326 0.478 0.040 0.063 5
6 0.027 0.452 0.036 0.058 6
7 0.553 0.350 0.036 0.058 7
8 0.823 0.408 0.043 0.068 8
9 0.062 0.723 0.042 0.067 9
10 0.653 0.908 0.037 0.060 10
12 0.831 0.748 0.041 0.065 12
13 0.596 0.055 0.042 0.067 13
14 0.761 0.392 0.040 0.063 14
15 0.129 0.912 0.048 0.077 15
16 0.353 0.087 0.044 0.070 16
17 0.758 0.425 0.040 0.063 17
18 0.371 0.713 0.040 0.063 18
19 0.682 0.220 0.037 0.060 19
20 0.628 0.412 0.048 0.077 20
21 0.172 0.277 0.042 0.067 21
22 0.552 0.560 0.042 0.067 22
23 0.662 0.582 0.036 0.058 23
24 0.547 0.765 0.037 0.060 24
25 0.008 0.552 0.042 0.067 25
27 0.770 0.152 0.036 0.058 27
28 0.867 0.955 0.033 0.053 28
29 0.976 0.970 0.035 0.057 29
30 0.293 0.868 0.042 0.067 30
31 0.421 0.455 0.044 0.070 31
32 0.471 0.415 0.048 0.077 32
33 0.800 0.570 0.041 0.065 33
34 0.316 0.277 0.040 0.063 34
36 0.591 0.758 0.035 0.057 36
37 0.648 0.582 0.032 0.052 37
38 0.727 0.028 0.044 0.070 38
39 0.483 0.120 0.040 0.063 39
40 0.787 0.752 0.034 0.055 40
41 0.746 0.548 0.041 0.065 41
42 0.950 0.705 0.032 0.052 42
43 0.125 0.590 0.041 0.065 43
44 0.677 0.835 0.037 0.060 44
45 0.016 0.712 0.035 0.057 45
46 0.277 0.828 0.035 0.057 46
47 0.880 0.440 0.035 0.057 47
48 0.671 0.782 0.035 0.057 48
49 0.667 0.548 0.037 0.060 49
50 0.365 0.317 0.041 0.065 50
51 0.234 0.793 0.040 0.063 51
52 0.926 0.180 0.037 0.060 52
53 0.454 0.998 0.032 0.052 53
54 0.183 0.052 0.035 0.057 54
55 0.593 0.303 0.042 0.067 55
56 0.586 0.263 0.037 0.060 56
57 0.787 1.000 0.039 0.062 57
59 0.550 0.220 0.032 0.052 59
60 0.810 0.607 0.041 0.065 60
