1 0.553 0.877 0.041 0.065 1
2 0.833 0.963 0.046 0.073 2
3 0.857 0.597 0.044 0.070 3
4 0.091 0.627 0.048 0.077 4
5 0.318 0.490 0.041 0.065 5
6 0.028 0.437 0.040 0.063 6
7 0.555 0.335 0.048 0.077 7
8 0.823 0.408 0.041 0.065 8
9 0.056 0.740 0.040 0.063 9
10 0.656 0.923 0.037 0.060 10
12 0.827 0.733 0.042 0.067 12
13 0.586 0.063 0.040 0.063 13
14 0.768 0.388 0.044 0.070 14
15 0.121 0.908 0.044 0.070 15
16 0.356 0.098 0.042 0.067 16
17 0.767 0.442 0.042 0.067 17
18 0.375 0.697 0.043 0.068 18
19 0.685 0.215 0.036 0.058 19
20 0.631 0.417 0.044 0.070 20
21 0.168 0.280 0.042 0.067 21
22 0.551 0.583 0.042 0.067 22
23 0.667 0.578 0.037 0.060 23
24 0.552 0.790 0.044 0.070 24
25 0.011 0.562 0.042 0.067 25
27 0.761 0.157 0.037 0.060 27
28 0.860 0.962 0.035 0.057 28
29 0.976 0.968 0.048 0.077 29
30 0.289 0.870 0.035 0.057 30
31 0.414 0.450 0.041 0.065 31
32 0.473 0.405 0.037 0.060 32
33 0.812 0.577 0.042 0.067 33
34 0.316 0.263 0.042 0.067 34
36 0.604 0.765 0.035 0.057 36
37 0.646 0.577 0.035 0.057 37
38 0.720 0.040 0.041 0.065 38
39 0.474 0.133 0.040 0.063 39
40 0.780 0.763 0.035 0.057 40
41 0.732 0.532 0.037 0.060 41
42 0.951 0.683 0.043 0.068 42
43 0.127 0.582 0.036 0.058 43
44 0.686 0.825 0.037 0.060 44
45 0.007 0.717 0.032 0.052 45
46 0.268 0.803 0.037 0.060 46
47 0.883 0.440 0.037 0.060 47
48 0.674 0.792 0.037 0.060 48
49 0.672 0.547 0.035 0.057 49
50 0.353 0.332 0.041 0.065 50
51 0.229 0.807 0.035 0.057 51
52 0.929 0.172 0.035 0.057 52
53 0.440 0.997 0.032 0.052 53
54 0.188 0.040 0.036 0.058 54
55 0.582 0.322 0.048 0.077 55
56 0.586 0.263 0.037 0.060 56
57 0.789 1.000 0.041 0.065 57
59 0.541 0.235 0.033 0.053 59
60 0.796 0.608 0.036 0.058 60
