1 0.534 0.855 0.042 0.067 1
2 0.833 0.957 0.044 0.070 2
3 0.849 0.590 0.045 0.072 3
4 0.104 0.590 0.045 0.072 4
5 0.331 0.473 0.040 0.063 5
6 0.029 0.457 0.037 0.060 6
7 0.556 0.332 0.048 0.077 7
8 0.822 0.407 0.044 0.070 8
9 0.057 0.712 0.041 0.065 9
10 0.656 0.905 0.037 0.060 10
12 0.836 0.757 0.042 0.067 12
13 0.599 0.057 0.041 0.065 13
14 0.757 0.387 0.041 0.065 14
15 0.129 0.910 0.047 0.075 15
16 0.350 0.092 0.044 0.070 16
17 0.755 0.413 0.042 0.067 17
18 0.371 0.718 0.040 0.063 18
19 0.679 0.218 0.035 0.057 19
20 0.623 0.403 0.032 0.052 20
21 0.170 0.272 0.043 0.068 21
22 0.548 0.548 0.035 0.057 22
23 0.661 0.583 0.041 0.065 23
24 0.542 0.765 0.041 0.065 24
25 0.005 0.550 0.046 0.073 25
27 0.777 0.158 0.035 0.057 27
28 0.864 0.947 0.034 0.055 28
29 0.972 0.967 0.037 0.060 29
30 0.293 0.872 0.042 0.067 30
31 0.415 0.477 0.048 0.077 31
32 0.467 0.417 0.043 0.068 32
33 0.798 0.565 0.042 0.067 33
34 0.310 0.275 0.037 0.060 34
36 0.585 0.767 0.037 0.060 36
37 0.646 0.578 0.037 0.060 37
38 0.731 0.023 0.041 0.065 38
39 0.487 0.115 0.041 0.065 39
40 0.789 0.745 0.033 0.053 40
41 0.754 0.540 0.036 0.058 41
42 0.953 0.712 0.035 0.057 42
43 0.126 0.600 0.041 0.065 43
44 0.672 0.842 0.041 0.065 44
45 0.021 0.713 0.042 0.067 45
46 0.287 0.832 0.037 0.060 46
47 0.880 0.447 0.036 0.058 47
48 0.669 0.788 0.042 0.067 48
49 0.662 0.553 0.032 0.052 49
50 0.368 0.302 0.046 0.073 50
51 0.235 0.782 0.037 0.060 51
52 0.921 0.180 0.034 0.055 52
53 0.460 0.998 0.035 0.057 53
54 0.179 0.055 0.035 0.057 54
55 0.590 0.297 0.042 0.067 55
56 0.590 0.267 0.041 0.065 56
57 0.786 1.000 0.035 0.057 57
59 0.548 0.210 0.032 0.052 59
60 0.816 0.613 0.042 0.067 60
