1 0.544 0.855 0.041 0.065 1
2 0.832 0.962 0.044 0.070 2
3 0.854 0.592 0.045 0.072 3
4 0.103 0.602 0.037 0.060 4
5 0.327 0.478 0.040 0.063 5
6 0.028 0.452 0.036 0.058 6
7 0.552 0.348 0.042 0.067 7
8 0.822 0.410 0.046 0.073 8
9 0.061 0.723 0.042 0.067 9
10 0.652 0.908 0.040 0.063 10
12 0.831 0.750 0.042 0.067 12
13 0.594 0.052 0.037 0.060 13
14 0.761 0.392 0.041 0.065 14
15 0.128 0.908 0.044 0.070 15
16 0.354 0.088 0.041 0.065 16
17 0.759 0.423 0.037 0.060 17
18 0.371 0.712 0.041 0.065 18
19 0.685 0.220 0.041 0.065 19
20 0.630 0.412 0.042 0.067 20
21 0.171 0.278 0.043 0.068 21
22 0.552 0.558 0.037 0.060 22
23 0.665 0.582 0.041 0.065 23
24 0.551 0.765 0.048 0.077 24
25 0.008 0.555 0.044 0.070 25
27 0.770 0.150 0.036 0.058 27
28 0.866 0.952 0.037 0.060 28
29 0.977 0.968 0.037 0.060 29
30 0.294 0.868 0.040 0.063 30
31 0.423 0.455 0.042 0.067 31
32 0.470 0.413 0.048 0.077 32
33 0.802 0.572 0.040 0.063 33
34 0.316 0.275 0.040 0.063 34
36 0.590 0.755 0.035 0.057 36
37 0.646 0.578 0.035 0.057 37
38 0.728 0.030 0.042 0.067 38
39 0.483 0.120 0.040 0.063 39
40 0.786 0.753 0.035 0.057 40
41 0.748 0.548 0.035 0.057 41
42 0.951 0.702 0.042 0.067 42
43 0.126 0.592 0.037 0.060 43
44 0.676 0.835 0.037 0.060 44
45 0.015 0.712 0.035 0.057 45
46 0.275 0.827 0.035 0.057 46
47 0.878 0.435 0.036 0.058 47
48 0.671 0.783 0.035 0.057 48
49 0.667 0.550 0.036 0.058 49
50 0.366 0.312 0.035 0.057 50
51 0.235 0.783 0.046 0.073 51
52 0.925 0.178 0.032 0.052 52
53 0.454 0.997 0.037 0.060 53
54 0.182 0.052 0.034 0.055 54
55 0.593 0.303 0.042 0.067 55
56 0.584 0.265 0.035 0.057 56
57 0.790 1.000 0.035 0.057 57
59 0.549 0.215 0.043 0.068 59
60 0.808 0.605 0.042 0.067 60
