1 0.544 0.858 0.042 0.067 1
2 0.832 0.960 0.042 0.067 2
3 0.852 0.590 0.046 0.073 3
4 0.103 0.608 0.044 0.070 4
5 0.326 0.477 0.040 0.063 5
6 0.028 0.452 0.042 0.067 6
7 0.552 0.347 0.037 0.060 7
8 0.823 0.408 0.044 0.070 8
9 0.062 0.732 0.048 0.077 9
10 0.652 0.910 0.040 0.063 10
12 0.830 0.747 0.041 0.065 12
13 0.593 0.052 0.041 0.065 13
14 0.761 0.392 0.042 0.067 14
15 0.129 0.913 0.048 0.077 15
16 0.354 0.088 0.046 0.073 16
17 0.759 0.423 0.036 0.058 17
18 0.372 0.712 0.041 0.065 18
19 0.683 0.222 0.037 0.060 19
20 0.628 0.415 0.046 0.073 20
21 0.172 0.277 0.041 0.065 21
22 0.552 0.558 0.036 0.058 22
23 0.664 0.578 0.037 0.060 23
24 0.549 0.772 0.042 0.067 24
25 0.010 0.553 0.037 0.060 25
27 0.770 0.155 0.040 0.063 27
28 0.869 0.957 0.035 0.057 28
29 0.977 0.970 0.037 0.060 29
30 0.293 0.865 0.042 0.067 30
31 0.421 0.450 0.040 0.063 31
32 0.472 0.418 0.041 0.065 32
33 0.803 0.570 0.042 0.067 33
34 0.316 0.275 0.037 0.060 34
36 0.593 0.755 0.036 0.058 36
37 0.647 0.580 0.032 0.052 37
38 0.728 0.032 0.041 0.065 38
39 0.483 0.120 0.042 0.067 39
40 0.786 0.752 0.032 0.052 40
41 0.745 0.550 0.036 0.058 41
42 0.950 0.700 0.036 0.058 42
43 0.125 0.590 0.040 0.063 43
44 0.675 0.833 0.040 0.063 44
45 0.015 0.712 0.035 0.057 45
46 0.273 0.825 0.037 0.060 46
47 0.880 0.440 0.036 0.058 47
48 0.671 0.785 0.037 0.060 48
49 0.664 0.545 0.032 0.052 49
50 0.367 0.320 0.042 0.067 50
51 0.231 0.792 0.042 0.067 51
52 0.925 0.178 0.035 0.057 52
53 0.454 1.000 0.030 0.048 53
54 0.184 0.047 0.032 0.052 54
55 0.594 0.310 0.046 0.073 55
56 0.583 0.263 0.035 0.057 56
57 0.787 0.998 0.035 0.057 57
59 0.546 0.218 0.036 0.058 59
60 0.808 0.607 0.041 0.065 60
