1 0.550 0.865 0.042 0.067 1
2 0.828 0.957 0.042 0.067 2
3 0.854 0.593 0.046 0.073 3
4 0.098 0.618 0.042 0.067 4
5 0.323 0.483 0.037 0.060 5
6 0.028 0.442 0.040 0.063 6
7 0.554 0.343 0.044 0.070 7
8 0.822 0.407 0.042 0.067 8
9 0.059 0.735 0.037 0.060 9
10 0.652 0.913 0.035 0.057 10
12 0.829 0.743 0.042 0.067 12
13 0.590 0.057 0.040 0.063 13
14 0.762 0.390 0.041 0.065 14
15 0.131 0.913 0.047 0.075 15
16 0.358 0.102 0.035 0.057 16
17 0.764 0.433 0.037 0.060 17
18 0.372 0.702 0.042 0.067 18
19 0.685 0.217 0.037 0.060 19
20 0.630 0.418 0.044 0.070 20
21 0.170 0.280 0.041 0.065 21
22 0.554 0.573 0.043 0.068 22
23 0.665 0.578 0.035 0.057 23
24 0.552 0.778 0.041 0.065 24
25 0.010 0.558 0.042 0.067 25
27 0.766 0.152 0.037 0.060 27
28 0.863 0.957 0.032 0.052 28
29 0.977 0.972 0.035 0.057 29
30 0.291 0.868 0.042 0.067 30
31 0.418 0.447 0.041 0.065 31
32 0.470 0.410 0.044 0.070 32
33 0.807 0.573 0.036 0.058 33
34 0.319 0.268 0.040 0.063 34
36 0.599 0.757 0.037 0.060 36
37 0.648 0.577 0.042 0.067 37
38 0.725 0.037 0.042 0.067 38
39 0.479 0.125 0.040 0.063 39
40 0.783 0.760 0.036 0.058 40
41 0.740 0.543 0.035 0.057 41
42 0.950 0.692 0.035 0.057 42
43 0.125 0.585 0.036 0.058 43
44 0.679 0.830 0.037 0.060 44
45 0.009 0.713 0.035 0.057 45
46 0.269 0.823 0.048 0.077 46
47 0.880 0.440 0.036 0.058 47
48 0.673 0.787 0.035 0.057 48
49 0.668 0.548 0.036 0.058 49
50 0.362 0.330 0.044 0.070 50
51 0.232 0.793 0.048 0.077 51
52 0.926 0.173 0.037 0.060 52
53 0.449 0.998 0.033 0.053 53
54 0.184 0.045 0.040 0.063 54
55 0.589 0.308 0.048 0.077 55
56 0.586 0.262 0.037 0.060 56
57 0.787 0.993 0.035 0.057 57
59 0.548 0.228 0.032 0.052 59
60 0.803 0.607 0.040 0.063 60
