1 0.554 0.880 0.041 0.065 1
2 0.828 0.948 0.048 0.077 2
3 0.856 0.595 0.042 0.067 3
4 0.091 0.620 0.042 0.067 4
5 0.318 0.492 0.040 0.063 5
6 0.029 0.435 0.040 0.063 6
7 0.554 0.335 0.047 0.075 7
8 0.825 0.408 0.043 0.068 8
9 0.054 0.740 0.042 0.067 9
10 0.656 0.918 0.036 0.058 10
12 0.827 0.732 0.035 0.057 12
13 0.589 0.063 0.042 0.067 13
14 0.768 0.388 0.044 0.070 14
15 0.127 0.913 0.045 0.072 15
16 0.360 0.102 0.047 0.075 16
17 0.769 0.452 0.036 0.058 17
18 0.375 0.700 0.042 0.067 18
19 0.682 0.213 0.037 0.060 19
20 0.631 0.417 0.044 0.070 20
21 0.166 0.283 0.041 0.065 21
22 0.550 0.583 0.035 0.057 22
23 0.667 0.578 0.037 0.060 23
24 0.552 0.787 0.040 0.063 24
25 0.015 0.562 0.040 0.063 25
27 0.762 0.157 0.037 0.060 27
28 0.857 0.960 0.044 0.070 28
29 0.973 0.973 0.035 0.057 29
30 0.290 0.863 0.042 0.067 30
31 0.414 0.448 0.042 0.067 31
32 0.472 0.405 0.041 0.065 32
33 0.812 0.575 0.041 0.065 33
34 0.315 0.258 0.042 0.067 34
36 0.606 0.765 0.037 0.060 36
37 0.646 0.577 0.035 0.057 37
38 0.720 0.040 0.041 0.065 38
39 0.471 0.138 0.042 0.067 39
40 0.779 0.762 0.036 0.058 40
41 0.731 0.532 0.035 0.057 41
42 0.952 0.687 0.037 0.060 42
43 0.126 0.580 0.040 0.063 43
44 0.685 0.825 0.040 0.063 44
45 0.000 0.705 0.040 0.063 45
46 0.270 0.798 0.036 0.058 46
47 0.884 0.443 0.037 0.060 47
48 0.675 0.792 0.036 0.058 48
49 0.670 0.543 0.037 0.060 49
50 0.356 0.330 0.036 0.058 50
51 0.225 0.808 0.035 0.057 51
52 0.928 0.172 0.037 0.060 52
53 0.440 0.997 0.032 0.052 53
54 0.185 0.038 0.040 0.063 54
55 0.585 0.320 0.044 0.070 55
56 0.588 0.263 0.037 0.060 56
57 0.787 0.998 0.043 0.068 57
59 0.543 0.235 0.035 0.057 59
60 0.795 0.610 0.036 0.058 60
