1 0.547 0.862 0.042 0.067 1
2 0.833 0.958 0.048 0.077 2
3 0.852 0.598 0.042 0.067 3
4 0.101 0.613 0.042 0.067 4
5 0.324 0.478 0.040 0.063 5
6 0.028 0.447 0.037 0.060 6
7 0.553 0.323 0.048 0.077 7
8 0.822 0.407 0.042 0.067 8
9 0.061 0.732 0.042 0.067 9
10 0.652 0.912 0.037 0.060 10
12 0.829 0.747 0.040 0.063 12
13 0.590 0.055 0.042 0.067 13
14 0.762 0.390 0.041 0.065 14
15 0.131 0.913 0.048 0.077 15
16 0.355 0.088 0.046 0.073 16
17 0.759 0.430 0.041 0.065 17
18 0.373 0.710 0.042 0.067 18
19 0.684 0.220 0.040 0.063 19
20 0.631 0.420 0.041 0.065 20
21 0.171 0.278 0.042 0.067 21
22 0.555 0.562 0.035 0.057 22
23 0.666 0.580 0.040 0.063 23
24 0.550 0.772 0.037 0.060 24
25 0.009 0.555 0.044 0.070 25
27 0.769 0.152 0.035 0.057 27
28 0.867 0.958 0.034 0.055 28
29 0.976 0.970 0.035 0.057 29
30 0.293 0.865 0.043 0.068 30
31 0.423 0.452 0.048 0.077 31
32 0.470 0.415 0.046 0.073 32
33 0.804 0.572 0.041 0.065 33
34 0.319 0.275 0.042 0.067 34
36 0.596 0.758 0.037 0.060 36
37 0.647 0.578 0.041 0.065 37
38 0.725 0.033 0.042 0.067 38
39 0.480 0.123 0.041 0.065 39
40 0.785 0.755 0.035 0.057 40
41 0.743 0.545 0.035 0.057 41
42 0.951 0.697 0.035 0.057 42
43 0.125 0.593 0.041 0.065 43
44 0.678 0.830 0.035 0.057 44
45 0.014 0.713 0.035 0.057 45
46 0.271 0.823 0.035 0.057 46
47 0.880 0.438 0.034 0.055 47
48 0.673 0.785 0.037 0.060 48
49 0.667 0.545 0.036 0.058 49
50 0.364 0.323 0.043 0.068 50
51 0.232 0.793 0.034 0.055 51
52 0.927 0.180 0.035 0.057 52
53 0.453 1.000 0.031 0.050 53
54 0.182 0.050 0.035 0.057 54
55 0.595 0.308 0.048 0.077 55
56 0.585 0.267 0.037 0.060 56
57 0.787 1.000 0.037 0.060 57
59 0.547 0.222 0.033 0.053 59
60 0.805 0.603 0.044 0.070 60
