1 0.553 0.883 0.042 0.067 1
2 0.827 0.937 0.036 0.058 2
3 0.855 0.595 0.048 0.077 3
4 0.091 0.618 0.037 0.060 4
5 0.320 0.492 0.040 0.063 5
6 0.031 0.433 0.037 0.060 6
7 0.551 0.333 0.044 0.070 7
8 0.826 0.408 0.044 0.070 8
9 0.051 0.737 0.042 0.067 9
10 0.658 0.918 0.037 0.060 10
12 0.827 0.727 0.037 0.060 12
13 0.591 0.068 0.040 0.063 13
14 0.768 0.390 0.042 0.067 14
15 0.122 0.908 0.034 0.055 15
16 0.357 0.103 0.044 0.070 16
17 0.769 0.452 0.044 0.070 17
18 0.375 0.697 0.041 0.065 18
19 0.681 0.212 0.037 0.060 19
20 0.631 0.415 0.044 0.070 20
21 0.166 0.280 0.035 0.057 21
22 0.550 0.583 0.036 0.058 22
23 0.666 0.578 0.037 0.060 23
24 0.551 0.793 0.042 0.067 24
25 0.009 0.568 0.048 0.077 25
27 0.761 0.160 0.037 0.060 27
28 0.855 0.963 0.044 0.070 28
29 0.975 0.987 0.048 0.077 29
30 0.290 0.868 0.036 0.058 30
31 0.410 0.453 0.040 0.063 31
32 0.469 0.407 0.044 0.070 32
33 0.814 0.577 0.036 0.058 33
34 0.315 0.260 0.040 0.063 34
36 0.607 0.767 0.036 0.058 36
37 0.645 0.578 0.036 0.058 37
38 0.718 0.042 0.041 0.065 38
39 0.470 0.140 0.044 0.070 39
40 0.780 0.762 0.033 0.053 40
41 0.732 0.525 0.040 0.063 41
42 0.953 0.682 0.036 0.058 42
43 0.126 0.580 0.037 0.060 43
44 0.688 0.825 0.040 0.063 44
45 0.000 0.705 0.037 0.060 45
46 0.270 0.798 0.035 0.057 46
47 0.884 0.443 0.036 0.058 47
48 0.673 0.793 0.037 0.060 48
49 0.672 0.547 0.040 0.063 49
50 0.349 0.332 0.042 0.067 50
51 0.225 0.807 0.044 0.070 51
52 0.930 0.170 0.033 0.053 52
53 0.436 1.000 0.032 0.052 53
54 0.185 0.037 0.037 0.060 54
55 0.585 0.320 0.041 0.065 55
56 0.589 0.263 0.040 0.063 56
57 0.787 1.000 0.044 0.070 57
59 0.541 0.238 0.032 0.052 59
60 0.792 0.612 0.035 0.057 60
