1 0.551 0.863 0.044 0.070 1
2 0.833 0.958 0.048 0.077 2
3 0.854 0.592 0.045 0.072 3
4 0.100 0.615 0.035 0.057 4
5 0.322 0.482 0.040 0.063 5
6 0.028 0.447 0.036 0.058 6
7 0.553 0.342 0.041 0.065 7
8 0.822 0.408 0.044 0.070 8
9 0.059 0.735 0.041 0.065 9
10 0.652 0.918 0.040 0.063 10
12 0.829 0.743 0.043 0.068 12
13 0.589 0.057 0.041 0.065 13
14 0.766 0.388 0.042 0.067 14
15 0.124 0.910 0.044 0.070 15
16 0.359 0.090 0.044 0.070 16
17 0.762 0.433 0.037 0.060 17
18 0.373 0.707 0.041 0.065 18
19 0.686 0.218 0.036 0.058 19
20 0.628 0.415 0.048 0.077 20
21 0.171 0.282 0.043 0.068 21
22 0.553 0.570 0.041 0.065 22
23 0.666 0.578 0.042 0.067 23
24 0.553 0.780 0.042 0.067 24
25 0.010 0.558 0.045 0.072 25
27 0.766 0.152 0.037 0.060 27
28 0.865 0.957 0.035 0.057 28
29 0.976 0.970 0.036 0.058 29
30 0.291 0.863 0.045 0.072 30
31 0.418 0.447 0.042 0.067 31
32 0.469 0.413 0.048 0.077 32
33 0.806 0.573 0.041 0.065 33
34 0.317 0.267 0.042 0.067 34
36 0.597 0.757 0.036 0.058 36
37 0.647 0.578 0.040 0.063 37
38 0.723 0.038 0.037 0.060 38
39 0.476 0.130 0.048 0.077 39
40 0.783 0.758 0.035 0.057 40
41 0.739 0.545 0.040 0.063 41
42 0.950 0.693 0.042 0.067 42
43 0.125 0.587 0.037 0.060 43
44 0.679 0.827 0.036 0.058 44
45 0.010 0.713 0.035 0.057 45
46 0.272 0.812 0.048 0.077 46
47 0.881 0.438 0.036 0.058 47
48 0.673 0.785 0.036 0.058 48
49 0.670 0.545 0.036 0.058 49
50 0.361 0.325 0.042 0.067 50
51 0.233 0.798 0.036 0.058 51
52 0.928 0.177 0.037 0.060 52
53 0.452 1.000 0.030 0.048 53
54 0.184 0.047 0.035 0.057 54
55 0.588 0.317 0.048 0.077 55
56 0.586 0.263 0.037 0.060 56
57 0.789 1.000 0.035 0.057 57
59 0.546 0.225 0.037 0.060 59
60 0.803 0.607 0.036 0.058 60
