2 0.675 0.318 0.041 0.065 2
3 0.017 0.140 0.041 0.065 3
4 0.707 0.615 0.041 0.065 4
5 0.042 0.692 0.040 0.063 5
6 0.055 0.175 0.048 0.077 6
7 0.814 0.805 0.048 0.077 7
8 0.405 0.618 0.041 0.065 8
10 0.279 0.447 0.048 0.077 10
13 0.025 0.245 0.040 0.063 13
15 0.149 0.530 0.041 0.065 15
16 0.274 0.415 0.037 0.060 16
17 0.644 0.670 0.035 0.057 17
18 0.660 0.372 0.036 0.058 18
19 0.266 0.560 0.035 0.057 19
20 0.756 0.285 0.034 0.055 20
21 0.695 0.507 0.040 0.063 21
23 0.887 1.000 0.035 0.057 23
24 0.651 0.315 0.032 0.052 24
26 0.421 0.693 0.048 0.077 26
27 0.519 1.000 0.034 0.055 27
28 0.416 0.653 0.035 0.057 28
29 0.492 0.997 0.036 0.058 29
30 0.308 0.435 0.033 0.053 30
31 0.723 0.992 0.035 0.057 31
