2 0.669 0.318 0.042 0.067 2
3 0.017 0.132 0.048 0.077 3
4 0.706 0.617 0.037 0.060 4
5 0.031 0.688 0.037 0.060 5
6 0.057 0.187 0.041 0.065 6
7 0.808 0.793 0.042 0.067 7
8 0.404 0.618 0.035 0.057 8
10 0.281 0.448 0.037 0.060 10
13 0.025 0.247 0.042 0.067 13
15 0.145 0.533 0.037 0.060 15
16 0.271 0.413 0.042 0.067 16
17 0.652 0.657 0.036 0.058 17
18 0.659 0.373 0.036 0.058 18
19 0.274 0.562 0.036 0.058 19
20 0.759 0.283 0.033 0.053 20
21 0.694 0.505 0.035 0.057 21
23 0.884 0.995 0.042 0.067 23
24 0.655 0.322 0.032 0.052 24
26 0.419 0.697 0.035 0.057 26
27 0.520 0.998 0.032 0.052 27
28 0.414 0.653 0.035 0.057 28
29 0.491 1.000 0.034 0.055 29
30 0.310 0.433 0.033 0.053 30
31 0.717 1.000 0.029 0.047 31
