2 0.670 0.328 0.044 0.070 2
3 0.018 0.142 0.048 0.077 3
4 0.707 0.615 0.042 0.067 4
5 0.026 0.680 0.037 0.060 5
6 0.051 0.178 0.048 0.077 6
7 0.806 0.782 0.040 0.063 7
8 0.404 0.617 0.036 0.058 8
10 0.283 0.443 0.042 0.067 10
13 0.030 0.250 0.047 0.075 13
15 0.141 0.532 0.036 0.058 15
16 0.270 0.415 0.043 0.068 16
17 0.660 0.660 0.035 0.057 17
18 0.654 0.378 0.040 0.063 18
19 0.279 0.562 0.035 0.057 19
20 0.758 0.285 0.037 0.060 20
21 0.695 0.507 0.037 0.060 21
23 0.877 1.000 0.032 0.052 23
24 0.656 0.325 0.048 0.077 24
26 0.417 0.693 0.042 0.067 26
27 0.519 0.998 0.035 0.057 27
28 0.414 0.653 0.033 0.053 28
29 0.491 0.998 0.032 0.052 29
30 0.310 0.435 0.035 0.057 30
31 0.708 1.000 0.034 0.055 31
