2 0.675 0.322 0.041 0.065 2
3 0.021 0.127 0.035 0.057 3
4 0.705 0.618 0.041 0.065 4
5 0.042 0.687 0.045 0.072 5
6 0.055 0.185 0.036 0.058 6
7 0.811 0.808 0.048 0.077 7
8 0.409 0.615 0.048 0.077 8
10 0.279 0.455 0.041 0.065 10
13 0.026 0.247 0.040 0.063 13
15 0.152 0.530 0.037 0.060 15
16 0.275 0.413 0.044 0.070 16
17 0.642 0.672 0.035 0.057 17
18 0.662 0.370 0.035 0.057 18
19 0.264 0.560 0.035 0.057 19
20 0.756 0.287 0.035 0.057 20
21 0.697 0.507 0.037 0.060 21
23 0.890 1.000 0.043 0.068 23
24 0.650 0.310 0.048 0.077 24
26 0.419 0.698 0.035 0.057 26
27 0.517 1.000 0.035 0.057 27
28 0.414 0.653 0.035 0.057 28
29 0.492 1.000 0.032 0.052 29
30 0.308 0.437 0.036 0.058 30
31 0.721 0.988 0.036 0.058 31
