2 0.669 0.317 0.040 0.063 2
3 0.016 0.135 0.044 0.070 3
4 0.706 0.618 0.043 0.068 4
5 0.025 0.685 0.048 0.077 5
6 0.054 0.175 0.048 0.077 6
7 0.807 0.792 0.043 0.068 7
8 0.404 0.617 0.040 0.063 8
10 0.282 0.448 0.042 0.067 10
13 0.028 0.248 0.044 0.070 13
15 0.144 0.532 0.036 0.058 15
16 0.270 0.418 0.048 0.077 16
17 0.654 0.660 0.035 0.057 17
18 0.658 0.373 0.036 0.058 18
19 0.274 0.562 0.035 0.057 19
20 0.758 0.283 0.035 0.057 20
21 0.697 0.503 0.040 0.063 21
23 0.883 1.000 0.046 0.073 23
24 0.655 0.317 0.048 0.077 24
26 0.419 0.700 0.036 0.058 26
27 0.519 0.998 0.033 0.053 27
28 0.414 0.655 0.032 0.052 28
29 0.491 1.000 0.033 0.053 29
30 0.307 0.435 0.035 0.057 30
31 0.715 1.000 0.030 0.048 31
