2 0.675 0.323 0.042 0.067 2
3 0.016 0.132 0.048 0.077 3
4 0.708 0.615 0.042 0.067 4
5 0.047 0.692 0.040 0.063 5
6 0.056 0.185 0.037 0.060 6
7 0.815 0.808 0.048 0.077 7
8 0.401 0.615 0.044 0.070 8
10 0.278 0.457 0.042 0.067 10
13 0.025 0.245 0.040 0.063 13
15 0.153 0.530 0.037 0.060 15
16 0.273 0.410 0.042 0.067 16
17 0.641 0.673 0.035 0.057 17
18 0.660 0.368 0.041 0.065 18
19 0.264 0.562 0.035 0.057 19
20 0.755 0.288 0.035 0.057 20
21 0.696 0.507 0.042 0.067 21
23 0.890 0.998 0.045 0.072 23
24 0.647 0.317 0.036 0.058 24
26 0.418 0.702 0.035 0.057 26
27 0.519 0.998 0.034 0.055 27
28 0.415 0.652 0.032 0.052 28
29 0.491 1.000 0.032 0.052 29
30 0.309 0.437 0.033 0.053 30
31 0.724 0.987 0.034 0.055 31
