1 0.927 0.820 0.048 0.077 1
2 0.548 0.297 0.044 0.070 2
4 0.771 0.147 0.048 0.077 4
6 0.599 0.330 0.048 0.077 6
9 0.163 0.962 0.048 0.077 9
10 0.105 0.422 0.045 0.072 10
11 0.954 0.412 0.048 0.077 11
12 0.043 0.533 0.037 0.060 12
13 0.163 0.327 0.048 0.077 13
14 0.830 0.542 0.048 0.077 14
15 0.697 0.410 0.048 0.077 15
16 0.085 0.027 0.046 0.073 16
17 0.546 0.872 0.048 0.077 17
19 0.314 0.693 0.044 0.070 19
22 0.054 0.003 0.048 0.077 22
24 0.004 0.855 0.046 0.073 24
27 0.593 0.612 0.048 0.077 27
