1 0.932 0.815 0.048 0.077 1
2 0.547 0.290 0.048 0.077 2
4 0.772 0.145 0.048 0.077 4
6 0.601 0.328 0.048 0.077 6
9 0.166 0.962 0.048 0.077 9
10 0.103 0.420 0.046 0.073 10
11 0.955 0.405 0.044 0.070 11
12 0.045 0.537 0.040 0.063 12
13 0.161 0.325 0.044 0.070 13
14 0.829 0.540 0.044 0.070 14
15 0.698 0.408 0.046 0.073 15
16 0.085 0.027 0.037 0.060 16
17 0.549 0.872 0.044 0.070 17
19 0.310 0.690 0.036 0.058 19
22 0.051 0.012 0.048 0.077 22
24 0.004 0.855 0.046 0.073 24
27 0.593 0.610 0.047 0.075 27
