1 0.933 0.815 0.047 0.075 1
2 0.553 0.295 0.044 0.070 2
4 0.769 0.150 0.047 0.075 4
6 0.596 0.332 0.048 0.077 6
9 0.163 0.962 0.048 0.077 9
10 0.110 0.428 0.046 0.073 10
11 0.958 0.413 0.048 0.077 11
12 0.032 0.537 0.048 0.077 12
13 0.163 0.335 0.048 0.077 13
14 0.832 0.537 0.048 0.077 14
15 0.695 0.412 0.048 0.077 15
16 0.090 0.033 0.037 0.060 16
17 0.550 0.868 0.047 0.075 17
19 0.315 0.697 0.048 0.077 19
22 0.055 0.000 0.047 0.075 22
24 0.000 0.870 0.041 0.065 24
27 0.590 0.620 0.045 0.072 27
