1 0.929 0.817 0.047 0.075 1
2 0.544 0.285 0.048 0.077 2
4 0.772 0.143 0.048 0.077 4
6 0.602 0.325 0.046 0.073 6
9 0.163 0.962 0.048 0.077 9
10 0.100 0.413 0.045 0.072 10
11 0.957 0.402 0.045 0.072 11
12 0.047 0.542 0.041 0.065 12
13 0.159 0.325 0.048 0.077 13
14 0.823 0.547 0.048 0.077 14
15 0.700 0.408 0.046 0.073 15
16 0.085 0.022 0.042 0.067 16
17 0.547 0.877 0.046 0.073 17
19 0.315 0.682 0.045 0.072 19
22 0.057 0.015 0.035 0.057 22
24 0.003 0.858 0.048 0.077 24
27 0.596 0.603 0.048 0.077 27
