1 0.928 0.812 0.048 0.077 1
2 0.557 0.293 0.048 0.077 2
4 0.767 0.148 0.048 0.077 4
6 0.595 0.330 0.048 0.077 6
9 0.163 0.960 0.048 0.077 9
10 0.113 0.428 0.045 0.072 10
11 0.957 0.415 0.037 0.060 11
12 0.030 0.537 0.048 0.077 12
13 0.167 0.328 0.044 0.070 13
14 0.835 0.533 0.048 0.077 14
15 0.693 0.413 0.048 0.077 15
16 0.093 0.032 0.041 0.065 16
17 0.549 0.870 0.047 0.075 17
19 0.311 0.708 0.044 0.070 19
22 0.059 0.000 0.048 0.077 22
24 0.000 0.847 0.048 0.077 24
27 0.590 0.630 0.047 0.075 27
