2 0.277 0.463 0.043 0.068 2
3 0.209 0.502 0.048 0.077 3
5 0.211 0.607 0.040 0.063 5
6 0.226 0.677 0.048 0.077 6
8 0.224 0.740 0.044 0.070 8
11 0.329 0.853 0.037 0.060 11
12 0.381 0.817 0.042 0.067 12
13 0.092 0.335 0.048 0.077 13
14 0.655 0.753 0.040 0.063 14
15 0.397 0.255 0.048 0.077 15
17 0.035 0.750 0.036 0.058 17
18 0.574 0.260 0.040 0.063 18
21 0.226 0.170 0.042 0.067 21
22 0.174 0.498 0.035 0.057 22
25 0.173 0.758 0.033 0.053 25
26 0.801 0.362 0.048 0.077 26
29 0.099 0.362 0.048 0.077 29
30 0.884 0.728 0.042 0.067 30
31 0.397 0.493 0.036 0.058 31
32 0.377 0.782 0.035 0.057 32
34 0.870 1.000 0.047 0.075 34
