2 0.279 0.473 0.044 0.070 2
3 0.206 0.483 0.041 0.065 3
5 0.210 0.608 0.043 0.068 5
6 0.226 0.657 0.035 0.057 6
8 0.225 0.738 0.044 0.070 8
11 0.324 0.842 0.037 0.060 11
12 0.369 0.817 0.048 0.077 12
13 0.097 0.335 0.044 0.070 13
14 0.647 0.757 0.044 0.070 14
15 0.400 0.245 0.043 0.068 15
17 0.030 0.762 0.048 0.077 17
18 0.575 0.250 0.040 0.063 18
21 0.223 0.167 0.044 0.070 21
22 0.185 0.493 0.044 0.070 22
25 0.172 0.758 0.035 0.057 25
26 0.797 0.360 0.046 0.073 26
29 0.106 0.363 0.044 0.070 29
30 0.884 0.733 0.043 0.068 30
31 0.396 0.483 0.047 0.075 31
32 0.375 0.778 0.037 0.060 32
34 0.866 1.000 0.044 0.070 34
