2 0.282 0.473 0.044 0.070 2
3 0.207 0.480 0.044 0.070 3
5 0.211 0.607 0.042 0.067 5
6 0.222 0.645 0.040 0.063 6
8 0.225 0.742 0.040 0.063 8
11 0.321 0.838 0.048 0.077 11
12 0.369 0.813 0.046 0.073 12
13 0.096 0.342 0.048 0.077 13
14 0.644 0.763 0.044 0.070 14
15 0.395 0.235 0.048 0.077 15
17 0.026 0.760 0.036 0.058 17
18 0.574 0.243 0.040 0.063 18
21 0.227 0.155 0.042 0.067 21
22 0.184 0.500 0.044 0.070 22
25 0.172 0.757 0.034 0.055 25
26 0.795 0.362 0.045 0.072 26
29 0.109 0.367 0.046 0.073 29
30 0.885 0.738 0.042 0.067 30
31 0.384 0.488 0.037 0.060 31
32 0.377 0.780 0.034 0.055 32
34 0.869 0.988 0.032 0.052 34
