2 0.281 0.468 0.048 0.077 2
3 0.206 0.482 0.045 0.072 3
5 0.212 0.607 0.041 0.065 5
6 0.224 0.648 0.040 0.063 6
8 0.226 0.733 0.046 0.073 8
11 0.322 0.837 0.048 0.077 11
12 0.368 0.817 0.044 0.070 12
13 0.095 0.337 0.048 0.077 13
14 0.645 0.758 0.040 0.063 14
15 0.400 0.240 0.043 0.068 15
17 0.030 0.762 0.044 0.070 17
18 0.583 0.245 0.048 0.077 18
21 0.221 0.165 0.048 0.077 21
22 0.184 0.500 0.044 0.070 22
25 0.172 0.758 0.035 0.057 25
26 0.797 0.362 0.044 0.070 26
29 0.107 0.367 0.048 0.077 29
30 0.883 0.735 0.042 0.067 30
31 0.385 0.485 0.036 0.058 31
32 0.377 0.780 0.034 0.055 32
34 0.873 1.000 0.048 0.077 34
