2 0.283 0.473 0.042 0.067 2
3 0.204 0.478 0.047 0.075 3
5 0.210 0.608 0.043 0.068 5
6 0.220 0.645 0.037 0.060 6
8 0.227 0.735 0.048 0.077 8
11 0.319 0.842 0.042 0.067 11
12 0.367 0.822 0.041 0.065 12
13 0.100 0.345 0.048 0.077 13
14 0.641 0.763 0.035 0.057 14
15 0.395 0.233 0.048 0.077 15
17 0.025 0.763 0.036 0.058 17
18 0.574 0.233 0.048 0.077 18
21 0.227 0.160 0.048 0.077 21
22 0.185 0.500 0.043 0.068 22
25 0.173 0.762 0.040 0.063 25
26 0.794 0.363 0.048 0.077 26
29 0.110 0.367 0.045 0.072 29
30 0.889 0.735 0.048 0.077 30
31 0.382 0.490 0.041 0.065 31
32 0.376 0.778 0.036 0.058 32
34 0.870 1.000 0.048 0.077 34
