2 0.281 0.472 0.048 0.077 2
3 0.204 0.487 0.046 0.073 3
5 0.211 0.607 0.042 0.067 5
6 0.230 0.648 0.047 0.075 6
8 0.224 0.732 0.048 0.077 8
11 0.322 0.842 0.037 0.060 11
12 0.370 0.813 0.048 0.077 12
13 0.098 0.337 0.042 0.067 13
14 0.646 0.760 0.042 0.067 14
15 0.399 0.242 0.044 0.070 15
17 0.031 0.757 0.042 0.067 17
18 0.574 0.245 0.041 0.065 18
21 0.225 0.160 0.042 0.067 21
22 0.185 0.498 0.043 0.068 22
25 0.172 0.758 0.035 0.057 25
26 0.794 0.358 0.048 0.077 26
29 0.107 0.367 0.048 0.077 29
30 0.881 0.735 0.042 0.067 30
31 0.384 0.490 0.044 0.070 31
32 0.375 0.778 0.037 0.060 32
34 0.873 1.000 0.048 0.077 34
