2 0.280 0.473 0.048 0.077 2
3 0.206 0.495 0.046 0.073 3
5 0.211 0.613 0.048 0.077 5
6 0.226 0.657 0.040 0.063 6
8 0.224 0.738 0.044 0.070 8
11 0.326 0.847 0.042 0.067 11
12 0.373 0.815 0.042 0.067 12
13 0.095 0.333 0.042 0.067 13
14 0.649 0.750 0.037 0.060 14
15 0.399 0.247 0.046 0.073 15
17 0.033 0.760 0.048 0.077 17
18 0.578 0.247 0.048 0.077 18
21 0.224 0.165 0.041 0.065 21
22 0.181 0.490 0.048 0.077 22
25 0.172 0.758 0.034 0.055 25
26 0.799 0.360 0.046 0.073 26
29 0.104 0.363 0.045 0.072 29
30 0.886 0.733 0.046 0.073 30
31 0.392 0.488 0.040 0.063 31
32 0.377 0.780 0.034 0.055 32
34 0.870 0.990 0.048 0.077 34
