2 0.285 0.473 0.042 0.067 2
3 0.205 0.475 0.048 0.077 3
5 0.214 0.612 0.048 0.077 5
6 0.220 0.638 0.048 0.077 6
8 0.228 0.735 0.047 0.075 8
11 0.317 0.845 0.044 0.070 11
12 0.365 0.818 0.048 0.077 12
13 0.102 0.347 0.048 0.077 13
14 0.644 0.765 0.041 0.065 14
15 0.395 0.235 0.045 0.072 15
17 0.026 0.763 0.042 0.067 17
18 0.572 0.240 0.040 0.063 18
21 0.222 0.153 0.048 0.077 21
22 0.179 0.492 0.048 0.077 22
25 0.172 0.758 0.033 0.053 25
26 0.794 0.360 0.048 0.077 26
29 0.108 0.365 0.035 0.057 29
30 0.884 0.738 0.042 0.067 30
31 0.380 0.492 0.037 0.060 31
32 0.379 0.782 0.037 0.060 32
34 0.872 1.000 0.037 0.060 34
