2 0.277 0.470 0.048 0.077 2
3 0.208 0.493 0.040 0.063 3
5 0.206 0.608 0.048 0.077 5
6 0.227 0.677 0.048 0.077 6
8 0.224 0.740 0.044 0.070 8
11 0.328 0.853 0.043 0.068 11
12 0.380 0.815 0.042 0.067 12
13 0.090 0.332 0.045 0.072 13
14 0.651 0.755 0.048 0.077 14
15 0.400 0.258 0.044 0.070 15
17 0.035 0.755 0.043 0.068 17
18 0.574 0.262 0.048 0.077 18
21 0.225 0.168 0.044 0.070 21
22 0.180 0.488 0.048 0.077 22
25 0.172 0.758 0.034 0.055 25
26 0.799 0.358 0.047 0.075 26
29 0.096 0.360 0.040 0.063 29
30 0.884 0.728 0.040 0.063 30
31 0.396 0.503 0.047 0.075 31
32 0.377 0.780 0.035 0.057 32
34 0.871 1.000 0.048 0.077 34
