2 0.281 0.468 0.048 0.077 2
3 0.206 0.475 0.041 0.065 3
5 0.209 0.608 0.045 0.072 5
6 0.226 0.643 0.045 0.072 6
8 0.226 0.735 0.048 0.077 8
11 0.320 0.842 0.040 0.063 11
12 0.367 0.823 0.041 0.065 12
13 0.096 0.337 0.048 0.077 13
14 0.641 0.760 0.037 0.060 14
15 0.398 0.237 0.044 0.070 15
17 0.029 0.755 0.044 0.070 17
18 0.580 0.235 0.048 0.077 18
21 0.227 0.155 0.044 0.070 21
22 0.179 0.490 0.048 0.077 22
25 0.172 0.757 0.034 0.055 25
26 0.797 0.360 0.044 0.070 26
29 0.108 0.367 0.047 0.075 29
30 0.886 0.737 0.046 0.073 30
31 0.382 0.490 0.042 0.067 31
32 0.378 0.780 0.035 0.057 32
34 0.867 0.990 0.034 0.055 34
