2 0.286 0.470 0.043 0.068 2
3 0.207 0.472 0.046 0.073 3
5 0.212 0.605 0.041 0.065 5
6 0.215 0.645 0.042 0.067 6
8 0.228 0.738 0.044 0.070 8
11 0.311 0.845 0.048 0.077 11
12 0.365 0.828 0.045 0.072 12
13 0.105 0.342 0.045 0.072 13
14 0.646 0.772 0.037 0.060 14
15 0.392 0.230 0.044 0.070 15
17 0.031 0.770 0.042 0.067 17
18 0.570 0.237 0.037 0.060 18
21 0.225 0.147 0.048 0.077 21
22 0.184 0.498 0.044 0.070 22
25 0.172 0.758 0.034 0.055 25
26 0.798 0.362 0.042 0.067 26
29 0.110 0.367 0.036 0.058 29
30 0.884 0.742 0.042 0.067 30
31 0.380 0.498 0.040 0.063 31
32 0.378 0.777 0.033 0.053 32
34 0.872 1.000 0.034 0.055 34
