2 0.285 0.475 0.048 0.077 2
3 0.207 0.478 0.042 0.067 3
5 0.209 0.608 0.044 0.070 5
6 0.222 0.648 0.036 0.058 6
8 0.225 0.735 0.048 0.077 8
11 0.321 0.838 0.048 0.077 11
12 0.369 0.813 0.046 0.073 12
13 0.100 0.340 0.045 0.072 13
14 0.641 0.750 0.048 0.077 14
15 0.398 0.238 0.044 0.070 15
17 0.025 0.758 0.035 0.057 17
18 0.571 0.245 0.044 0.070 18
21 0.225 0.157 0.041 0.065 21
22 0.184 0.502 0.048 0.077 22
25 0.172 0.758 0.034 0.055 25
26 0.796 0.360 0.045 0.072 26
29 0.109 0.367 0.047 0.075 29
30 0.884 0.737 0.043 0.068 30
31 0.384 0.488 0.040 0.063 31
32 0.385 0.777 0.047 0.075 32
34 0.870 0.997 0.037 0.060 34
