2 0.277 0.468 0.042 0.067 2
3 0.208 0.497 0.048 0.077 3
5 0.214 0.613 0.048 0.077 5
6 0.225 0.662 0.037 0.060 6
8 0.224 0.737 0.044 0.070 8
11 0.328 0.850 0.037 0.060 11
12 0.377 0.815 0.042 0.067 12
13 0.090 0.332 0.048 0.077 13
14 0.650 0.753 0.047 0.075 14
15 0.401 0.252 0.044 0.070 15
17 0.034 0.753 0.042 0.067 17
18 0.576 0.255 0.048 0.077 18
21 0.224 0.168 0.042 0.067 21
22 0.185 0.498 0.043 0.068 22
25 0.172 0.758 0.035 0.057 25
26 0.799 0.360 0.048 0.077 26
29 0.099 0.358 0.040 0.063 29
30 0.885 0.732 0.042 0.067 30
31 0.395 0.488 0.035 0.057 31
32 0.376 0.780 0.040 0.063 32
34 0.868 0.998 0.042 0.067 34
