2 0.282 0.473 0.048 0.077 2
3 0.206 0.473 0.048 0.077 3
5 0.209 0.607 0.044 0.070 5
6 0.219 0.645 0.035 0.057 6
8 0.229 0.738 0.045 0.072 8
11 0.317 0.847 0.044 0.070 11
12 0.366 0.827 0.041 0.065 12
13 0.101 0.342 0.043 0.068 13
14 0.644 0.770 0.042 0.067 14
15 0.399 0.237 0.048 0.077 15
17 0.030 0.768 0.043 0.068 17
18 0.574 0.237 0.048 0.077 18
21 0.228 0.152 0.042 0.067 21
22 0.184 0.502 0.045 0.072 22
25 0.172 0.757 0.034 0.055 25
26 0.795 0.365 0.048 0.077 26
29 0.107 0.363 0.042 0.067 29
30 0.886 0.742 0.044 0.070 30
31 0.381 0.492 0.036 0.058 31
32 0.377 0.778 0.035 0.057 32
34 0.868 1.000 0.044 0.070 34
