2 0.280 0.472 0.048 0.077 2
3 0.208 0.497 0.048 0.077 3
5 0.210 0.608 0.042 0.067 5
6 0.226 0.658 0.040 0.063 6
8 0.224 0.737 0.044 0.070 8
11 0.328 0.843 0.046 0.073 11
12 0.380 0.813 0.048 0.077 12
13 0.095 0.333 0.044 0.070 13
14 0.649 0.753 0.036 0.058 14
15 0.400 0.245 0.048 0.077 15
17 0.035 0.752 0.048 0.077 17
18 0.579 0.252 0.048 0.077 18
21 0.224 0.167 0.042 0.067 21
22 0.184 0.502 0.048 0.077 22
25 0.173 0.757 0.032 0.052 25
26 0.797 0.362 0.048 0.077 26
29 0.100 0.358 0.042 0.067 29
30 0.883 0.732 0.042 0.067 30
31 0.392 0.490 0.037 0.060 31
32 0.376 0.780 0.035 0.057 32
34 0.867 1.000 0.044 0.070 34
