1 0.866 0.085 0.047 0.075 1
4 0.277 0.630 0.048 0.077 4
9 0.156 0.018 0.048 0.077 9
10 0.889 0.150 0.048 0.077 10
15 0.533 0.820 0.048 0.077 15
16 0.175 0.038 0.047 0.075 16
17 0.534 0.080 0.044 0.070 17
18 0.722 0.683 0.048 0.077 18
19 0.342 0.502 0.048 0.077 19
25 0.485 0.885 0.041 0.065 25
26 0.327 1.000 0.046 0.073 26
27 0.342 0.027 0.048 0.077 27
29 0.830 0.487 0.044 0.070 29
32 1.000 0.028 0.045 0.072 32
33 0.349 0.153 0.048 0.077 33
37 0.275 0.482 0.048 0.077 37
38 0.865 0.375 0.034 0.055 38
39 0.790 0.513 0.047 0.075 39
41 0.142 0.998 0.040 0.063 41
43 0.445 0.008 0.044 0.070 43
