1 0.865 0.082 0.047 0.075 1
4 0.276 0.628 0.048 0.077 4
9 0.149 0.000 0.048 0.077 9
10 0.880 0.137 0.048 0.077 10
15 0.540 0.820 0.045 0.072 15
16 0.168 0.035 0.048 0.077 16
17 0.539 0.067 0.048 0.077 17
18 0.728 0.687 0.048 0.077 18
19 0.346 0.505 0.048 0.077 19
25 0.486 0.873 0.048 0.077 25
26 0.317 0.995 0.048 0.077 26
27 0.336 0.028 0.048 0.077 27
29 0.826 0.500 0.048 0.077 29
32 0.985 0.042 0.042 0.067 32
33 0.357 0.158 0.048 0.077 33
37 0.278 0.475 0.048 0.077 37
38 0.866 0.375 0.034 0.055 38
39 0.794 0.508 0.047 0.075 39
41 0.151 1.000 0.033 0.053 41
43 0.466 0.018 0.032 0.052 43
