1 0.869 0.088 0.046 0.073 1
4 0.275 0.628 0.047 0.075 4
9 0.153 0.020 0.048 0.077 9
10 0.892 0.158 0.048 0.077 10
15 0.525 0.818 0.048 0.077 15
16 0.182 0.027 0.048 0.077 16
17 0.539 0.092 0.046 0.073 17
18 0.716 0.670 0.048 0.077 18
19 0.335 0.502 0.048 0.077 19
25 0.486 0.887 0.048 0.077 25
26 0.323 0.983 0.037 0.060 26
27 0.346 0.032 0.046 0.073 27
29 0.834 0.480 0.044 0.070 29
32 0.999 0.037 0.044 0.070 32
33 0.343 0.152 0.048 0.077 33
37 0.272 0.482 0.047 0.075 37
38 0.866 0.372 0.036 0.058 38
39 0.796 0.493 0.048 0.077 39
41 0.144 0.998 0.046 0.073 41
43 0.442 0.013 0.048 0.077 43
