1 0.865 0.083 0.047 0.075 1
4 0.275 0.627 0.046 0.073 4
9 0.136 0.000 0.046 0.073 9
10 0.885 0.143 0.048 0.077 10
15 0.534 0.818 0.048 0.077 15
16 0.172 0.043 0.048 0.077 16
17 0.535 0.078 0.042 0.067 17
18 0.724 0.685 0.047 0.075 18
19 0.344 0.505 0.048 0.077 19
25 0.486 0.883 0.044 0.070 25
26 0.325 1.000 0.048 0.077 26
27 0.338 0.030 0.048 0.077 27
29 0.829 0.493 0.048 0.077 29
32 0.989 0.045 0.036 0.058 32
33 0.358 0.155 0.048 0.077 33
37 0.275 0.477 0.048 0.077 37
38 0.866 0.375 0.034 0.055 38
39 0.791 0.517 0.048 0.077 39
41 0.151 1.000 0.042 0.067 41
43 0.459 0.015 0.047 0.075 43
