1 0.865 0.085 0.047 0.075 1
4 0.274 0.627 0.048 0.077 4
9 0.154 0.017 0.048 0.077 9
10 0.889 0.145 0.047 0.075 10
15 0.530 0.820 0.047 0.075 15
16 0.177 0.037 0.048 0.077 16
17 0.535 0.080 0.044 0.070 17
18 0.717 0.685 0.048 0.077 18
19 0.341 0.503 0.048 0.077 19
25 0.485 0.882 0.048 0.077 25
26 0.325 0.998 0.046 0.073 26
27 0.342 0.030 0.048 0.077 27
29 0.832 0.487 0.048 0.077 29
32 0.996 0.043 0.048 0.077 32
33 0.349 0.155 0.048 0.077 33
37 0.275 0.483 0.047 0.075 37
38 0.866 0.373 0.034 0.055 38
39 0.794 0.500 0.048 0.077 39
41 0.144 1.000 0.037 0.060 41
43 0.444 0.000 0.044 0.070 43
