1 0.866 0.080 0.048 0.077 1
4 0.276 0.628 0.046 0.073 4
9 0.154 0.020 0.048 0.077 9
10 0.889 0.147 0.048 0.077 10
15 0.531 0.820 0.048 0.077 15
16 0.185 0.037 0.048 0.077 16
17 0.536 0.080 0.048 0.077 17
18 0.718 0.682 0.048 0.077 18
19 0.339 0.503 0.047 0.075 19
25 0.485 0.883 0.048 0.077 25
26 0.322 0.988 0.048 0.077 26
27 0.345 0.028 0.048 0.077 27
29 0.833 0.483 0.046 0.073 29
32 0.997 0.043 0.048 0.077 32
33 0.352 0.153 0.047 0.075 33
37 0.273 0.480 0.048 0.077 37
38 0.864 0.377 0.036 0.058 38
39 0.790 0.498 0.048 0.077 39
41 0.144 0.997 0.044 0.070 41
43 0.443 0.010 0.044 0.070 43
