1 0.865 0.082 0.048 0.077 1
4 0.274 0.625 0.048 0.077 4
9 0.138 0.000 0.042 0.067 9
10 0.882 0.137 0.048 0.077 10
15 0.541 0.818 0.048 0.077 15
16 0.168 0.038 0.047 0.075 16
17 0.536 0.072 0.045 0.072 17
18 0.726 0.687 0.048 0.077 18
19 0.346 0.505 0.047 0.075 19
25 0.485 0.875 0.048 0.077 25
26 0.318 0.997 0.048 0.077 26
27 0.335 0.030 0.045 0.072 27
29 0.826 0.497 0.047 0.075 29
32 0.989 0.043 0.048 0.077 32
33 0.354 0.157 0.048 0.077 33
37 0.277 0.475 0.048 0.077 37
38 0.865 0.377 0.035 0.057 38
39 0.790 0.507 0.044 0.070 39
41 0.151 1.000 0.033 0.053 41
43 0.448 0.002 0.037 0.060 43
