1 0.864 0.085 0.048 0.077 1
4 0.274 0.628 0.048 0.077 4
9 0.139 0.000 0.048 0.077 9
10 0.885 0.140 0.048 0.077 10
15 0.533 0.823 0.044 0.070 15
16 0.171 0.047 0.048 0.077 16
17 0.536 0.080 0.042 0.067 17
18 0.722 0.687 0.048 0.077 18
19 0.342 0.505 0.048 0.077 19
25 0.484 0.878 0.046 0.073 25
26 0.323 0.997 0.048 0.077 26
27 0.339 0.030 0.048 0.077 27
29 0.829 0.492 0.048 0.077 29
32 1.000 0.032 0.048 0.077 32
33 0.352 0.157 0.047 0.075 33
37 0.281 0.468 0.048 0.077 37
38 0.864 0.375 0.033 0.053 38
39 0.791 0.505 0.047 0.075 39
41 0.151 1.000 0.042 0.067 41
43 0.446 0.012 0.036 0.058 43
