1 0.869 0.090 0.046 0.073 1
4 0.275 0.628 0.047 0.075 4
9 0.152 0.022 0.046 0.073 9
10 0.876 0.153 0.048 0.077 10
15 0.523 0.818 0.047 0.075 15
16 0.180 0.022 0.046 0.073 16
17 0.540 0.092 0.045 0.072 17
18 0.718 0.672 0.048 0.077 18
19 0.334 0.500 0.048 0.077 19
25 0.487 0.890 0.048 0.077 25
26 0.318 0.973 0.032 0.052 26
27 0.351 0.028 0.048 0.077 27
29 0.848 0.495 0.041 0.065 29
32 0.996 0.032 0.048 0.077 32
33 0.340 0.153 0.048 0.077 33
37 0.270 0.483 0.048 0.077 37
38 0.865 0.377 0.037 0.060 38
39 0.797 0.493 0.048 0.077 39
41 0.142 1.000 0.048 0.077 41
43 0.446 0.008 0.043 0.068 43
