1 0.100 0.520 0.048 0.077 1
2 0.025 0.792 0.048 0.077 2
3 0.869 0.285 0.040 0.063 3
4 0.772 0.922 0.035 0.057 4
5 0.065 0.262 0.041 0.065 5
6 0.027 0.368 0.042 0.067 6
7 0.701 0.555 0.040 0.063 7
9 0.666 0.567 0.045 0.072 9
10 0.075 0.835 0.042 0.067 10
11 0.804 0.160 0.044 0.070 11
12 0.613 0.573 0.041 0.065 12
13 0.078 0.638 0.033 0.053 13
14 0.120 0.440 0.037 0.060 14
15 0.647 0.998 0.041 0.065 15
16 0.027 0.425 0.042 0.067 16
17 0.094 0.443 0.035 0.057 17
18 0.639 0.525 0.047 0.075 18
19 0.059 0.530 0.048 0.077 19
21 0.165 0.043 0.037 0.060 21
22 0.829 0.762 0.037 0.060 22
23 0.593 0.012 0.036 0.058 23
24 0.999 0.207 0.042 0.067 24
25 0.542 0.257 0.041 0.065 25
26 0.405 0.393 0.041 0.065 26
27 0.415 0.133 0.036 0.058 27
28 0.857 0.890 0.043 0.068 28
29 0.207 0.508 0.043 0.068 29
30 0.510 0.810 0.037 0.060 30
31 0.086 0.587 0.047 0.075 31
32 0.727 0.232 0.042 0.067 32
33 0.000 0.635 0.041 0.065 33
