1 0.102 0.517 0.048 0.077 1
2 0.026 0.788 0.047 0.075 2
3 0.860 0.292 0.035 0.057 3
4 0.765 0.912 0.035 0.057 4
5 0.061 0.265 0.042 0.067 5
6 0.029 0.370 0.042 0.067 6
7 0.698 0.558 0.041 0.065 7
9 0.665 0.565 0.042 0.067 9
10 0.071 0.828 0.036 0.058 10
11 0.806 0.155 0.041 0.065 11
12 0.611 0.577 0.048 0.077 12
13 0.075 0.637 0.033 0.053 13
14 0.121 0.430 0.036 0.058 14
15 0.650 1.000 0.043 0.068 15
16 0.022 0.428 0.040 0.063 16
17 0.097 0.448 0.042 0.067 17
18 0.640 0.525 0.047 0.075 18
19 0.064 0.525 0.046 0.073 19
21 0.164 0.047 0.041 0.065 21
22 0.830 0.763 0.042 0.067 22
23 0.594 0.022 0.048 0.077 23
24 0.998 0.193 0.036 0.058 24
25 0.540 0.252 0.042 0.067 25
26 0.410 0.382 0.041 0.065 26
27 0.409 0.123 0.041 0.065 27
28 0.856 0.882 0.042 0.067 28
29 0.210 0.515 0.042 0.067 29
30 0.512 0.825 0.040 0.063 30
31 0.083 0.593 0.042 0.067 31
32 0.729 0.218 0.037 0.060 32
33 0.000 0.652 0.040 0.063 33
