1 0.101 0.518 0.048 0.077 1
2 0.027 0.790 0.048 0.077 2
3 0.866 0.290 0.035 0.057 3
4 0.770 0.918 0.035 0.057 4
5 0.064 0.263 0.042 0.067 5
6 0.027 0.372 0.042 0.067 6
7 0.701 0.555 0.036 0.058 7
9 0.664 0.572 0.048 0.077 9
10 0.071 0.832 0.036 0.058 10
11 0.805 0.157 0.043 0.068 11
12 0.611 0.568 0.048 0.077 12
13 0.079 0.643 0.041 0.065 13
14 0.116 0.437 0.047 0.075 14
15 0.647 0.998 0.041 0.065 15
16 0.026 0.428 0.042 0.067 16
17 0.094 0.445 0.037 0.060 17
18 0.639 0.527 0.047 0.075 18
19 0.060 0.522 0.048 0.077 19
21 0.166 0.045 0.037 0.060 21
22 0.830 0.765 0.041 0.065 22
23 0.592 0.017 0.048 0.077 23
24 0.998 0.200 0.037 0.060 24
25 0.540 0.258 0.042 0.067 25
26 0.405 0.397 0.048 0.077 26
27 0.412 0.130 0.037 0.060 27
28 0.858 0.885 0.042 0.067 28
29 0.207 0.510 0.043 0.068 29
30 0.511 0.815 0.041 0.065 30
31 0.086 0.587 0.048 0.077 31
32 0.728 0.227 0.036 0.058 32
33 0.000 0.645 0.044 0.070 33
