1 0.095 0.525 0.048 0.077 1
2 0.026 0.795 0.048 0.077 2
3 0.872 0.282 0.035 0.057 3
4 0.773 0.927 0.037 0.060 4
5 0.068 0.260 0.044 0.070 5
6 0.023 0.372 0.043 0.068 6
7 0.701 0.555 0.042 0.067 7
9 0.662 0.570 0.042 0.067 9
10 0.080 0.837 0.036 0.058 10
11 0.806 0.160 0.044 0.070 11
12 0.608 0.575 0.036 0.058 12
13 0.075 0.643 0.036 0.058 13
14 0.122 0.445 0.035 0.057 14
15 0.647 1.000 0.033 0.053 15
16 0.030 0.425 0.042 0.067 16
17 0.090 0.443 0.042 0.067 17
18 0.635 0.528 0.048 0.077 18
19 0.056 0.535 0.048 0.077 19
21 0.167 0.038 0.037 0.060 21
22 0.829 0.762 0.040 0.063 22
23 0.590 0.010 0.042 0.067 23
24 0.999 0.210 0.040 0.063 24
25 0.544 0.258 0.041 0.065 25
26 0.398 0.395 0.035 0.057 26
27 0.415 0.143 0.037 0.060 27
28 0.860 0.893 0.044 0.070 28
29 0.207 0.510 0.042 0.067 29
30 0.509 0.805 0.041 0.065 30
31 0.087 0.593 0.048 0.077 31
32 0.728 0.240 0.037 0.060 32
33 0.000 0.630 0.048 0.077 33
