1 0.099 0.522 0.048 0.077 1
2 0.024 0.790 0.048 0.077 2
3 0.866 0.287 0.034 0.055 3
4 0.768 0.918 0.035 0.057 4
5 0.064 0.263 0.041 0.065 5
6 0.027 0.370 0.044 0.070 6
7 0.700 0.557 0.040 0.063 7
9 0.664 0.568 0.041 0.065 9
10 0.072 0.832 0.032 0.052 10
11 0.805 0.155 0.044 0.070 11
12 0.614 0.573 0.036 0.058 12
13 0.077 0.638 0.032 0.052 13
14 0.121 0.437 0.037 0.060 14
15 0.647 0.997 0.041 0.065 15
16 0.027 0.428 0.037 0.060 16
17 0.093 0.442 0.041 0.065 17
18 0.639 0.527 0.048 0.077 18
19 0.060 0.522 0.048 0.077 19
21 0.166 0.043 0.040 0.063 21
22 0.831 0.765 0.041 0.065 22
23 0.591 0.012 0.044 0.070 23
24 0.998 0.203 0.037 0.060 24
25 0.541 0.255 0.040 0.063 25
26 0.406 0.390 0.036 0.058 26
27 0.414 0.133 0.041 0.065 27
28 0.857 0.890 0.046 0.073 28
29 0.209 0.508 0.042 0.067 29
30 0.510 0.815 0.041 0.065 30
31 0.089 0.587 0.048 0.077 31
32 0.728 0.227 0.036 0.058 32
33 0.000 0.645 0.044 0.070 33
