1 0.939 0.510 0.042 0.067 1
2 0.523 0.095 0.048 0.077 2
3 0.507 0.118 0.047 0.075 3
4 0.679 0.065 0.047 0.075 4
6 0.660 0.135 0.043 0.068 6
7 0.139 0.525 0.048 0.077 7
8 0.329 0.490 0.048 0.077 8
9 0.416 0.693 0.048 0.077 9
11 0.639 0.017 0.043 0.068 11
13 0.182 0.775 0.048 0.077 13
14 0.318 0.793 0.048 0.077 14
15 0.579 0.173 0.048 0.077 15
18 0.399 0.073 0.042 0.067 18
19 0.671 0.095 0.048 0.077 19
20 0.775 0.395 0.048 0.077 20
21 0.693 0.228 0.046 0.073 21
22 0.298 0.803 0.047 0.075 22
23 0.765 0.030 0.048 0.077 23
29 0.979 0.838 0.048 0.077 29
30 0.709 0.193 0.035 0.057 30
