1 0.927 0.505 0.048 0.077 1
2 0.524 0.083 0.047 0.075 2
3 0.511 0.113 0.048 0.077 3
4 0.674 0.057 0.043 0.068 4
6 0.659 0.137 0.040 0.063 6
7 0.147 0.522 0.048 0.077 7
8 0.341 0.487 0.048 0.077 8
9 0.409 0.678 0.047 0.075 9
11 0.631 0.042 0.048 0.077 11
13 0.189 0.772 0.048 0.077 13
14 0.322 0.775 0.042 0.067 14
15 0.574 0.173 0.046 0.073 15
18 0.400 0.073 0.042 0.067 18
19 0.694 0.095 0.044 0.070 19
20 0.770 0.405 0.048 0.077 20
21 0.691 0.237 0.041 0.065 21
22 0.293 0.810 0.046 0.073 22
23 0.770 0.035 0.048 0.077 23
29 0.986 0.833 0.042 0.067 29
30 0.710 0.192 0.035 0.057 30
