1 0.935 0.512 0.042 0.067 1
2 0.522 0.092 0.048 0.077 2
3 0.509 0.117 0.048 0.077 3
4 0.678 0.062 0.044 0.070 4
6 0.660 0.132 0.048 0.077 6
7 0.136 0.523 0.045 0.072 7
8 0.334 0.492 0.048 0.077 8
9 0.411 0.690 0.048 0.077 9
11 0.643 0.027 0.036 0.058 11
13 0.184 0.777 0.047 0.075 13
14 0.320 0.792 0.048 0.077 14
15 0.576 0.172 0.044 0.070 15
18 0.400 0.073 0.044 0.070 18
19 0.691 0.087 0.048 0.077 19
20 0.777 0.395 0.048 0.077 20
21 0.705 0.225 0.048 0.077 21
22 0.296 0.800 0.048 0.077 22
23 0.762 0.035 0.048 0.077 23
29 0.984 0.837 0.045 0.072 29
30 0.710 0.192 0.035 0.057 30
