1 0.940 0.510 0.042 0.067 1
2 0.524 0.083 0.048 0.077 2
3 0.507 0.118 0.047 0.075 3
4 0.680 0.065 0.048 0.077 4
6 0.661 0.135 0.043 0.068 6
7 0.135 0.522 0.048 0.077 7
8 0.325 0.483 0.048 0.077 8
9 0.416 0.695 0.047 0.075 9
11 0.639 0.017 0.043 0.068 11
13 0.181 0.778 0.048 0.077 13
14 0.317 0.797 0.048 0.077 14
15 0.581 0.175 0.048 0.077 15
18 0.396 0.075 0.048 0.077 18
19 0.676 0.092 0.047 0.075 19
20 0.780 0.390 0.048 0.077 20
21 0.697 0.227 0.045 0.072 21
22 0.298 0.808 0.048 0.077 22
23 0.767 0.030 0.048 0.077 23
29 0.979 0.838 0.048 0.077 29
30 0.711 0.188 0.047 0.075 30
