1 0.365 0.913 0.048 0.077 1
3 0.625 0.937 0.047 0.075 3
6 0.264 0.068 0.041 0.065 6
7 0.706 0.962 0.048 0.077 7
9 0.222 0.032 0.044 0.070 9
10 0.576 0.000 0.041 0.065 10
13 0.928 0.832 0.041 0.065 13
14 0.126 0.800 0.048 0.077 14
15 0.772 0.607 0.048 0.077 15
16 0.399 0.082 0.048 0.077 16
17 0.961 0.998 0.044 0.070 17
18 0.041 0.253 0.048 0.077 18
19 0.719 0.218 0.042 0.067 19
20 0.497 0.262 0.042 0.067 20
22 0.823 0.953 0.044 0.070 22
23 0.159 0.143 0.047 0.075 23
24 0.469 0.147 0.046 0.073 24
25 0.758 0.548 0.044 0.070 25
26 0.650 0.630 0.048 0.077 26
27 0.599 0.532 0.042 0.067 27
29 0.571 0.335 0.048 0.077 29
30 0.052 0.015 0.041 0.065 30
31 0.138 0.595 0.048 0.077 31
32 0.454 0.385 0.047 0.075 32
33 0.534 0.447 0.048 0.077 33
34 0.347 0.427 0.042 0.067 34
35 0.467 0.087 0.036 0.058 35
36 0.746 0.377 0.041 0.065 36
37 0.935 0.007 0.048 0.077 37
38 0.821 0.582 0.037 0.060 38
39 0.436 0.040 0.048 0.077 39
40 0.032 0.137 0.041 0.065 40
41 0.745 0.710 0.042 0.067 41
42 0.117 0.770 0.048 0.077 42
43 0.673 0.335 0.041 0.065 43
45 0.809 0.257 0.048 0.077 45
48 0.690 0.912 0.042 0.067 48
49 0.491 0.387 0.035 0.057 49
50 0.979 0.055 0.042 0.067 50
51 0.461 0.702 0.037 0.060 51
52 0.648 0.437 0.035 0.057 52
