1 0.374 0.935 0.040 0.063 1
3 0.627 0.937 0.044 0.070 3
6 0.269 0.092 0.042 0.067 6
7 0.709 0.963 0.046 0.073 7
9 0.205 0.032 0.048 0.077 9
10 0.579 0.028 0.048 0.077 10
13 0.919 0.842 0.046 0.073 13
14 0.130 0.793 0.046 0.073 14
15 0.775 0.582 0.048 0.077 15
16 0.390 0.083 0.048 0.077 16
17 0.969 0.968 0.037 0.060 17
18 0.043 0.245 0.048 0.077 18
19 0.714 0.207 0.048 0.077 19
20 0.515 0.253 0.040 0.063 20
22 0.832 0.947 0.048 0.077 22
23 0.158 0.170 0.042 0.067 23
24 0.477 0.168 0.042 0.067 24
25 0.756 0.548 0.040 0.063 25
26 0.648 0.633 0.042 0.067 26
27 0.607 0.540 0.045 0.072 27
29 0.569 0.295 0.046 0.073 29
30 0.054 0.020 0.048 0.077 30
31 0.133 0.580 0.042 0.067 31
32 0.452 0.382 0.048 0.077 32
33 0.534 0.438 0.041 0.065 33
34 0.362 0.423 0.048 0.077 34
35 0.465 0.080 0.047 0.075 35
36 0.732 0.347 0.037 0.060 36
37 0.928 0.000 0.048 0.077 37
38 0.828 0.577 0.042 0.067 38
39 0.438 0.045 0.048 0.077 39
40 0.032 0.130 0.048 0.077 40
41 0.742 0.695 0.042 0.067 41
42 0.117 0.762 0.048 0.077 42
43 0.681 0.345 0.040 0.063 43
45 0.831 0.243 0.033 0.053 45
48 0.702 0.897 0.042 0.067 48
49 0.485 0.390 0.048 0.077 49
50 0.980 0.052 0.046 0.073 50
51 0.452 0.727 0.046 0.073 51
52 0.636 0.417 0.037 0.060 52
