1 0.376 0.925 0.048 0.077 1
3 0.628 0.938 0.048 0.077 3
6 0.267 0.083 0.042 0.067 6
7 0.708 0.963 0.047 0.075 7
9 0.212 0.028 0.048 0.077 9
10 0.582 0.018 0.047 0.075 10
13 0.925 0.842 0.046 0.073 13
14 0.130 0.792 0.048 0.077 14
15 0.773 0.575 0.035 0.057 15
16 0.391 0.087 0.044 0.070 16
17 0.972 0.977 0.048 0.077 17
18 0.043 0.243 0.048 0.077 18
19 0.718 0.213 0.048 0.077 19
20 0.504 0.257 0.048 0.077 20
22 0.829 0.948 0.048 0.077 22
23 0.159 0.162 0.044 0.070 23
24 0.478 0.158 0.043 0.068 24
25 0.755 0.552 0.041 0.065 25
26 0.645 0.630 0.048 0.077 26
27 0.604 0.537 0.041 0.065 27
29 0.568 0.312 0.035 0.057 29
30 0.053 0.023 0.041 0.065 30
31 0.133 0.590 0.042 0.067 31
32 0.455 0.372 0.048 0.077 32
33 0.534 0.447 0.042 0.067 33
34 0.354 0.432 0.048 0.077 34
35 0.467 0.095 0.048 0.077 35
36 0.732 0.357 0.042 0.067 36
37 0.939 0.000 0.035 0.057 37
38 0.823 0.582 0.035 0.057 38
39 0.436 0.037 0.048 0.077 39
40 0.033 0.137 0.035 0.057 40
41 0.742 0.702 0.041 0.065 41
42 0.117 0.768 0.030 0.048 42
43 0.674 0.340 0.048 0.077 43
45 0.822 0.242 0.034 0.055 45
48 0.695 0.907 0.042 0.067 48
49 0.490 0.393 0.048 0.077 49
50 0.980 0.050 0.041 0.065 50
51 0.460 0.728 0.048 0.077 51
52 0.642 0.422 0.035 0.057 52
