1 0.728 0.828 0.037 0.060 1
2 0.766 0.532 0.048 0.077 2
3 0.934 0.178 0.044 0.070 3
4 0.352 0.513 0.048 0.077 4
5 0.192 0.737 0.047 0.075 5
6 0.736 0.065 0.048 0.077 6
7 0.263 0.510 0.041 0.065 7
8 0.350 0.212 0.035 0.057 8
9 0.006 0.738 0.048 0.077 9
10 0.374 0.355 0.048 0.077 10
11 0.268 0.072 0.037 0.060 11
12 0.695 0.208 0.044 0.070 12
13 0.542 0.698 0.046 0.073 13
14 0.285 0.650 0.048 0.077 14
15 0.875 0.840 0.042 0.067 15
16 0.275 0.713 0.046 0.073 16
17 0.735 0.930 0.042 0.067 17
18 0.923 0.600 0.043 0.068 18
19 0.560 0.878 0.044 0.070 19
20 0.463 0.572 0.035 0.057 20
21 0.857 0.660 0.040 0.063 21
22 0.126 0.800 0.042 0.067 22
23 0.695 0.673 0.043 0.068 23
24 0.643 0.300 0.040 0.063 24
25 0.939 0.418 0.037 0.060 25
26 0.116 0.227 0.036 0.058 26
27 0.579 0.032 0.043 0.068 27
28 0.467 0.598 0.036 0.058 28
29 0.609 0.305 0.044 0.070 29
30 0.652 0.727 0.036 0.058 30
31 0.800 0.272 0.042 0.067 31
32 0.364 0.288 0.036 0.058 32
33 0.248 0.678 0.046 0.073 33
34 0.606 0.652 0.044 0.070 34
35 0.838 0.447 0.042 0.067 35
36 0.901 0.777 0.042 0.067 36
37 0.590 0.612 0.048 0.077 37
38 0.678 0.303 0.040 0.063 38
39 0.009 0.055 0.048 0.077 39
40 0.830 0.000 0.037 0.060 40
43 0.670 0.023 0.042 0.067 43
