1 0.720 0.822 0.037 0.060 1
2 0.762 0.508 0.048 0.077 2
3 0.925 0.210 0.045 0.072 3
4 0.355 0.523 0.041 0.065 4
5 0.189 0.730 0.046 0.073 5
6 0.735 0.072 0.048 0.077 6
7 0.285 0.513 0.035 0.057 7
8 0.336 0.228 0.035 0.057 8
9 0.003 0.742 0.048 0.077 9
10 0.368 0.342 0.048 0.077 10
11 0.265 0.118 0.036 0.058 11
12 0.686 0.215 0.043 0.068 12
13 0.534 0.698 0.037 0.060 13
14 0.274 0.645 0.048 0.077 14
15 0.880 0.842 0.044 0.070 15
16 0.273 0.708 0.048 0.077 16
17 0.751 0.962 0.041 0.065 17
18 0.922 0.592 0.042 0.067 18
19 0.543 0.875 0.035 0.057 19
20 0.455 0.565 0.037 0.060 20
21 0.853 0.662 0.041 0.065 21
22 0.138 0.798 0.042 0.067 22
23 0.699 0.673 0.042 0.067 23
24 0.623 0.323 0.036 0.058 24
25 0.963 0.433 0.036 0.058 25
26 0.120 0.230 0.044 0.070 26
27 0.576 0.025 0.043 0.068 27
28 0.447 0.612 0.042 0.067 28
29 0.603 0.300 0.045 0.072 29
30 0.648 0.733 0.035 0.057 30
31 0.793 0.267 0.041 0.065 31
32 0.386 0.315 0.036 0.058 32
33 0.258 0.695 0.048 0.077 33
34 0.608 0.655 0.042 0.067 34
35 0.831 0.453 0.042 0.067 35
36 0.906 0.778 0.042 0.067 36
37 0.584 0.608 0.047 0.075 37
38 0.674 0.320 0.041 0.065 38
39 0.000 0.088 0.035 0.057 39
40 0.825 0.000 0.044 0.070 40
43 0.680 0.000 0.046 0.073 43
