1 0.727 0.827 0.040 0.063 1
2 0.766 0.530 0.048 0.077 2
3 0.935 0.175 0.044 0.070 3
4 0.354 0.515 0.044 0.070 4
5 0.189 0.738 0.046 0.073 5
6 0.736 0.063 0.048 0.077 6
7 0.260 0.507 0.041 0.065 7
8 0.353 0.208 0.037 0.060 8
9 0.005 0.742 0.048 0.077 9
10 0.376 0.357 0.043 0.068 10
11 0.266 0.065 0.037 0.060 11
12 0.698 0.213 0.047 0.075 12
13 0.543 0.700 0.046 0.073 13
14 0.282 0.648 0.042 0.067 14
15 0.874 0.840 0.044 0.070 15
16 0.275 0.712 0.048 0.077 16
17 0.732 0.930 0.042 0.067 17
18 0.922 0.598 0.042 0.067 18
19 0.561 0.873 0.042 0.067 19
20 0.466 0.573 0.041 0.065 20
21 0.856 0.653 0.046 0.073 21
22 0.126 0.798 0.042 0.067 22
23 0.694 0.670 0.044 0.070 23
24 0.644 0.298 0.042 0.067 24
25 0.936 0.423 0.035 0.057 25
26 0.117 0.228 0.040 0.063 26
27 0.576 0.030 0.044 0.070 27
28 0.469 0.597 0.037 0.060 28
29 0.609 0.303 0.044 0.070 29
30 0.654 0.727 0.037 0.060 30
31 0.800 0.272 0.041 0.065 31
32 0.359 0.287 0.036 0.058 32
33 0.250 0.672 0.046 0.073 33
34 0.608 0.655 0.042 0.067 34
35 0.836 0.445 0.042 0.067 35
36 0.899 0.780 0.042 0.067 36
37 0.588 0.607 0.041 0.065 37
38 0.675 0.302 0.037 0.060 38
39 0.008 0.065 0.048 0.077 39
40 0.832 0.000 0.035 0.057 40
43 0.669 0.022 0.042 0.067 43
