1 0.727 0.822 0.037 0.060 1
2 0.772 0.525 0.047 0.075 2
3 0.931 0.188 0.045 0.072 3
4 0.352 0.522 0.048 0.077 4
5 0.189 0.733 0.048 0.077 5
6 0.735 0.065 0.048 0.077 6
7 0.268 0.517 0.037 0.060 7
8 0.342 0.220 0.041 0.065 8
9 0.003 0.735 0.048 0.077 9
10 0.375 0.337 0.048 0.077 10
11 0.269 0.087 0.040 0.063 11
12 0.694 0.212 0.046 0.073 12
13 0.542 0.690 0.045 0.072 13
14 0.281 0.645 0.043 0.068 14
15 0.875 0.833 0.044 0.070 15
16 0.274 0.712 0.048 0.077 16
17 0.742 0.938 0.042 0.067 17
18 0.925 0.595 0.042 0.067 18
19 0.556 0.883 0.044 0.070 19
20 0.464 0.567 0.037 0.060 20
21 0.858 0.662 0.044 0.070 21
22 0.130 0.807 0.041 0.065 22
23 0.698 0.672 0.037 0.060 23
24 0.637 0.310 0.037 0.060 24
25 0.945 0.417 0.042 0.067 25
26 0.117 0.228 0.048 0.077 26
27 0.578 0.023 0.044 0.070 27
28 0.463 0.607 0.037 0.060 28
29 0.608 0.302 0.042 0.067 29
30 0.652 0.727 0.037 0.060 30
31 0.800 0.268 0.044 0.070 31
32 0.372 0.293 0.036 0.058 32
33 0.254 0.685 0.048 0.077 33
34 0.606 0.657 0.040 0.063 34
35 0.832 0.447 0.042 0.067 35
36 0.902 0.782 0.043 0.068 36
37 0.589 0.612 0.047 0.075 37
38 0.679 0.313 0.041 0.065 38
39 0.014 0.080 0.035 0.057 39
40 0.829 0.000 0.036 0.058 40
43 0.691 0.000 0.043 0.068 43
