1 0.727 0.818 0.041 0.065 1
2 0.771 0.522 0.048 0.077 2
3 0.930 0.192 0.046 0.073 3
4 0.351 0.517 0.045 0.072 4
5 0.192 0.733 0.048 0.077 5
6 0.736 0.062 0.043 0.068 6
7 0.271 0.522 0.043 0.068 7
8 0.347 0.218 0.036 0.058 8
9 0.000 0.735 0.048 0.077 9
10 0.375 0.342 0.046 0.073 10
11 0.269 0.088 0.040 0.063 11
12 0.692 0.210 0.046 0.073 12
13 0.537 0.692 0.042 0.067 13
14 0.279 0.643 0.042 0.067 14
15 0.875 0.830 0.045 0.072 15
16 0.274 0.715 0.044 0.070 16
17 0.746 0.937 0.044 0.070 17
18 0.924 0.597 0.040 0.063 18
19 0.554 0.885 0.041 0.065 19
20 0.464 0.565 0.040 0.063 20
21 0.858 0.665 0.042 0.067 21
22 0.132 0.810 0.044 0.070 22
23 0.696 0.675 0.044 0.070 23
24 0.637 0.315 0.042 0.067 24
25 0.948 0.417 0.037 0.060 25
26 0.114 0.233 0.040 0.063 26
27 0.579 0.030 0.042 0.067 27
28 0.460 0.612 0.037 0.060 28
29 0.609 0.302 0.044 0.070 29
30 0.654 0.733 0.044 0.070 30
31 0.798 0.267 0.042 0.067 31
32 0.374 0.293 0.035 0.057 32
33 0.253 0.688 0.048 0.077 33
34 0.607 0.653 0.043 0.068 34
35 0.833 0.445 0.042 0.067 35
36 0.904 0.780 0.041 0.065 36
37 0.586 0.608 0.042 0.067 37
38 0.679 0.315 0.040 0.063 38
39 0.009 0.085 0.042 0.067 39
40 0.830 0.000 0.037 0.060 40
43 0.695 0.000 0.048 0.077 43
