1 0.725 0.818 0.040 0.063 1
2 0.772 0.518 0.048 0.077 2
3 0.924 0.195 0.035 0.057 3
4 0.352 0.518 0.044 0.070 4
5 0.192 0.732 0.048 0.077 5
6 0.733 0.065 0.048 0.077 6
7 0.274 0.520 0.041 0.065 7
8 0.346 0.222 0.036 0.058 8
9 0.000 0.735 0.048 0.077 9
10 0.375 0.342 0.048 0.077 10
11 0.270 0.095 0.036 0.058 11
12 0.690 0.208 0.043 0.068 12
13 0.542 0.688 0.046 0.073 13
14 0.280 0.640 0.042 0.067 14
15 0.876 0.833 0.044 0.070 15
16 0.273 0.708 0.048 0.077 16
17 0.745 0.940 0.041 0.065 17
18 0.924 0.595 0.040 0.063 18
19 0.548 0.883 0.044 0.070 19
20 0.463 0.563 0.042 0.067 20
21 0.857 0.660 0.042 0.067 21
22 0.135 0.810 0.044 0.070 22
23 0.699 0.675 0.043 0.068 23
24 0.634 0.315 0.036 0.058 24
25 0.949 0.420 0.035 0.057 25
26 0.116 0.230 0.037 0.060 26
27 0.579 0.030 0.041 0.065 27
28 0.458 0.613 0.037 0.060 28
29 0.605 0.307 0.048 0.077 29
30 0.655 0.735 0.048 0.077 30
31 0.799 0.270 0.042 0.067 31
32 0.375 0.297 0.035 0.057 32
33 0.256 0.688 0.048 0.077 33
34 0.607 0.655 0.041 0.065 34
35 0.834 0.445 0.041 0.065 35
36 0.903 0.783 0.044 0.070 36
37 0.589 0.612 0.046 0.073 37
38 0.677 0.317 0.037 0.060 38
39 0.007 0.088 0.042 0.067 39
40 0.828 0.002 0.041 0.065 40
43 0.685 0.003 0.032 0.052 43
