1 0.725 0.818 0.037 0.060 1
2 0.769 0.518 0.048 0.077 2
3 0.924 0.195 0.035 0.057 3
4 0.350 0.518 0.046 0.073 4
5 0.190 0.735 0.047 0.075 5
6 0.734 0.060 0.042 0.067 6
7 0.273 0.518 0.036 0.058 7
8 0.344 0.222 0.034 0.055 8
9 0.000 0.737 0.047 0.075 9
10 0.372 0.338 0.048 0.077 10
11 0.271 0.095 0.037 0.060 11
12 0.692 0.208 0.046 0.073 12
13 0.541 0.690 0.048 0.077 13
14 0.278 0.642 0.045 0.072 14
15 0.877 0.835 0.042 0.067 15
16 0.274 0.713 0.044 0.070 16
17 0.747 0.942 0.042 0.067 17
18 0.924 0.595 0.041 0.065 18
19 0.546 0.885 0.044 0.070 19
20 0.463 0.562 0.042 0.067 20
21 0.856 0.663 0.044 0.070 21
22 0.135 0.810 0.045 0.072 22
23 0.698 0.675 0.044 0.070 23
24 0.634 0.320 0.036 0.058 24
25 0.951 0.418 0.041 0.065 25
26 0.115 0.227 0.048 0.077 26
27 0.575 0.023 0.048 0.077 27
28 0.458 0.612 0.037 0.060 28
29 0.609 0.302 0.046 0.073 29
30 0.655 0.732 0.046 0.073 30
31 0.797 0.265 0.041 0.065 31
32 0.377 0.298 0.036 0.058 32
33 0.256 0.690 0.048 0.077 33
34 0.606 0.658 0.042 0.067 34
35 0.831 0.445 0.042 0.067 35
36 0.904 0.782 0.043 0.068 36
37 0.589 0.612 0.046 0.073 37
38 0.677 0.318 0.041 0.065 38
39 0.009 0.088 0.044 0.070 39
40 0.830 0.000 0.036 0.058 40
43 0.678 0.000 0.048 0.077 43
