1 0.728 0.823 0.037 0.060 1
2 0.767 0.523 0.048 0.077 2
3 0.933 0.183 0.045 0.072 3
4 0.352 0.515 0.046 0.073 4
5 0.191 0.738 0.048 0.077 5
6 0.738 0.065 0.046 0.073 6
7 0.265 0.517 0.041 0.065 7
8 0.349 0.217 0.035 0.057 8
9 0.005 0.738 0.044 0.070 9
10 0.377 0.348 0.045 0.072 10
11 0.268 0.080 0.040 0.063 11
12 0.696 0.210 0.046 0.073 12
13 0.542 0.695 0.046 0.073 13
14 0.282 0.652 0.048 0.077 14
15 0.874 0.835 0.041 0.065 15
16 0.274 0.713 0.044 0.070 16
17 0.740 0.935 0.042 0.067 17
18 0.924 0.595 0.040 0.063 18
19 0.556 0.883 0.044 0.070 19
20 0.466 0.568 0.041 0.065 20
21 0.856 0.657 0.043 0.068 21
22 0.128 0.803 0.041 0.065 22
23 0.698 0.675 0.041 0.065 23
24 0.641 0.303 0.036 0.058 24
25 0.941 0.417 0.037 0.060 25
26 0.114 0.225 0.042 0.067 26
27 0.580 0.032 0.042 0.067 27
28 0.465 0.598 0.045 0.072 28
29 0.606 0.305 0.048 0.077 29
30 0.651 0.723 0.037 0.060 30
31 0.800 0.268 0.041 0.065 31
32 0.368 0.290 0.036 0.058 32
33 0.252 0.683 0.047 0.075 33
34 0.605 0.652 0.046 0.073 34
35 0.836 0.445 0.042 0.067 35
36 0.901 0.782 0.043 0.068 36
37 0.588 0.612 0.047 0.075 37
38 0.680 0.308 0.041 0.065 38
39 0.011 0.078 0.043 0.068 39
40 0.834 0.000 0.040 0.063 40
43 0.682 0.000 0.033 0.053 43
