1 0.728 0.825 0.040 0.063 1
2 0.770 0.527 0.047 0.075 2
3 0.933 0.182 0.044 0.070 3
4 0.351 0.515 0.047 0.075 4
5 0.192 0.737 0.046 0.073 5
6 0.738 0.067 0.048 0.077 6
7 0.265 0.517 0.042 0.067 7
8 0.350 0.215 0.037 0.060 8
9 0.005 0.737 0.047 0.075 9
10 0.377 0.347 0.044 0.070 10
11 0.268 0.075 0.036 0.058 11
12 0.692 0.208 0.046 0.073 12
13 0.536 0.697 0.041 0.065 13
14 0.283 0.648 0.044 0.070 14
15 0.874 0.837 0.042 0.067 15
16 0.274 0.713 0.048 0.077 16
17 0.735 0.935 0.042 0.067 17
18 0.924 0.597 0.042 0.067 18
19 0.557 0.882 0.042 0.067 19
20 0.465 0.568 0.040 0.063 20
21 0.858 0.663 0.042 0.067 21
22 0.128 0.803 0.042 0.067 22
23 0.696 0.677 0.044 0.070 23
24 0.642 0.307 0.040 0.063 24
25 0.942 0.417 0.040 0.063 25
26 0.114 0.230 0.040 0.063 26
27 0.576 0.027 0.048 0.077 27
28 0.465 0.605 0.040 0.063 28
29 0.606 0.305 0.048 0.077 29
30 0.653 0.722 0.034 0.055 30
31 0.799 0.270 0.042 0.067 31
32 0.368 0.290 0.036 0.058 32
33 0.252 0.685 0.048 0.077 33
34 0.606 0.652 0.044 0.070 34
35 0.836 0.445 0.042 0.067 35
36 0.901 0.782 0.041 0.065 36
37 0.588 0.612 0.047 0.075 37
38 0.678 0.308 0.037 0.060 38
39 0.011 0.072 0.036 0.058 39
40 0.832 0.000 0.041 0.065 40
43 0.682 0.000 0.033 0.053 43
