2 0.676 0.325 0.043 0.068 2
3 0.014 0.135 0.048 0.077 3
4 0.708 0.617 0.043 0.068 4
5 0.048 0.688 0.040 0.063 5
6 0.054 0.178 0.048 0.077 6
7 0.814 0.807 0.035 0.057 7
8 0.401 0.618 0.042 0.067 8
10 0.277 0.455 0.043 0.068 10
13 0.024 0.248 0.041 0.065 13
15 0.155 0.528 0.036 0.058 15
16 0.274 0.413 0.036 0.058 16
17 0.641 0.677 0.040 0.063 17
18 0.662 0.370 0.036 0.058 18
19 0.264 0.562 0.036 0.058 19
20 0.754 0.288 0.035 0.057 20
21 0.695 0.503 0.041 0.065 21
23 0.891 1.000 0.043 0.068 23
24 0.650 0.312 0.032 0.052 24
26 0.418 0.698 0.040 0.063 26
27 0.517 0.998 0.035 0.057 27
28 0.414 0.657 0.032 0.052 28
29 0.491 1.000 0.032 0.052 29
30 0.308 0.433 0.032 0.052 30
31 0.727 0.993 0.032 0.052 31
