2 0.664 0.317 0.048 0.077 2
3 0.017 0.135 0.048 0.077 3
4 0.706 0.615 0.041 0.065 4
5 0.027 0.677 0.048 0.077 5
6 0.056 0.175 0.048 0.077 6
7 0.805 0.792 0.048 0.077 7
8 0.404 0.617 0.040 0.063 8
10 0.284 0.450 0.048 0.077 10
13 0.025 0.247 0.040 0.063 13
15 0.142 0.532 0.035 0.057 15
16 0.273 0.417 0.037 0.060 16
17 0.657 0.658 0.034 0.055 17
18 0.657 0.380 0.032 0.052 18
19 0.277 0.562 0.035 0.057 19
20 0.759 0.283 0.035 0.057 20
21 0.696 0.505 0.036 0.058 21
23 0.882 1.000 0.045 0.072 23
24 0.649 0.325 0.044 0.070 24
26 0.419 0.695 0.036 0.058 26
27 0.519 0.997 0.036 0.058 27
28 0.415 0.653 0.034 0.055 28
29 0.491 1.000 0.033 0.053 29
30 0.310 0.435 0.034 0.055 30
31 0.709 1.000 0.032 0.052 31
