2 0.672 0.325 0.035 0.057 2
3 0.017 0.137 0.042 0.067 3
4 0.706 0.613 0.041 0.065 4
5 0.037 0.692 0.040 0.063 5
6 0.051 0.178 0.048 0.077 6
7 0.807 0.797 0.037 0.060 7
8 0.405 0.617 0.036 0.058 8
10 0.278 0.453 0.040 0.063 10
13 0.024 0.247 0.041 0.065 13
15 0.150 0.532 0.036 0.058 15
16 0.274 0.413 0.040 0.063 16
17 0.645 0.667 0.035 0.057 17
18 0.661 0.368 0.044 0.070 18
19 0.268 0.562 0.037 0.060 19
20 0.757 0.285 0.034 0.055 20
21 0.697 0.505 0.040 0.063 21
23 0.887 0.998 0.041 0.065 23
24 0.649 0.317 0.042 0.067 24
26 0.419 0.698 0.035 0.057 26
27 0.520 1.000 0.033 0.053 27
28 0.415 0.655 0.032 0.052 28
29 0.492 1.000 0.034 0.055 29
30 0.308 0.437 0.036 0.058 30
31 0.719 0.992 0.035 0.057 31
