2 0.668 0.320 0.042 0.067 2
3 0.019 0.137 0.042 0.067 3
4 0.706 0.615 0.042 0.067 4
5 0.030 0.687 0.037 0.060 5
6 0.055 0.177 0.048 0.077 6
7 0.805 0.790 0.036 0.058 7
8 0.403 0.618 0.035 0.057 8
10 0.283 0.448 0.042 0.067 10
13 0.028 0.248 0.043 0.068 13
15 0.141 0.533 0.037 0.060 15
16 0.272 0.418 0.041 0.065 16
17 0.653 0.660 0.034 0.055 17
18 0.659 0.378 0.033 0.053 18
19 0.275 0.562 0.035 0.057 19
20 0.757 0.287 0.037 0.060 20
21 0.696 0.507 0.037 0.060 21
23 0.883 1.000 0.044 0.070 23
24 0.652 0.317 0.040 0.063 24
26 0.419 0.697 0.037 0.060 26
27 0.519 1.000 0.033 0.053 27
28 0.415 0.655 0.036 0.058 28
29 0.491 1.000 0.033 0.053 29
30 0.304 0.442 0.037 0.060 30
31 0.714 0.993 0.036 0.058 31
