2 0.666 0.322 0.043 0.068 2
3 0.024 0.135 0.036 0.058 3
4 0.706 0.615 0.041 0.065 4
5 0.026 0.682 0.044 0.070 5
6 0.053 0.180 0.048 0.077 6
7 0.807 0.790 0.042 0.067 7
8 0.405 0.618 0.035 0.057 8
10 0.280 0.445 0.036 0.058 10
13 0.029 0.253 0.048 0.077 13
15 0.143 0.532 0.036 0.058 15
16 0.270 0.412 0.042 0.067 16
17 0.654 0.662 0.035 0.057 17
18 0.658 0.377 0.037 0.060 18
19 0.274 0.562 0.036 0.058 19
20 0.759 0.287 0.037 0.060 20
21 0.697 0.505 0.041 0.065 21
23 0.879 1.000 0.032 0.052 23
24 0.651 0.322 0.042 0.067 24
26 0.420 0.698 0.034 0.055 26
27 0.521 1.000 0.030 0.048 27
28 0.416 0.655 0.036 0.058 28
29 0.491 0.998 0.033 0.053 29
30 0.308 0.433 0.037 0.060 30
31 0.714 0.998 0.030 0.048 31
