2 0.666 0.322 0.040 0.063 2
3 0.018 0.137 0.042 0.067 3
4 0.707 0.615 0.042 0.067 4
5 0.025 0.683 0.042 0.067 5
6 0.054 0.175 0.048 0.077 6
7 0.805 0.783 0.037 0.060 7
8 0.404 0.615 0.036 0.058 8
10 0.281 0.443 0.037 0.060 10
13 0.025 0.247 0.042 0.067 13
15 0.142 0.532 0.036 0.058 15
16 0.271 0.412 0.042 0.067 16
17 0.658 0.663 0.040 0.063 17
18 0.652 0.377 0.035 0.057 18
19 0.278 0.563 0.036 0.058 19
20 0.758 0.287 0.041 0.065 20
21 0.696 0.507 0.037 0.060 21
23 0.879 0.998 0.030 0.048 23
24 0.651 0.322 0.042 0.067 24
26 0.421 0.700 0.036 0.058 26
27 0.519 0.998 0.035 0.057 27
28 0.415 0.653 0.035 0.057 28
29 0.491 1.000 0.033 0.053 29
30 0.310 0.435 0.035 0.057 30
31 0.710 0.995 0.033 0.053 31
