2 0.677 0.320 0.040 0.063 2
3 0.016 0.135 0.048 0.077 3
4 0.707 0.615 0.041 0.065 4
5 0.045 0.692 0.042 0.067 5
6 0.052 0.177 0.048 0.077 6
7 0.812 0.808 0.048 0.077 7
8 0.405 0.617 0.042 0.067 8
10 0.280 0.450 0.048 0.077 10
13 0.028 0.248 0.044 0.070 13
15 0.152 0.528 0.041 0.065 15
16 0.274 0.413 0.036 0.058 16
17 0.641 0.672 0.035 0.057 17
18 0.661 0.370 0.036 0.058 18
19 0.263 0.562 0.034 0.055 19
20 0.754 0.290 0.037 0.060 20
21 0.697 0.505 0.037 0.060 21
23 0.892 0.995 0.042 0.067 23
24 0.646 0.310 0.042 0.067 24
26 0.416 0.698 0.042 0.067 26
27 0.519 1.000 0.035 0.057 27
28 0.414 0.653 0.037 0.060 28
29 0.492 1.000 0.032 0.052 29
30 0.307 0.435 0.035 0.057 30
31 0.724 0.987 0.034 0.055 31
