2 0.676 0.322 0.041 0.065 2
3 0.015 0.133 0.048 0.077 3
4 0.707 0.615 0.041 0.065 4
5 0.046 0.692 0.035 0.057 5
6 0.055 0.177 0.047 0.075 6
7 0.815 0.808 0.048 0.077 7
8 0.405 0.618 0.041 0.065 8
10 0.278 0.453 0.044 0.070 10
13 0.024 0.248 0.041 0.065 13
15 0.153 0.532 0.037 0.060 15
16 0.272 0.413 0.042 0.067 16
17 0.641 0.672 0.036 0.058 17
18 0.661 0.372 0.037 0.060 18
19 0.265 0.563 0.037 0.060 19
20 0.755 0.290 0.042 0.067 20
21 0.696 0.505 0.040 0.063 21
23 0.890 0.995 0.042 0.067 23
24 0.649 0.310 0.048 0.077 24
26 0.419 0.702 0.037 0.060 26
27 0.520 1.000 0.033 0.053 27
28 0.416 0.653 0.035 0.057 28
29 0.492 1.000 0.032 0.052 29
30 0.309 0.435 0.034 0.055 30
31 0.724 0.987 0.034 0.055 31
