2 0.675 0.318 0.042 0.067 2
3 0.016 0.135 0.048 0.077 3
4 0.706 0.617 0.042 0.067 4
5 0.044 0.690 0.040 0.063 5
6 0.054 0.177 0.048 0.077 6
7 0.809 0.802 0.036 0.058 7
8 0.404 0.620 0.035 0.057 8
10 0.278 0.453 0.037 0.060 10
13 0.025 0.248 0.042 0.067 13
15 0.150 0.533 0.040 0.063 15
16 0.274 0.417 0.037 0.060 16
17 0.643 0.667 0.034 0.055 17
18 0.660 0.370 0.040 0.063 18
19 0.268 0.560 0.036 0.058 19
20 0.756 0.287 0.034 0.055 20
21 0.696 0.505 0.040 0.063 21
23 0.887 0.995 0.042 0.067 23
24 0.646 0.313 0.040 0.063 24
26 0.417 0.702 0.042 0.067 26
27 0.520 1.000 0.032 0.052 27
28 0.416 0.653 0.036 0.058 28
29 0.492 1.000 0.033 0.053 29
30 0.309 0.435 0.034 0.055 30
31 0.723 0.992 0.035 0.057 31
