2 0.673 0.317 0.041 0.065 2
3 0.023 0.122 0.045 0.072 3
4 0.707 0.615 0.041 0.065 4
5 0.036 0.692 0.041 0.065 5
6 0.051 0.178 0.048 0.077 6
7 0.812 0.802 0.044 0.070 7
8 0.405 0.618 0.036 0.058 8
10 0.280 0.450 0.037 0.060 10
13 0.025 0.245 0.040 0.063 13
15 0.147 0.532 0.037 0.060 15
16 0.273 0.412 0.040 0.063 16
17 0.646 0.663 0.034 0.055 17
18 0.659 0.368 0.042 0.067 18
19 0.270 0.562 0.037 0.060 19
20 0.756 0.285 0.035 0.057 20
21 0.695 0.507 0.036 0.058 21
23 0.881 1.000 0.037 0.060 23
24 0.655 0.317 0.033 0.053 24
26 0.419 0.697 0.037 0.060 26
27 0.519 1.000 0.034 0.055 27
28 0.414 0.655 0.035 0.057 28
29 0.492 0.998 0.033 0.053 29
30 0.307 0.437 0.035 0.057 30
31 0.719 0.990 0.040 0.063 31
