2 0.677 0.323 0.040 0.063 2
3 0.015 0.132 0.048 0.077 3
4 0.707 0.617 0.042 0.067 4
5 0.046 0.690 0.037 0.060 5
6 0.051 0.177 0.048 0.077 6
7 0.810 0.802 0.042 0.067 7
8 0.404 0.618 0.035 0.057 8
10 0.281 0.452 0.048 0.077 10
13 0.024 0.248 0.041 0.065 13
15 0.154 0.530 0.037 0.060 15
16 0.272 0.412 0.041 0.065 16
17 0.640 0.672 0.035 0.057 17
18 0.664 0.372 0.035 0.057 18
19 0.261 0.562 0.036 0.058 19
20 0.755 0.287 0.035 0.057 20
21 0.696 0.503 0.040 0.063 21
23 0.891 1.000 0.043 0.068 23
24 0.650 0.312 0.032 0.052 24
26 0.421 0.697 0.030 0.048 26
27 0.518 1.000 0.036 0.058 27
28 0.415 0.650 0.035 0.057 28
29 0.493 1.000 0.031 0.050 29
30 0.309 0.437 0.035 0.057 30
31 0.724 0.987 0.034 0.055 31
