2 0.676 0.320 0.041 0.065 2
3 0.021 0.128 0.040 0.063 3
4 0.706 0.617 0.043 0.068 4
5 0.046 0.692 0.036 0.058 5
6 0.057 0.187 0.041 0.065 6
7 0.814 0.807 0.048 0.077 7
8 0.406 0.618 0.042 0.067 8
10 0.279 0.455 0.042 0.067 10
13 0.025 0.245 0.040 0.063 13
15 0.152 0.533 0.040 0.063 15
16 0.272 0.412 0.041 0.065 16
17 0.643 0.670 0.035 0.057 17
18 0.661 0.368 0.040 0.063 18
19 0.265 0.560 0.034 0.055 19
20 0.755 0.288 0.035 0.057 20
21 0.695 0.503 0.041 0.065 21
23 0.889 1.000 0.043 0.068 23
24 0.650 0.310 0.048 0.077 24
26 0.419 0.698 0.036 0.058 26
27 0.518 0.998 0.035 0.057 27
28 0.416 0.652 0.034 0.055 28
29 0.492 1.000 0.033 0.053 29
30 0.307 0.435 0.037 0.060 30
31 0.722 0.990 0.037 0.060 31
