2 0.672 0.317 0.041 0.065 2
3 0.016 0.130 0.048 0.077 3
4 0.707 0.615 0.041 0.065 4
5 0.036 0.692 0.037 0.060 5
6 0.053 0.165 0.046 0.073 6
7 0.809 0.803 0.048 0.077 7
8 0.405 0.618 0.041 0.065 8
10 0.280 0.450 0.040 0.063 10
13 0.026 0.247 0.040 0.063 13
15 0.147 0.532 0.037 0.060 15
16 0.273 0.410 0.042 0.067 16
17 0.647 0.667 0.032 0.052 17
18 0.661 0.372 0.035 0.057 18
19 0.269 0.562 0.037 0.060 19
20 0.757 0.285 0.035 0.057 20
21 0.696 0.503 0.040 0.063 21
23 0.886 1.000 0.043 0.068 23
24 0.654 0.317 0.032 0.052 24
26 0.420 0.700 0.036 0.058 26
27 0.520 1.000 0.033 0.053 27
28 0.415 0.653 0.033 0.053 28
29 0.492 1.000 0.034 0.055 29
30 0.307 0.437 0.035 0.057 30
31 0.719 0.992 0.032 0.052 31
