2 0.677 0.327 0.041 0.065 2
3 0.014 0.133 0.048 0.077 3
4 0.706 0.617 0.042 0.067 4
5 0.051 0.688 0.042 0.067 5
6 0.053 0.172 0.042 0.067 6
7 0.814 0.807 0.037 0.060 7
8 0.403 0.615 0.036 0.058 8
10 0.275 0.457 0.041 0.065 10
13 0.024 0.247 0.041 0.065 13
15 0.157 0.532 0.041 0.065 15
16 0.274 0.413 0.036 0.058 16
17 0.637 0.678 0.034 0.055 17
18 0.664 0.370 0.035 0.057 18
19 0.261 0.562 0.036 0.058 19
20 0.754 0.288 0.035 0.057 20
21 0.696 0.505 0.040 0.063 21
23 0.893 1.000 0.043 0.068 23
24 0.650 0.313 0.032 0.052 24
26 0.420 0.700 0.035 0.057 26
27 0.519 1.000 0.035 0.057 27
28 0.415 0.655 0.035 0.057 28
29 0.491 0.998 0.032 0.052 29
30 0.309 0.435 0.034 0.055 30
31 0.726 0.995 0.033 0.053 31
