2 0.670 0.317 0.041 0.065 2
3 0.020 0.142 0.048 0.077 3
4 0.706 0.615 0.041 0.065 4
5 0.030 0.690 0.042 0.067 5
6 0.054 0.178 0.045 0.072 6
7 0.806 0.792 0.036 0.058 7
8 0.404 0.620 0.036 0.058 8
10 0.284 0.450 0.042 0.067 10
13 0.026 0.247 0.040 0.063 13
15 0.143 0.530 0.042 0.067 15
16 0.271 0.413 0.043 0.068 16
17 0.653 0.662 0.036 0.058 17
18 0.658 0.373 0.037 0.060 18
19 0.273 0.560 0.034 0.055 19
20 0.757 0.285 0.036 0.058 20
21 0.695 0.503 0.041 0.065 21
23 0.880 0.997 0.048 0.077 23
24 0.655 0.315 0.048 0.077 24
26 0.421 0.700 0.033 0.053 26
27 0.520 0.998 0.032 0.052 27
28 0.414 0.655 0.035 0.057 28
29 0.493 1.000 0.032 0.052 29
30 0.309 0.435 0.034 0.055 30
31 0.715 0.993 0.032 0.052 31
