2 0.668 0.320 0.040 0.063 2
3 0.020 0.142 0.048 0.077 3
4 0.706 0.617 0.037 0.060 4
5 0.026 0.682 0.040 0.063 5
6 0.053 0.177 0.046 0.073 6
7 0.806 0.787 0.036 0.058 7
8 0.404 0.608 0.048 0.077 8
10 0.284 0.447 0.042 0.067 10
13 0.027 0.247 0.046 0.073 13
15 0.142 0.532 0.035 0.057 15
16 0.273 0.412 0.043 0.068 16
17 0.657 0.658 0.035 0.057 17
18 0.655 0.378 0.040 0.063 18
19 0.278 0.563 0.035 0.057 19
20 0.760 0.287 0.040 0.063 20
21 0.696 0.503 0.040 0.063 21
23 0.881 0.997 0.043 0.068 23
24 0.649 0.325 0.044 0.070 24
26 0.421 0.690 0.048 0.077 26
27 0.520 1.000 0.033 0.053 27
28 0.416 0.652 0.032 0.052 28
29 0.492 0.998 0.033 0.053 29
30 0.308 0.435 0.033 0.053 30
31 0.711 1.000 0.032 0.052 31
