2 0.672 0.317 0.041 0.065 2
3 0.019 0.140 0.048 0.077 3
4 0.706 0.618 0.043 0.068 4
5 0.031 0.690 0.042 0.067 5
6 0.055 0.178 0.046 0.073 6
7 0.810 0.795 0.041 0.065 7
8 0.404 0.620 0.036 0.058 8
10 0.280 0.448 0.037 0.060 10
13 0.028 0.248 0.044 0.070 13
15 0.144 0.532 0.042 0.067 15
16 0.273 0.417 0.036 0.058 16
17 0.650 0.663 0.035 0.057 17
18 0.660 0.372 0.036 0.058 18
19 0.273 0.560 0.036 0.058 19
20 0.757 0.287 0.035 0.057 20
21 0.695 0.505 0.037 0.060 21
23 0.884 1.000 0.042 0.067 23
24 0.650 0.317 0.041 0.065 24
26 0.419 0.697 0.036 0.058 26
27 0.520 1.000 0.034 0.055 27
28 0.415 0.652 0.033 0.053 28
29 0.493 0.998 0.033 0.053 29
30 0.309 0.437 0.035 0.057 30
31 0.718 0.995 0.034 0.055 31
