2 0.673 0.317 0.041 0.065 2
3 0.022 0.130 0.037 0.060 3
4 0.706 0.617 0.042 0.067 4
5 0.037 0.692 0.040 0.063 5
6 0.051 0.175 0.048 0.077 6
7 0.810 0.803 0.048 0.077 7
8 0.404 0.620 0.036 0.058 8
10 0.278 0.452 0.040 0.063 10
13 0.025 0.245 0.042 0.067 13
15 0.149 0.540 0.048 0.077 15
16 0.273 0.413 0.041 0.065 16
17 0.645 0.665 0.033 0.053 17
18 0.656 0.365 0.035 0.057 18
19 0.268 0.560 0.034 0.055 19
20 0.757 0.287 0.036 0.058 20
21 0.695 0.505 0.040 0.063 21
23 0.887 1.000 0.043 0.068 23
24 0.653 0.317 0.032 0.052 24
26 0.418 0.695 0.042 0.067 26
27 0.521 1.000 0.033 0.053 27
28 0.415 0.652 0.033 0.053 28
29 0.492 1.000 0.032 0.052 29
30 0.307 0.438 0.030 0.048 30
31 0.718 0.993 0.034 0.055 31
