2 0.667 0.322 0.042 0.067 2
3 0.018 0.135 0.043 0.068 3
4 0.707 0.615 0.041 0.065 4
5 0.025 0.682 0.042 0.067 5
6 0.052 0.167 0.044 0.070 6
7 0.804 0.783 0.037 0.060 7
8 0.404 0.617 0.040 0.063 8
10 0.283 0.438 0.048 0.077 10
13 0.024 0.247 0.041 0.065 13
15 0.141 0.532 0.035 0.057 15
16 0.273 0.418 0.037 0.060 16
17 0.658 0.658 0.035 0.057 17
18 0.654 0.378 0.040 0.063 18
19 0.278 0.562 0.035 0.057 19
20 0.759 0.285 0.035 0.057 20
21 0.695 0.507 0.037 0.060 21
23 0.880 1.000 0.045 0.072 23
24 0.652 0.325 0.040 0.063 24
26 0.419 0.698 0.032 0.052 26
27 0.518 1.000 0.032 0.052 27
28 0.414 0.653 0.035 0.057 28
29 0.492 0.998 0.034 0.055 29
30 0.306 0.438 0.032 0.052 30
31 0.711 1.000 0.033 0.053 31
