1 0.931 0.813 0.047 0.075 1
2 0.547 0.288 0.048 0.077 2
4 0.774 0.147 0.048 0.077 4
6 0.600 0.330 0.048 0.077 6
9 0.159 0.950 0.041 0.065 9
10 0.106 0.420 0.042 0.067 10
11 0.955 0.402 0.048 0.077 11
12 0.040 0.535 0.048 0.077 12
13 0.163 0.330 0.047 0.075 13
14 0.830 0.540 0.044 0.070 14
15 0.700 0.405 0.048 0.077 15
16 0.086 0.032 0.048 0.077 16
17 0.550 0.875 0.044 0.070 17
19 0.310 0.692 0.048 0.077 19
22 0.051 0.012 0.048 0.077 22
24 0.004 0.855 0.046 0.073 24
27 0.594 0.608 0.048 0.077 27
