1 0.933 0.825 0.048 0.077 1
2 0.559 0.268 0.048 0.077 2
4 0.761 0.148 0.048 0.077 4
6 0.596 0.327 0.048 0.077 6
9 0.167 0.968 0.048 0.077 9
10 0.125 0.420 0.045 0.072 10
11 0.956 0.430 0.045 0.072 11
12 0.025 0.570 0.048 0.077 12
13 0.167 0.337 0.044 0.070 13
14 0.836 0.515 0.048 0.077 14
15 0.693 0.415 0.048 0.077 15
16 0.100 0.023 0.041 0.065 16
17 0.552 0.875 0.043 0.068 17
19 0.324 0.720 0.041 0.065 19
22 0.069 0.010 0.040 0.063 22
24 0.013 0.842 0.048 0.077 24
27 0.592 0.645 0.044 0.070 27
