1 0.931 0.813 0.048 0.077 1
2 0.549 0.280 0.048 0.077 2
4 0.771 0.145 0.048 0.077 4
6 0.599 0.328 0.047 0.075 6
9 0.161 0.955 0.035 0.057 9
10 0.105 0.422 0.042 0.067 10
11 0.955 0.407 0.044 0.070 11
12 0.037 0.537 0.048 0.077 12
13 0.163 0.325 0.044 0.070 13
14 0.827 0.543 0.048 0.077 14
15 0.698 0.408 0.046 0.073 15
16 0.085 0.023 0.048 0.077 16
17 0.547 0.870 0.048 0.077 17
19 0.310 0.692 0.048 0.077 19
22 0.052 0.010 0.048 0.077 22
24 0.004 0.855 0.046 0.073 24
27 0.594 0.608 0.048 0.077 27
