1 0.934 0.820 0.046 0.073 1
2 0.560 0.268 0.046 0.073 2
4 0.761 0.148 0.048 0.077 4
6 0.592 0.327 0.047 0.075 6
9 0.164 0.965 0.048 0.077 9
10 0.124 0.418 0.045 0.072 10
11 0.959 0.430 0.048 0.077 11
12 0.022 0.570 0.035 0.057 12
13 0.165 0.335 0.046 0.073 13
14 0.835 0.515 0.048 0.077 14
15 0.693 0.417 0.048 0.077 15
16 0.100 0.022 0.042 0.067 16
17 0.554 0.862 0.042 0.067 17
19 0.323 0.715 0.048 0.077 19
22 0.059 0.012 0.040 0.063 22
24 0.013 0.837 0.043 0.068 24
27 0.593 0.645 0.044 0.070 27
