1 0.925 0.823 0.048 0.077 1
2 0.546 0.290 0.045 0.072 2
4 0.772 0.142 0.044 0.070 4
6 0.599 0.320 0.048 0.077 6
9 0.165 0.962 0.046 0.073 9
10 0.102 0.417 0.045 0.072 10
11 0.958 0.408 0.048 0.077 11
12 0.043 0.538 0.045 0.072 12
13 0.161 0.325 0.044 0.070 13
14 0.825 0.543 0.048 0.077 14
15 0.698 0.410 0.048 0.077 15
16 0.086 0.020 0.046 0.073 16
17 0.548 0.873 0.045 0.072 17
19 0.317 0.675 0.048 0.077 19
22 0.052 0.013 0.048 0.077 22
24 0.004 0.855 0.046 0.073 24
27 0.594 0.607 0.048 0.077 27
