1 0.923 0.817 0.048 0.077 1
2 0.547 0.292 0.046 0.073 2
4 0.771 0.147 0.048 0.077 4
6 0.599 0.328 0.046 0.073 6
9 0.164 0.960 0.048 0.077 9
10 0.107 0.420 0.042 0.067 10
11 0.953 0.408 0.048 0.077 11
12 0.042 0.537 0.041 0.065 12
13 0.161 0.330 0.044 0.070 13
14 0.827 0.540 0.048 0.077 14
15 0.697 0.410 0.048 0.077 15
16 0.085 0.023 0.048 0.077 16
17 0.548 0.872 0.044 0.070 17
19 0.314 0.690 0.048 0.077 19
22 0.054 0.003 0.048 0.077 22
24 0.004 0.855 0.046 0.073 24
27 0.592 0.612 0.047 0.075 27
