1 0.933 0.815 0.048 0.077 1
2 0.551 0.292 0.048 0.077 2
4 0.769 0.142 0.048 0.077 4
6 0.597 0.332 0.048 0.077 6
9 0.164 0.958 0.048 0.077 9
10 0.108 0.430 0.048 0.077 10
11 0.959 0.402 0.044 0.070 11
12 0.027 0.542 0.047 0.075 12
13 0.165 0.330 0.048 0.077 13
14 0.831 0.537 0.047 0.075 14
15 0.695 0.405 0.047 0.075 15
16 0.090 0.035 0.043 0.068 16
17 0.548 0.870 0.043 0.068 17
19 0.312 0.698 0.048 0.077 19
22 0.054 0.000 0.048 0.077 22
24 0.000 0.848 0.046 0.073 24
27 0.592 0.622 0.048 0.077 27
