1 0.934 0.813 0.048 0.077 1
2 0.552 0.290 0.048 0.077 2
4 0.770 0.147 0.046 0.073 4
6 0.597 0.328 0.046 0.073 6
9 0.164 0.960 0.045 0.072 9
10 0.107 0.428 0.046 0.073 10
11 0.956 0.417 0.048 0.077 11
12 0.021 0.538 0.036 0.058 12
13 0.163 0.328 0.048 0.077 13
14 0.832 0.538 0.048 0.077 14
15 0.696 0.410 0.048 0.077 15
16 0.085 0.028 0.048 0.077 16
17 0.549 0.870 0.045 0.072 17
19 0.314 0.697 0.046 0.073 19
22 0.052 0.003 0.048 0.077 22
24 0.003 0.853 0.048 0.077 24
27 0.590 0.620 0.044 0.070 27
