1 0.934 0.818 0.047 0.075 1
2 0.560 0.270 0.046 0.073 2
4 0.764 0.143 0.048 0.077 4
6 0.595 0.330 0.048 0.077 6
9 0.164 0.960 0.048 0.077 9
10 0.121 0.420 0.048 0.077 10
11 0.955 0.428 0.045 0.072 11
12 0.025 0.562 0.048 0.077 12
13 0.163 0.333 0.048 0.077 13
14 0.836 0.522 0.048 0.077 14
15 0.693 0.415 0.048 0.077 15
16 0.097 0.020 0.044 0.070 16
17 0.550 0.872 0.042 0.067 17
19 0.321 0.713 0.048 0.077 19
22 0.050 0.007 0.048 0.077 22
24 0.006 0.852 0.046 0.073 24
27 0.591 0.643 0.046 0.073 27
