1 0.931 0.812 0.042 0.067 1
2 0.552 0.290 0.048 0.077 2
4 0.769 0.150 0.048 0.077 4
6 0.595 0.330 0.047 0.075 6
9 0.164 0.965 0.046 0.073 9
10 0.107 0.425 0.042 0.067 10
11 0.958 0.413 0.048 0.077 11
12 0.032 0.537 0.048 0.077 12
13 0.165 0.330 0.048 0.077 13
14 0.831 0.535 0.048 0.077 14
15 0.695 0.412 0.048 0.077 15
16 0.091 0.033 0.042 0.067 16
17 0.550 0.870 0.046 0.073 17
19 0.315 0.697 0.048 0.077 19
22 0.062 0.000 0.048 0.077 22
24 0.000 0.873 0.048 0.077 24
27 0.590 0.623 0.048 0.077 27
