1 0.936 0.818 0.044 0.070 1
2 0.559 0.268 0.048 0.077 2
4 0.760 0.145 0.048 0.077 4
6 0.592 0.332 0.048 0.077 6
9 0.163 0.960 0.042 0.067 9
10 0.126 0.418 0.046 0.073 10
11 0.958 0.430 0.042 0.067 11
12 0.026 0.562 0.048 0.077 12
13 0.160 0.333 0.048 0.077 13
14 0.833 0.513 0.048 0.077 14
15 0.694 0.417 0.048 0.077 15
16 0.098 0.018 0.048 0.077 16
17 0.552 0.875 0.044 0.070 17
19 0.325 0.718 0.046 0.073 19
22 0.059 0.012 0.040 0.063 22
24 0.014 0.843 0.045 0.072 24
27 0.592 0.647 0.047 0.075 27
