1 0.934 0.818 0.048 0.077 1
2 0.560 0.270 0.046 0.073 2
4 0.764 0.148 0.048 0.077 4
6 0.595 0.330 0.048 0.077 6
9 0.166 0.958 0.048 0.077 9
10 0.122 0.427 0.048 0.077 10
11 0.956 0.432 0.048 0.077 11
12 0.025 0.555 0.048 0.077 12
13 0.165 0.333 0.048 0.077 13
14 0.835 0.523 0.047 0.075 14
15 0.691 0.412 0.044 0.070 15
16 0.102 0.023 0.048 0.077 16
17 0.551 0.872 0.047 0.075 17
19 0.320 0.715 0.042 0.067 19
22 0.056 0.000 0.048 0.077 22
24 0.006 0.852 0.046 0.073 24
27 0.592 0.637 0.048 0.077 27
