1 0.927 0.817 0.048 0.077 1
2 0.550 0.292 0.046 0.073 2
4 0.770 0.148 0.048 0.077 4
6 0.597 0.328 0.048 0.077 6
9 0.164 0.965 0.047 0.075 9
10 0.105 0.428 0.048 0.077 10
11 0.954 0.413 0.048 0.077 11
12 0.033 0.538 0.048 0.077 12
13 0.164 0.330 0.048 0.077 13
14 0.831 0.538 0.045 0.072 14
15 0.695 0.410 0.048 0.077 15
16 0.089 0.033 0.040 0.063 16
17 0.549 0.870 0.045 0.072 17
19 0.314 0.697 0.046 0.073 19
22 0.057 0.012 0.048 0.077 22
24 0.000 0.852 0.048 0.077 24
27 0.592 0.617 0.048 0.077 27
