1 0.928 0.808 0.048 0.077 1
2 0.559 0.295 0.048 0.077 2
4 0.766 0.150 0.048 0.077 4
6 0.594 0.332 0.048 0.077 6
9 0.164 0.960 0.045 0.072 9
10 0.114 0.428 0.046 0.073 10
11 0.956 0.423 0.048 0.077 11
12 0.030 0.537 0.048 0.077 12
13 0.166 0.332 0.048 0.077 13
14 0.834 0.532 0.048 0.077 14
15 0.693 0.410 0.045 0.072 15
16 0.092 0.032 0.042 0.067 16
17 0.550 0.870 0.042 0.067 17
19 0.317 0.703 0.046 0.073 19
22 0.059 0.000 0.048 0.077 22
24 0.000 0.847 0.048 0.077 24
27 0.591 0.627 0.048 0.077 27
