1 0.930 0.832 0.041 0.065 1
2 0.560 0.270 0.046 0.073 2
4 0.760 0.150 0.048 0.077 4
6 0.592 0.327 0.048 0.077 6
9 0.167 0.958 0.048 0.077 9
10 0.124 0.420 0.045 0.072 10
11 0.958 0.432 0.044 0.070 11
12 0.025 0.562 0.048 0.077 12
13 0.166 0.333 0.048 0.077 13
14 0.835 0.517 0.048 0.077 14
15 0.690 0.412 0.048 0.077 15
16 0.099 0.018 0.044 0.070 16
17 0.552 0.870 0.044 0.070 17
19 0.324 0.713 0.048 0.077 19
22 0.053 0.000 0.047 0.075 22
24 0.010 0.852 0.047 0.075 24
27 0.592 0.640 0.048 0.077 27
