1 0.925 0.825 0.048 0.077 1
2 0.543 0.292 0.043 0.068 2
4 0.773 0.145 0.048 0.077 4
6 0.602 0.325 0.048 0.077 6
9 0.160 0.960 0.048 0.077 9
10 0.100 0.415 0.048 0.077 10
11 0.954 0.398 0.048 0.077 11
12 0.047 0.540 0.037 0.060 12
13 0.159 0.325 0.045 0.072 13
14 0.824 0.545 0.048 0.077 14
15 0.701 0.412 0.048 0.077 15
16 0.085 0.025 0.040 0.063 16
17 0.547 0.872 0.048 0.077 17
19 0.311 0.685 0.043 0.068 19
22 0.057 0.015 0.035 0.057 22
24 0.003 0.858 0.048 0.077 24
27 0.595 0.605 0.048 0.077 27
