1 0.930 0.808 0.048 0.077 1
2 0.564 0.273 0.048 0.077 2
4 0.765 0.150 0.048 0.077 4
6 0.595 0.328 0.046 0.073 6
9 0.161 0.960 0.048 0.077 9
10 0.120 0.423 0.042 0.067 10
11 0.959 0.427 0.046 0.073 11
12 0.026 0.542 0.048 0.077 12
13 0.164 0.328 0.044 0.070 13
14 0.836 0.525 0.048 0.077 14
15 0.691 0.412 0.044 0.070 15
16 0.099 0.022 0.048 0.077 16
17 0.552 0.875 0.042 0.067 17
19 0.318 0.708 0.047 0.075 19
22 0.046 0.000 0.032 0.052 22
24 0.006 0.857 0.048 0.077 24
27 0.592 0.633 0.046 0.073 27
