1 0.529 0.410 0.041 0.065 1
2 0.208 0.495 0.048 0.077 2
3 0.654 0.445 0.043 0.068 3
4 0.391 0.573 0.043 0.068 4
5 0.673 0.525 0.044 0.070 5
6 0.289 0.188 0.048 0.077 6
7 0.577 0.998 0.037 0.060 7
8 0.674 0.210 0.042 0.067 8
9 0.717 0.763 0.048 0.077 9
10 0.214 0.418 0.048 0.077 10
11 0.335 0.508 0.042 0.067 11
12 0.819 0.658 0.040 0.063 12
13 0.955 0.850 0.035 0.057 13
14 0.343 1.000 0.037 0.060 14
15 0.195 0.362 0.044 0.070 15
16 0.807 0.473 0.041 0.065 16
17 0.905 0.783 0.040 0.063 17
18 0.739 0.107 0.043 0.068 18
20 0.643 0.758 0.047 0.075 20
21 0.165 0.577 0.041 0.065 21
22 0.021 0.760 0.035 0.057 22
23 0.274 0.415 0.048 0.077 23
24 0.041 0.017 0.042 0.067 24
25 0.267 1.000 0.037 0.060 25
