1 0.530 0.413 0.042 0.067 1
2 0.207 0.493 0.048 0.077 2
3 0.652 0.442 0.041 0.065 3
4 0.393 0.573 0.044 0.070 4
5 0.672 0.525 0.044 0.070 5
6 0.289 0.187 0.048 0.077 6
7 0.580 1.000 0.033 0.053 7
8 0.673 0.207 0.041 0.065 8
9 0.718 0.760 0.044 0.070 9
10 0.217 0.428 0.048 0.077 10
11 0.336 0.500 0.041 0.065 11
12 0.810 0.667 0.043 0.068 12
13 0.957 0.853 0.040 0.063 13
14 0.339 1.000 0.036 0.058 14
15 0.191 0.362 0.045 0.072 15
16 0.810 0.477 0.037 0.060 16
17 0.902 0.785 0.040 0.063 17
18 0.738 0.112 0.040 0.063 18
20 0.642 0.762 0.045 0.072 20
21 0.166 0.577 0.042 0.067 21
22 0.015 0.755 0.046 0.073 22
23 0.275 0.412 0.048 0.077 23
24 0.043 0.022 0.037 0.060 24
25 0.268 0.997 0.042 0.067 25
