1 0.535 0.418 0.042 0.067 1
2 0.209 0.492 0.046 0.073 2
3 0.652 0.438 0.044 0.070 3
4 0.396 0.572 0.044 0.070 4
5 0.671 0.525 0.044 0.070 5
6 0.290 0.183 0.048 0.077 6
7 0.584 0.998 0.042 0.067 7
8 0.675 0.208 0.044 0.070 8
9 0.711 0.757 0.048 0.077 9
10 0.219 0.428 0.044 0.070 10
11 0.336 0.488 0.042 0.067 11
12 0.798 0.672 0.044 0.070 12
13 0.961 0.865 0.035 0.057 13
14 0.330 1.000 0.031 0.050 14
15 0.191 0.367 0.044 0.070 15
16 0.817 0.487 0.042 0.067 16
17 0.900 0.790 0.042 0.067 17
18 0.735 0.123 0.040 0.063 18
20 0.642 0.763 0.044 0.070 20
21 0.164 0.577 0.042 0.067 21
22 0.020 0.740 0.037 0.060 22
23 0.282 0.402 0.048 0.077 23
24 0.046 0.027 0.036 0.058 24
25 0.272 0.990 0.046 0.073 25
