1 0.537 0.418 0.041 0.065 1
2 0.209 0.488 0.043 0.068 2
3 0.649 0.440 0.042 0.067 3
4 0.396 0.570 0.042 0.067 4
5 0.668 0.527 0.042 0.067 5
6 0.291 0.178 0.047 0.075 6
7 0.585 0.998 0.042 0.067 7
8 0.672 0.212 0.042 0.067 8
9 0.707 0.757 0.048 0.077 9
10 0.221 0.430 0.043 0.068 10
11 0.343 0.480 0.042 0.067 11
12 0.793 0.668 0.046 0.073 12
13 0.963 0.878 0.041 0.065 13
14 0.345 1.000 0.043 0.068 14
15 0.190 0.373 0.045 0.072 15
16 0.819 0.497 0.035 0.057 16
17 0.898 0.798 0.042 0.067 17
18 0.732 0.132 0.044 0.070 18
20 0.644 0.765 0.048 0.077 20
21 0.168 0.577 0.042 0.067 21
22 0.023 0.733 0.041 0.065 22
23 0.283 0.392 0.046 0.073 23
24 0.044 0.025 0.042 0.067 24
25 0.276 0.982 0.042 0.067 25
