1 0.528 0.408 0.041 0.065 1
2 0.208 0.492 0.047 0.075 2
3 0.654 0.445 0.044 0.070 3
4 0.391 0.573 0.044 0.070 4
5 0.673 0.528 0.044 0.070 5
6 0.287 0.188 0.048 0.077 6
7 0.575 1.000 0.037 0.060 7
8 0.674 0.210 0.042 0.067 8
9 0.719 0.770 0.047 0.075 9
10 0.218 0.418 0.042 0.067 10
11 0.335 0.508 0.042 0.067 11
12 0.818 0.662 0.041 0.065 12
13 0.952 0.843 0.041 0.065 13
14 0.345 1.000 0.043 0.068 14
15 0.195 0.360 0.044 0.070 15
16 0.805 0.473 0.040 0.063 16
17 0.908 0.780 0.042 0.067 17
18 0.739 0.100 0.042 0.067 18
20 0.646 0.758 0.048 0.077 20
21 0.166 0.582 0.048 0.077 21
22 0.021 0.768 0.042 0.067 22
23 0.265 0.413 0.042 0.067 23
24 0.041 0.012 0.043 0.068 24
25 0.265 1.000 0.029 0.047 25
