1 0.529 0.407 0.040 0.063 1
2 0.209 0.493 0.045 0.072 2
3 0.653 0.443 0.042 0.067 3
4 0.391 0.573 0.044 0.070 4
5 0.672 0.525 0.041 0.065 5
6 0.289 0.190 0.046 0.073 6
7 0.574 1.000 0.035 0.057 7
8 0.674 0.208 0.041 0.065 8
9 0.719 0.772 0.044 0.070 9
10 0.217 0.418 0.042 0.067 10
11 0.338 0.513 0.042 0.067 11
12 0.817 0.658 0.042 0.067 12
13 0.950 0.842 0.037 0.060 13
14 0.349 1.000 0.041 0.065 14
15 0.196 0.363 0.044 0.070 15
16 0.805 0.470 0.040 0.063 16
17 0.907 0.785 0.041 0.065 17
18 0.738 0.098 0.042 0.067 18
20 0.646 0.757 0.046 0.073 20
21 0.165 0.570 0.044 0.070 21
22 0.025 0.768 0.036 0.058 22
23 0.266 0.415 0.044 0.070 23
24 0.042 0.013 0.041 0.065 24
25 0.266 1.000 0.030 0.048 25
