1 0.867 0.092 0.048 0.077 1
4 0.274 0.628 0.048 0.077 4
9 0.142 0.000 0.048 0.077 9
10 0.883 0.150 0.048 0.077 10
15 0.537 0.817 0.048 0.077 15
16 0.171 0.038 0.048 0.077 16
17 0.536 0.075 0.045 0.072 17
18 0.726 0.687 0.047 0.075 18
19 0.345 0.503 0.048 0.077 19
25 0.485 0.878 0.047 0.075 25
26 0.322 1.000 0.048 0.077 26
27 0.339 0.032 0.048 0.077 27
29 0.827 0.495 0.046 0.073 29
32 0.988 0.045 0.037 0.060 32
33 0.355 0.157 0.047 0.075 33
37 0.275 0.477 0.048 0.077 37
38 0.864 0.378 0.037 0.060 38
39 0.790 0.505 0.044 0.070 39
41 0.151 1.000 0.033 0.053 41
43 0.461 0.013 0.048 0.077 43
