1 0.865 0.082 0.048 0.077 1
4 0.274 0.628 0.048 0.077 4
9 0.144 0.000 0.047 0.075 9
10 0.882 0.135 0.046 0.073 10
15 0.539 0.817 0.048 0.077 15
16 0.167 0.037 0.048 0.077 16
17 0.539 0.072 0.044 0.070 17
18 0.725 0.695 0.048 0.077 18
19 0.346 0.505 0.048 0.077 19
25 0.484 0.872 0.048 0.077 25
26 0.323 0.997 0.048 0.077 26
27 0.336 0.025 0.048 0.077 27
29 0.824 0.502 0.044 0.070 29
32 0.984 0.042 0.044 0.070 32
33 0.356 0.155 0.047 0.075 33
37 0.277 0.475 0.048 0.077 37
38 0.867 0.372 0.037 0.060 38
39 0.794 0.508 0.047 0.075 39
41 0.151 1.000 0.033 0.053 41
43 0.456 0.013 0.046 0.073 43
