1 0.867 0.085 0.046 0.073 1
4 0.274 0.625 0.048 0.077 4
9 0.154 0.017 0.048 0.077 9
10 0.889 0.150 0.048 0.077 10
15 0.528 0.823 0.044 0.070 15
16 0.184 0.040 0.045 0.072 16
17 0.534 0.080 0.041 0.065 17
18 0.717 0.688 0.044 0.070 18
19 0.341 0.505 0.044 0.070 19
25 0.486 0.885 0.046 0.073 25
26 0.322 0.988 0.048 0.077 26
27 0.343 0.033 0.048 0.077 27
29 0.832 0.485 0.046 0.073 29
32 0.996 0.038 0.044 0.070 32
33 0.348 0.153 0.048 0.077 33
37 0.273 0.480 0.048 0.077 37
38 0.864 0.373 0.032 0.052 38
39 0.792 0.498 0.048 0.077 39
41 0.143 0.998 0.037 0.060 41
43 0.445 0.010 0.048 0.077 43
